tree
version=v4
num_class=1
num_tree_per_iteration=1
label_index=0
max_feature_idx=72
objective=binary sigmoid:1
feature_names=Candle Buy_Qty Sell_Qty Candle_Delta Agg._Liq_Long Agg._Liq_Short CVD Long/Short_Ratio_(Account) Whale_Ind Agg._OI Agg._Funding_Rate RSI Net_Shorts Net_Longs Price_Low Price_High Mid_Price Bid_Qty Ask_Qty Bid_USD Ask_USD Delta_Qty Delta_USD Bid_Trades Ask_Trades total_qty atr cvd_delta btc_cvd_mom ema_fast ema_slow macro_score macro z_cvd_4 z_btc_4 z_cvd_10 z_btc_10 z_cvd_20 z_btc_20 vol_regime z_oi z_ls funding liq_long_5 liq_short_5 z_bid_qty z_ask_qty z_delta_qty z_bid_trades z_ask_trades log_ret_1 log_ret_3 log_ret_5 ret_skew_10 ret_kurt_10 ret_skew_20 ret_kurt_20 atr_ratio cvd_accel atr_ratio_lag1 ret_lag1 price_atr ema_8 ema_21 ema_50 pull_ema8 pull_ema21 pull_ema50 rsi stoch_k liq_long_5_mean liq_short_5_mean btc_CVD
feature_infos=[201:114432] [85363.703125:55299708] [95967.296875:64490492] [-10658984:4479820] [0:6735899] [0:50521852] [-6140518912:-23290058] [0:6.3571634292602539] [0:4.0083999633789062] [0:130679856] [-0.0036420000251382589:0.0084260003641247749] [0:95.419998168945312] [0:59990148] [0:98763712] [0.37000000476837158:5.309999942779541] [0.37000000476837158:5.309999942779541] [0.37000000476837158:5.309999942779541] [0:1587345] [0:1676979.375] [0:769827.1875] [0:983802.1875] [-686842.125:772900.8125] [-403042.625:737994.1875] [0:1564] [0:1739] [0:1143021] [0.0007142850081436336:0.22499997913837433] [-24876032:14441984] [-21120:6673.75] [0.37553152441978455:5.1541242599487305] [0.39352697134017944:4.8594655990600586] [-33.958152770996094:28.267642974853516] [-1:1] [-1.499992847442627:1.4998363256454468] [-1.4995076656341553:1.4999302625656128] [-2.8426508903503418:2.8041772842407227] [-2.7942934036254883:2.8356142044067383] [-4.1918773651123047:3.7711865901947021] [-4.0995550155639648:4.1665973663330078] [-2.1728634834289551:8.9339122772216797] [-9.7234115600585938:6.3155002593994141] [-5.7299752235412598:6.0804586410522461] [-0.0036420000251382589:0.0084260003641247749] [0:34414788] [0:52491368] [-1.7892626523971558:2.8234667778015137] [-2.0616769790649414:2.8291170597076416] [-2.826693058013916:2.8129277229309082] [-1.6111565828323364:2.8191838264465332] [-1.971575140953064:2.7898690700531006] [-0.31481072306632996:0.088947422802448273] [-0.4855077862739563:0.12783336639404297] [-0.4855077862739563:0.1416504830121994] [-3.1622776985168457:3.1622776985168457] [-3:10] [-4.4721360206604004:4.4721360206604004] [-1.6732306480407715:20] [0.30000001192092896:3] [-10683008:12223488] [0.30000001192092896:3] [-0.17062552273273468:0.068319149315357208] [8.888890266418457:1288.001220703125] [0.36762720346450806:5.2518520355224609] [0.36859449744224548:5.2350912094116211] [0.36958834528923035:5.2212514877319336] [-10.889625549316406:10.961445808410645] [-13.21584415435791:13.399379730224609] [-18.907032012939453:16.305940628051758] [0:100] [0:100] [0:1469364.625] [0:2741734.75] [-2645240:-964111.4375]
tree_sizes=858 872 876 772 875 883 982 976 775 879 876 978 881 776 978 982 875 986 773 880 988 878 979 780 975 880 988 874 988 984 883 885 887 881 776 987 886 779 774 990 874 983 888 780 889 987 890 779 981 889 891 893 784 891 994 995 782 981 773 789 887 993 991 784 889 780 987 993 991 995 997 784 886 777 881 985 993 885 883 785 977 785 1004 991 992 994 995 779 784 1003 985 888 990 891 787 791 991 983 995 985

Tree=0
num_leaves=7
num_cat=0
split_feature=26 17 59 2 40 27
split_gain=127.642 54.8164 47.8669 43.0339 3.73934 0.238926
threshold=0.0015000040875747802 67263.851562500015 1.8575147986412051 2545984.6250000005 -0.25006901472806925 -918655.99999999988
decision_type=2 2 2 2 2 2
left_child=4 2 -2 -3 5 -1
right_child=1 3 -4 -5 -6 -7
leaf_value=-1.1506506545885111 -1.2898249563698094 -1.22264691630446 -1.2403478151742089 -1.297304870582378 -1.1827502733280424 -1.1198024960393242
leaf_weight=4.927782505750657 444.2689836025238 70.613432705402374 55.343942224979401 26.977933645248413 6.3725407123565665 8.2487591505050659
leaf_count=10 1829 220 187 114 16 13
internal_value=-1.27348 -1.27761 -1.28433 -1.24323 -1.14759 -1.13096
internal_weight=616.753 597.204 499.613 97.5914 19.5491 13.1765
internal_count=2389 2350 2016 334 39 23
is_linear=0
shrinkage=1


Tree=1
num_leaves=7
num_cat=0
split_feature=26 69 64 11 42 47
split_gain=91.2365 49.3063 82.168 38.7798 2.9551 1.41486
threshold=0.0015000040875747802 78.174571990966811 1.9971252679824831 71.680000305175795 -0.00063750002300366748 -0.19993332028388974
decision_type=2 2 2 2 2 2
left_child=4 2 -2 -3 -1 -6
right_child=1 3 -4 -5 5 -7
leaf_value=0.14997717130573793 0.082218906925323923 0.11595652848176861 0.032621618022404354 0.064847878758560698 0.16754259339596178 0.20762274193055755
leaf_weight=6.3216847777366665 336.11075092852116 127.26389250159264 111.6179683059454 53.169956654310226 5.0129960775375393 10.721293330192561
leaf_count=14 1238 404 498 210 10 15
internal_value=0.0823182 0.0787947 0.0698656 0.100924 0.182444 0.195171
internal_weight=650.219 628.163 447.729 180.434 22.056 15.7343
internal_count=2389 2350 1736 614 39 25
is_linear=0
shrinkage=0.05


Tree=2
num_leaves=7
num_cat=0
split_feature=26 44 46 64 36 36
split_gain=70.2536 49.3302 39.0905 35.6827 28.1122 23.4401
threshold=0.0035714261466637258 1.0000000180025095e-35 -1.2400327920913694 3.4070993661880498 1.3390097022056582 -1.3202228546142576
decision_type=2 2 2 2 2 2
left_child=1 4 -2 -4 -1 -3
right_child=2 5 3 -5 -6 -7
leaf_value=0.027763568191386173 -0.064113618094368635 0.06081922685705056 0.074362366886622039 0.038528217669804146 0.14057631258265091 0.14746779388983708
leaf_weight=20.94304804503918 5.5049825906753531 9.1850076466798765 494.04352344572544 81.569827437400818 7.5839248150587073 61.203719228506088
leaf_count=87 31 32 1747 341 19 132
internal_value=0.0746725 0.113701 0.0680206 0.069293 0.0579302 0.136232
internal_weight=680.034 98.9157 581.118 575.613 28.527 70.3887
internal_count=2389 270 2119 2088 106 164
is_linear=0
shrinkage=0.05


Tree=3
num_leaves=6
num_cat=0
split_feature=26 65 64 11 40
split_gain=59.0231 40.5285 50.6953 37.8792 2.15467
threshold=0.0015000040875747802 0.87208423018455516 3.4070993661880498 71.680000305175795 -0.25006901472806925
decision_type=2 2 2 2 2
left_child=4 2 -2 -3 -1
right_child=1 3 -4 -5 -6
leaf_value=0.15412457770844132 0.063981805489486829 0.10161866853280276 0.015230730012631036 0.051850895890207187 0.11912368811487806
leaf_weight=17.282768145203594 441.79809734225273 121.99604099988937 60.962455421686172 56.424010813236237 8.2057172209024412
leaf_count=23 1529 342 271 208 16
internal_value=0.0681853 0.0653766 0.0580804 0.085908 0.143053
internal_weight=706.669 681.181 502.761 178.42 25.4885
internal_count=2389 2350 1800 550 39
is_linear=0
shrinkage=0.05


Tree=4
num_leaves=7
num_cat=0
split_feature=26 11 46 11 34 58
split_gain=49.4544 60.2923 32.9066 30.0521 24.4999 13.1379
threshold=0.0035714261466637258 27.60000038146973 -1.2400327920913694 57.609998703002937 -1.023240804672241 1006464.0000000001
decision_type=2 2 2 2 2 2
left_child=1 4 -2 -4 -1 -3
right_child=2 5 3 -5 -6 -7
leaf_value=-0.066082230911900297 -0.064114519497728159 0.10866528649389728 0.049943409095197761 0.073045922880700512 0.054761234283259679 0.16602947418015368
leaf_weight=4.9271187782287589 5.5047837346792212 64.186504915356636 394.88395582139492 221.38767632842064 27.118976935744286 12.325103104114531
leaf_count=26 31 138 1398 690 91 15
internal_value=0.0626166 0.093827 0.0571594 0.0582508 0.0360254 0.117971
internal_weight=730.334 108.558 621.776 616.272 32.0461 76.5116
internal_count=2389 270 2119 2088 117 153
is_linear=0
shrinkage=0.05


Tree=5
num_leaves=7
num_cat=0
split_feature=26 41 30 6 10 47
split_gain=42.8551 29.1957 33.1111 29.0027 1.85309 0.861644
threshold=0.0015000040875747802 0.57037594914436351 3.3970674276351933 -2399981695.9999995 -0.00063750002300366748 -0.19993332028388974
decision_type=2 2 2 2 2 2
left_child=4 3 -3 -2 -1 -6
right_child=1 2 -4 -5 5 -7
leaf_value=0.095666571081609003 0.054950465099397418 0.049265833074920579 -0.0018094857867086925 0.082794884641234245 0.10822429010971356 0.13645944196532214
leaf_weight=7.8734392672777203 318.89227595925331 234.35791638493538 36.483587443828583 133.96342784166336 6.2922399491071763 13.614211380481715
leaf_count=14 1039 781 162 368 10 15
internal_value=0.0577617 0.0554093 0.0423673 0.0631984 0.118862 0.127786
internal_weight=751.477 723.697 270.842 452.856 27.7799 19.9065
internal_count=2389 2350 943 1407 39 25
is_linear=0
shrinkage=0.05


Tree=6
num_leaves=8
num_cat=0
split_feature=26 11 34 11 56 11 58
split_gain=38.9146 40.9968 30.8558 27.7696 49.4832 30.8809 11.541
threshold=0.0042678564786911019 27.60000038146973 -1.023240804672241 57.609998703002937 -0.24923217296600339 71.680000305175795 1006464.0000000001
decision_type=2 2 2 2 2 2 2
left_child=1 2 -1 4 -2 -5 -3
right_child=3 6 -4 5 -6 -7 -8
leaf_value=-0.066434994944319661 0.0065065244847748215 0.089708004282083045 0.055340367942402338 0.072849613584731202 0.049408224009695953 0.031568403825702737 0.13939309148265722
leaf_weight=5.8983857333660117 85.964016318321228 74.722410812973976 42.172900825738907 172.32189007103443 312.76474313437939 62.131351456046104 14.414994925260542
leaf_count=31 340 156 129 474 1025 217 17
internal_value=0.0534884 0.0776886 0.0402944 0.0482364 0.0401714 0.0619312 0.097799
internal_weight=770.391 137.209 48.0713 633.182 398.729 234.453 89.1374
internal_count=2389 333 160 2056 1365 691 173
is_linear=0
shrinkage=0.05


Tree=7
num_leaves=8
num_cat=0
split_feature=17 56 54 41 2 44 9
split_gain=34.1811 28.0383 34.9875 22.6824 21.4826 34.4371 25.2836
threshold=67263.851562500015 0.90807601809501659 0.63531953096389782 1.0367087721824648 2545984.6250000005 20497.969726562504 97816972.000000015
decision_type=2 2 2 2 2 2 2
left_child=1 2 -1 -3 6 -6 -2
right_child=4 3 -4 -5 5 -7 -8
leaf_value=0.042672246230890068 0.092114243512276442 0.063758864164298809 0.0018043158875842278 0.032894113220604135 0.10978010863444908 0.0060864974471071531 0.013014394128537207
leaf_weight=269.46630671620369 93.706590384244919 228.32431794703007 65.324629560112953 81.589269459247589 11.763682499527929 25.430497199296951 11.491129606962202
leaf_count=876 194 633 251 277 24 94 40
internal_value=0.0497024 0.044785 0.034713 0.0556494 0.0719315 0.0390169 0.0835214
internal_weight=787.096 644.705 334.791 309.914 142.392 37.1942 105.198
internal_count=2389 2037 1127 910 352 118 234
is_linear=0
shrinkage=0.05


Tree=8
num_leaves=6
num_cat=0
split_feature=26 67 52 56 38
split_gain=32.4173 24.0375 25.4907 1.78648 0.852381
threshold=0.0015000040875747802 -5.9390010833740225 -0.056899376213550561 18.322241783142093 -0.31411349773406977
decision_type=2 2 2 2 2
left_child=3 -2 -3 -1 -5
right_child=1 2 -4 4 -6
leaf_value=0.076155189223285569 -0.069821487487049125 0.10686967242409671 0.043650072139312643 0.087974757212288313 0.11441523813389104
leaf_weight=8.3786982297897357 4.5507310330867758 16.407837942242622 751.79074031114578 6.6816417127847716 14.427692651748654
leaf_count=14 22 34 2294 10 15
internal_value=0.0462994 0.0443242 0.0450069 0.0978921 0.106283
internal_weight=802.237 772.749 768.199 29.488 21.1093
internal_count=2389 2350 2328 39 25
is_linear=0
shrinkage=0.05


Tree=9
num_leaves=7
num_cat=0
split_feature=26 11 46 59 25 58
split_gain=29.9242 31.4408 25.5218 24.0201 23.2666 9.33607
threshold=0.0042678564786911019 27.60000038146973 -1.2400327920913694 1.8575147986412051 297.89999389648443 1006464.0000000001
decision_type=2 2 2 2 2 2
left_child=1 4 -2 -4 -1 -3
right_child=2 5 3 -5 -6 -7
leaf_value=-0.070702769702348275 -0.066285878140015811 0.073819742541718789 0.036042382470679341 0.064838206405854373 0.043112191244177686 0.11715408879790075
leaf_weight=4.9494237303733817 5.6983444243669501 79.307169377803802 581.57375945150852 83.344683825969696 45.686154186725616 15.348546117544172
leaf_count=24 30 156 1815 211 136 17
internal_value=0.0432276 0.0638529 0.0387516 0.0396593 0.0318885 0.0808993
internal_weight=815.908 145.291 670.617 664.918 50.6356 94.6557
internal_count=2389 333 2056 2026 160 173
is_linear=0
shrinkage=0.05


Tree=10
num_leaves=7
num_cat=0
split_feature=26 65 15 11 11 58
split_gain=27.6609 22.8355 30.3598 25.2519 1.67844 4.2759
threshold=0.0015000040875747802 0.87208423018455516 3.6149998903274541 71.680000305175795 53.889999389648445 -1026303.9999999999
decision_type=2 2 2 2 2 2
left_child=4 2 -2 -3 5 -1
right_child=1 3 -4 -5 -6 -7
leaf_value=-0.069948191449026295 0.036883470362248746 0.064432843811424154 -0.0053954388293242167 0.027058388740103051 0.10069371538481975 0.079549158675196296
leaf_weight=0.45880523324012834 539.86070518195629 145.82195667922497 45.864632874727249 66.288432314991951 14.889024764299391 14.593359291553497
leaf_count=2 1616 342 184 208 16 21
internal_value=0.04046 0.0386782 0.0335643 0.0527762 0.087773 0.0746601
internal_weight=827.777 797.836 585.725 212.11 29.9412 15.0522
internal_count=2389 2350 1800 550 39 23
is_linear=0
shrinkage=0.05


Tree=11
num_leaves=8
num_cat=0
split_feature=17 51 36 2 28 65 56
split_gain=26.4858 24.5382 26.0375 16.6577 27.7661 20.4246 6.84149
threshold=67263.851562500015 -0.047709373757243149 -1.5268019437789915 2545984.6250000005 -1414.5624999999998 0.92056667804718029 6.0888116359710702
decision_type=2 2 2 2 2 2 2
left_child=1 6 -3 5 -5 -2 -1
right_child=3 2 -4 4 -6 -7 -8
leaf_value=0.12114836075306012 0.05145400049321186 0.0078446237295492147 0.036262281664992811 0.10091177043163176 0.0041018153189693761 0.09692658969359165 0.051804693189452522
leaf_weight=9.9101906269788724 74.556040123105049 94.245956748723984 576.55700358748436 9.9529637396335584 29.421564564108849 37.650279626250267 6.0446646064519873
leaf_count=15 178 326 1681 19 99 56 15
internal_value=0.0379392 0.033746 0.0322771 0.0569041 0.0287001 0.0667567 0.0951902
internal_weight=838.339 686.758 670.803 151.581 39.3745 112.206 15.9549
internal_count=2389 2037 2007 352 118 234 30
is_linear=0
shrinkage=0.05


Tree=12
num_leaves=7
num_cat=0
split_feature=26 46 69 28 10 21
split_gain=25.3052 21.2688 19.5541 5.11852 1.69647 0.520427
threshold=0.0015000040875747802 -1.2400327920913694 78.174571990966811 488.81250000000006 -0.00063750002300366748 -11093.249023437498
decision_type=2 2 2 2 2 2
left_child=4 3 -3 -2 -1 -6
right_child=1 2 -4 -5 5 -7
leaf_value=0.060063441517364535 -0.068007572291184884 0.029728143945148618 0.046830279043757195 0.021389939652749723 0.077549577897784189 0.097821166966925208
leaf_weight=8.5055127888917941 6.2617537528276426 571.03057406842709 238.68777121603489 2.049342542886734 9.7547180801630038 11.728034019470213
leaf_count=14 32 1706 605 7 13 12
internal_value=0.0356196 0.0339554 0.0347757 -0.0453624 0.0808514 0.0888491
internal_weight=848.018 818.029 809.718 8.3111 29.9883 21.4828
internal_count=2389 2350 2311 39 39 25
is_linear=0
shrinkage=0.05


Tree=13
num_leaves=6
num_cat=0
split_feature=26 67 65 56 44
split_gain=23.3846 19.4322 20.0716 1.75619 0.604623
threshold=0.0015000040875747802 -5.9390010833740225 -1.1567320227622984 18.322241783142093 113738.94531250001
decision_type=2 2 2 2 2
left_child=3 -2 -3 -1 -5
right_child=1 2 -4 4 -6
leaf_value=0.056136545969202804 -0.070413387500583888 0.048265159610306273 0.028589553466177916 0.069550497525883673 0.092145191223084622
leaf_weight=8.5588977783918399 4.5832249969243994 162.6305410861969 659.43527859449387 6.7828174233436611 14.561813831329344
leaf_count=14 22 431 1897 10 15
internal_value=0.0334932 0.0319115 0.0324881 0.0770483 0.0851994
internal_weight=856.553 826.649 822.066 29.9035 21.3446
internal_count=2389 2350 2328 39 25
is_linear=0
shrinkage=0.05


Tree=14
num_leaves=8
num_cat=0
split_feature=17 36 65 2 4 9 70
split_gain=22.9643 20.6608 22.2864 14.5463 25.7048 19.4855 4.9104
threshold=67263.851562500015 -2.4558619260787959 -1.1567320227622984 2545984.6250000005 183279.53906250003 97816972.000000015 214715.45312500003
decision_type=2 2 2 2 2 2 2
left_child=1 6 -3 5 -5 -2 -1
right_child=3 2 -4 4 -6 -7 -8
leaf_value=-0.074371491930732628 0.065259557075114549 0.04661067157530005 0.02417329934641058 -0.013897900480583834 0.065845462099045432 -0.00029372329848375667 0.0094416939687419835
leaf_weight=6.0042810887098295 102.52976381778717 138.70683413743973 561.76597818732262 21.702984631061554 18.785081088542938 12.574627682566641 2.3238450139760971
leaf_count=27 194 360 1642 76 42 40 8
internal_value=0.0315227 0.0276881 0.0286235 0.0489589 0.0229768 0.0580547 -0.0503842
internal_weight=864.393 708.801 700.473 155.592 40.4881 115.104 8.32813
internal_count=2389 2037 2002 352 118 234 35
is_linear=0
shrinkage=0.05


Tree=15
num_leaves=8
num_cat=0
split_feature=56 54 19 55 14 38 21
split_gain=21.3385 32.414 33.827 18.2587 16.7238 24.2893 16.266
threshold=0.90807601809501659 1.4869109988212588 52510.119140625007 -0.00051239349704701443 0.7007499933242799 -2.0716220140457149 -700.75024414062489
decision_type=2 2 2 2 2 2 2
left_child=1 2 -1 -3 5 -2 -6
right_child=4 3 -4 -5 6 -7 -8
leaf_value=0.018101343329881475 -0.013877640572576667 0.0095039287046072736 0.053709565865838041 -0.06334890376556572 0.023327576134098232 0.061858481323541763 0.046668689248116971
leaf_weight=310.21866138279438 11.695291981101034 18.089528396725655 85.293698415160179 16.22574970126152 210.87947256863117 101.9928540289402 116.93277652561665
leaf_count=940 39 57 200 70 592 198 293
internal_value=0.0297003 0.0217424 0.025793 -0.0247983 0.0374365 0.0540234 0.0316688
internal_weight=871.328 429.828 395.512 34.3153 441.5 113.688 327.812
internal_count=2389 1267 1140 127 1122 237 885
is_linear=0
shrinkage=0.05


Tree=16
num_leaves=7
num_cat=0
split_feature=26 46 41 23 40 37
split_gain=21.171 18.2712 18.5508 4.79663 1.75847 0.283235
threshold=0.0015000040875747802 -1.2400327920913694 0.57037594914436351 55.500000000000007 -0.25006901472806925 -1.4496693611145017
decision_type=2 2 2 2 2 2
left_child=4 3 -3 -2 5 -1
right_child=1 2 -4 -5 -6 -7
leaf_value=0.068447559885907977 -0.068402414804240086 0.033017354110746334 0.017587894659168532 0.017137117061236228 0.050828522479696596 0.086072692576144236
leaf_weight=8.3326093405485189 6.3237706869840604 528.02978205680847 311.5797053873539 2.097191795706749 9.6278543770313245 11.404364466667175
leaf_count=11 32 1384 927 7 16 12
internal_value=0.0280135 0.0265587 0.0272974 -0.0465055 0.0698564 0.078885
internal_weight=877.395 848.03 839.609 8.42096 29.3648 19.737
internal_count=2389 2350 2311 39 39 23
is_linear=0
shrinkage=0.05


Tree=17
num_leaves=8
num_cat=0
split_feature=64 69 11 65 36 26 2
split_gain=20.3335 34.9722 35.7163 26.6771 23.4783 25.5575 4.52903
threshold=1.9971252679824831 75.000080108642592 71.680000305175795 -1.0495391488075254 -2.4558619260787959 0.0099999927915632742 8394849.5000000019
decision_type=2 2 2 2 2 2 2
left_child=4 3 -3 -2 6 -6 -1
right_child=1 2 -4 -5 5 -7 -8
leaf_value=-0.073933615847453213 0.0324715526252242 0.056414902115236878 -0.011550919137829718 -0.015904491282171682 0.024609051739800269 0.045495986268785475 0.0071146983756524814
leaf_weight=6.1700488328933698 39.852513238787651 68.276925787329674 26.806674972176552 99.916014805436134 409.79990576207638 229.69461077451706 2.2420183718204498
leaf_count=28 115 150 91 366 1074 558 7
internal_value=0.0264477 0.0138051 0.0372009 -0.00207515 0.0310226 0.0321191 -0.0517379
internal_weight=882.759 234.852 95.0836 139.769 647.907 639.495 8.41207
internal_count=2389 722 241 481 1667 1632 35
is_linear=0
shrinkage=0.05


Tree=18
num_leaves=6
num_cat=0
split_feature=26 67 52 27 71
split_gain=20.2259 17.1226 16.1373 1.71272 1.5498
threshold=0.0015000040875747802 -5.9390010833740225 -0.056899376213550561 -2415103.9999999995 35235.503906250007
decision_type=2 2 2 2 2
left_child=3 -2 -3 -1 -5
right_child=1 2 -4 4 -6
leaf_value=0.037115015430373224 -0.071609683248554379 0.07000699598051735 0.023068549852660832 0.043901982894144147 0.078606879000494553
leaf_weight=4.9086550027132061 4.6717799156904212 18.835857167840004 835.33908019959927 4.7551377266645458 19.253088667988777
leaf_count=9 22 34 2294 8 22
internal_value=0.0249768 0.023583 0.0241095 0.0662025 0.0719414
internal_weight=887.764 858.847 854.175 28.9169 24.0082
internal_count=2389 2350 2328 39 30
is_linear=0
shrinkage=0.05


Tree=19
num_leaves=7
num_cat=0
split_feature=26 11 34 21 59 58
split_gain=19.7116 22.8255 21.7787 21.4421 20.0973 8.63498
threshold=0.0042678564786911019 27.60000038146973 -1.023240804672241 -231551.85937499997 1.8575147986412051 1006464.0000000001
decision_type=2 2 2 2 2 2
left_child=1 2 -1 -2 -5 -3
right_child=3 5 -4 4 -6 -7
leaf_value=-0.071356459913282919 -0.080839684622687327 0.04791134388086344 0.025704261453352497 0.017802495572146294 0.042981721447042348 0.089162574272982797
leaf_weight=6.5322416722774497 5.1928489804267874 82.727253839373589 49.032909214496613 642.31873796880245 90.832527905702591 15.432038575410841
leaf_count=31 22 156 129 1827 207 17
internal_value=0.0236114 0.0399336 0.0142038 0.0202063 0.0209289 0.0544476
internal_weight=892.069 153.724 55.5652 738.344 733.151 98.1593
internal_count=2389 333 160 2056 2034 173
is_linear=0
shrinkage=0.05


Tree=20
num_leaves=8
num_cat=0
split_feature=65 65 5 42 11 12 6
split_gain=19.1395 27.1445 27.4893 21.9851 19.5997 24.2195 24.0067
threshold=0.87208423018455516 -1.1567320227622984 11821.040039062502 -0.00052250002045184363 71.680000305175795 24537178.000000004 -2648440191.9999995
decision_type=2 2 2 2 2 2 2
left_child=1 3 -3 -1 5 -2 -6
right_child=4 2 -4 -5 6 -7 -8
leaf_value=0.0076302625148404277 0.020560906236356907 0.019025309454903258 -0.0079369787908282023 0.044868927852890317 -0.01194456647939738 0.059549115209970097 0.044994636935570632
leaf_weight=56.842665389180183 67.029365181922913 331.06565254926682 132.01211938261986 133.62356308102608 41.97532069683075 99.945359066128731 32.988240569829941
leaf_count=163 169 928 424 309 137 185 74
internal_value=0.0223431 0.0178796 0.0113282 0.0337817 0.0343797 0.0439279 0.0130452
internal_weight=895.482 653.544 463.078 190.466 241.938 166.975 74.9636
internal_count=2389 1824 1352 472 565 354 211
is_linear=0
shrinkage=0.05


Tree=21
num_leaves=7
num_cat=0
split_feature=26 46 41 23 10 47
split_gain=18.0355 15.8295 15.8997 4.4381 1.78123 1.11997
threshold=0.0015000040875747802 -1.2400327920913694 0.57037594914436351 55.500000000000007 -0.00063750002300366748 -0.19993332028388974
decision_type=2 2 2 2 2 2
left_child=4 3 -3 -2 -1 -6
right_child=1 2 -4 -5 5 -7
leaf_value=0.039325648647992886 -0.068836847689959638 0.025767385914478663 0.011677440642948679 0.012312880091808033 0.049682916565826976 0.07800297207146123
leaf_weight=7.9705286324024227 6.373687416315077 542.29177601635456 320.0232324898243 2.1576031148433685 6.4175041168928209 13.517053782939906
leaf_count=14 32 1384 927 7 10 15
internal_value=0.021146 0.0198695 0.0205441 -0.0477276 0.060801 0.0691368
internal_weight=898.751 870.846 862.315 8.53129 27.9051 19.9346
internal_count=2389 2350 2311 39 39 25
is_linear=0
shrinkage=0.05


Tree=22
num_leaves=8
num_cat=0
split_feature=17 27 25 65 19 7 27
split_gain=17.0446 17.5492 28.0806 27.8306 13.7474 33.4927 7.51839
threshold=67263.851562500015 393984.00000000006 15035.149902343752 -1.1567320227622984 67598.832031250015 2.3712596893310551 -47487.999999999993
decision_type=2 2 2 2 2 2 2
left_child=1 3 -3 -1 6 -6 -2
right_child=4 2 -4 -5 5 -7 -8
leaf_value=0.030728675615955575 0.036662449183632019 0.033776042428333229 -0.047062863046329333 0.0050965983238045161 0.0062169561181825766 0.062262973857998352 0.079454582842673552
leaf_weight=145.53248479962349 20.091203689575195 193.62443473935127 11.323298782110212 391.35326454043388 76.04960110783577 41.23834653198719 22.385361075401306
leaf_count=364 43 468 42 1163 205 71 33
internal_value=0.0200246 0.0168212 0.0292853 0.0120539 0.0348678 0.0259653 0.0593318
internal_weight=901.598 741.833 204.948 536.886 159.765 117.288 42.4766
internal_count=2389 2037 510 1527 352 276 76
is_linear=0
shrinkage=0.05


Tree=23
num_leaves=6
num_cat=0
split_feature=26 67 64 40 27
split_gain=16.7983 15.2787 15.4959 1.9649 0.361932
threshold=0.0015000040875747802 -5.9390010833740225 3.4070993661880498 -0.25006901472806925 -918655.99999999988
decision_type=2 2 2 2 2
left_child=3 -2 -3 4 -1
right_child=1 2 -4 -5 -6
leaf_value=0.055386645354823197 -0.072043650648232163 0.020736043326661485 0.00034523105189199405 0.037484830481260854 0.074626804443309033
leaf_weight=6.8711228221654919 4.6884447038173667 765.60226638615131 106.65214024484158 9.0753062665462476 11.258385360240938
leaf_count=10 22 1986 342 16 13
internal_value=0.0189687 0.0177601 0.0182486 0.0577446 0.0676105
internal_weight=904.148 876.943 872.254 27.2048 18.1295
internal_count=2389 2350 2328 39 23
is_linear=0
shrinkage=0.05


Tree=24
num_leaves=8
num_cat=0
split_feature=69 64 55 20 65 34 48
split_gain=16.4575 31.5726 27.4704 21.6632 16.7479 12.8497 6.53397
threshold=78.174571990966811 3.4070993661880498 -0.31522651016712183 186772.97656250003 0.4799064844846726 -1.4243944883346555 0.26148796081542974
decision_type=2 2 2 2 2 2 2
left_child=1 2 -1 -3 6 -6 -2
right_child=4 3 -4 -5 5 -7 -8
leaf_value=0.030461106262078992 0.038939282245369834 -0.02459961626228593 0.0081540028273684086 0.11005612909968172 0.089080522438539422 0.022986072524863243 0.1016370438371153
leaf_weight=237.21253041923046 7.5376556515693691 65.516649633646011 332.03742979466915 3.1183509528636923 7.6440375447273246 242.97637800872326 10.268275231122969
leaf_count=573 17 245 937 5 11 588 13
internal_value=0.0179771 0.0135913 0.0174584 -0.0184088 0.0283808 0.0250219 0.0753765
internal_weight=906.311 637.885 569.25 68.635 268.426 250.62 17.8059
internal_count=2389 1760 1510 250 629 599 30
is_linear=0
shrinkage=0.05


Tree=25
num_leaves=7
num_cat=0
split_feature=26 49 40 56 11 56
split_gain=15.7567 14.5376 28.1598 22.3189 6.18908 1.3747
threshold=0.0015000040875747802 0.90020665526390087 2.0134545564651494 -0.54330646991729725 30.820000648498539 18.322241783142093
decision_type=2 2 2 2 2 2
left_child=4 3 -3 -2 -1 -6
right_child=1 2 -4 -5 5 -7
leaf_value=-0.026510956243794088 -0.011048144400228426 0.033277022066255491 -0.049103706984879182 0.015957789847991601 0.042274750078993881 0.070395846350108968
leaf_weight=2.0567578673362759 87.265472814440727 174.19163031876087 10.982910886406897 609.32525065541267 7.3265143781900433 17.120666041970253
leaf_count=6 276 408 40 1626 12 21
internal_value=0.0170402 0.0158904 0.0283639 0.0125674 0.0551021 0.0621728
internal_weight=908.269 881.765 185.175 696.591 26.5039 24.4472
internal_count=2389 2350 448 1902 39 33
is_linear=0
shrinkage=0.05


Tree=26
num_leaves=8
num_cat=0
split_feature=65 64 55 10 35 7 41
split_gain=14.9694 21.7515 26.1944 22.8709 16.8058 15.4985 3.77521
threshold=0.87208423018455516 3.4070993661880498 -0.31522651016712183 -0.00034549999691080297 -1.7025775313377378 1.7752276062965395 -0.7041075825691222
decision_type=2 2 2 2 2 2 2
left_child=1 2 -1 -3 6 -6 -2
right_child=4 3 -4 -5 5 -7 -8
leaf_value=0.02797456207318115 -0.084496082232592987 0.01027554764259986 0.0065610190054608943 -0.044921089830815386 0.012374893813715445 0.038795160263765213 -0.0024062619444985677
leaf_weight=246.15264429152012 3.861482173204422 44.862193375825882 342.11230559647083 32.140765160322189 89.588051959872246 148.81123228371143 2.3993966281414023
leaf_count=589 16 141 964 130 228 314 7
internal_value=0.0161579 0.0122549 0.0155298 -0.0126984 0.0267503 0.0288877 -0.0538349
internal_weight=909.928 665.268 588.265 77.003 244.66 238.399 6.26088
internal_count=2389 1824 1553 271 565 542 23
is_linear=0
shrinkage=0.05


Tree=27
num_leaves=7
num_cat=0
split_feature=26 46 35 11 9 56
split_gain=14.6448 13.8626 14.9991 5.82734 4.14124 1.33415
threshold=0.0015000040875747802 -1.2400327920913694 -1.1724956035614011 30.820000648498539 101708132.00000001 18.322241783142093
decision_type=2 2 2 2 2 2
left_child=3 4 -3 -1 -2 -5
right_child=1 2 -4 5 -6 -7
leaf_value=-0.026457367102380211 -0.069101094519221321 0.0062733666786085138 0.019858544425817921 0.039965475253593799 0.0086889180939914816 0.067998977732745006
leaf_weight=2.056503593921664 6.4214953333139402 322.82914973795414 554.08641164004803 7.1862235516309765 2.1841580420732498 16.460749581456184
leaf_count=6 32 906 1405 12 7 21
internal_value=0.0153265 0.0142389 0.014863 0.052604 -0.0487766 0.0596911
internal_weight=911.225 885.521 876.916 25.7035 8.60565 23.647
internal_count=2389 2350 2311 39 39 33
is_linear=0
shrinkage=0.05


Tree=28
num_leaves=8
num_cat=0
split_feature=26 11 25 26 26 37 41
split_gain=13.8791 18.0806 16.9711 16.7831 37.8085 24.3248 8.95065
threshold=0.0042678564786911019 27.60000038146973 297.89999389648443 0.0099999927915632742 0.012142847757786514 -2.3379098176956172 -1.0014438629150388
decision_type=2 2 2 2 2 2 2
left_child=1 2 -1 5 -5 -2 -3
right_child=3 6 -4 4 -6 -7 -8
leaf_value=-0.0788383017334639 -0.040130852915142956 0.061216642885405417 0.014843366846923341 0.050311460847245561 0.011434088339765636 0.0071567715545377475 0.02939267478559723
leaf_weight=5.3234924823045722 30.6018096357584 36.669637352228165 51.809297010302544 73.88028010725975 412.22065737843513 243.63591212034225 58.271026402711868
leaf_count=24 107 56 136 153 1137 659 117
internal_value=0.0145415 0.0283538 0.00602682 0.0117723 0.0173532 0.00186178 0.0417369
internal_weight=912.412 152.073 57.1328 760.339 486.101 274.238 94.9407
internal_count=2389 333 160 2056 1290 766 173
is_linear=0
shrinkage=0.05


Tree=29
num_leaves=8
num_cat=0
split_feature=17 10 19 51 35 9 56
split_gain=13.4715 18.49 19.6277 15.8683 16.8252 7.57102 5.71621
threshold=73248.398437500015 1.0000000180025095e-35 67598.832031250015 -0.047709373757243149 -1.1724956035614011 59675576.000000007 6.0888116359710702
decision_type=2 2 2 2 2 2 2
left_child=3 2 -2 6 -5 -3 -1
right_child=1 5 -4 4 -6 -7 -8
leaf_value=0.080321944427368674 0.055728287547560429 0.084234771863075986 0.0081402480889144271 -0.00010680106256582948 0.015555341533275188 0.023929847890122181 0.020347771663725197
leaf_weight=11.011404007673265 28.517089784145355 17.974635124206547 91.721378475427628 264.08719639480114 485.64613293111324 7.6920441687107077 6.6192340701818457
leaf_count=15 49 23 231 777 1262 17 15
internal_value=0.0138013 0.0277509 0.0194683 0.0111425 0.0100318 0.0663568 0.0580889
internal_weight=913.269 145.905 120.238 767.364 749.733 25.6667 17.6306
internal_count=2389 320 280 2069 2039 40 30
is_linear=0
shrinkage=0.05


Tree=30
num_leaves=7
num_cat=0
split_feature=26 39 28 21 11 56
split_gain=13.4501 13.7803 35.2279 22.159 5.27749 1.3816
threshold=0.0015000040875747802 -0.34798064827919001 1.0000000180025095e-35 -231551.85937499997 30.820000648498539 18.322241783142093
decision_type=2 2 2 2 2 2
left_child=4 2 -2 -3 -1 -6
right_child=1 3 -4 -5 5 -7
leaf_value=-0.025889085368848472 -0.030485510114125255 -0.06845173133180793 0.021275531671185843 0.015565776570472038 0.036433389808911178 0.065349937844511846
leaf_weight=2.0305819362401989 61.498549461364746 7.9096230864524832 70.569036841392517 749.67754212021828 6.9463282823562631 15.609416142106056
leaf_count=6 206 30 172 1942 12 21
internal_value=0.0130983 0.0120827 -0.00278964 0.014682 0.0496448 0.0566664
internal_weight=914.241 889.655 132.068 757.587 24.5863 22.5557
internal_count=2389 2350 378 1972 39 33
is_linear=0
shrinkage=0.05


Tree=31
num_leaves=7
num_cat=0
split_feature=48 52 56 38 38 56
split_gain=13.3091 20.2489 18.5713 33.6438 17.1167 14.4336
threshold=1.7259756326675417 0.026628880761563781 -0.54330646991729725 -1.2476238608360288 1.5040682554244997 12.29964590072632
decision_type=2 2 2 2 2 2
left_child=2 4 3 -1 -2 -4
right_child=1 -3 5 -5 -6 -7
leaf_value=-0.058165016192164992 0.024566828183393827 -0.087352804755496241 0.011666031760245251 0.0070975227043930684 0.081431473149631686 0.043067521581453959
leaf_weight=26.238715469837189 64.553955718874931 3.4240479618310919 685.75002571940422 79.480120897293091 16.824187487363815 38.808390066027641
leaf_count=104 153 14 1804 219 23 72
internal_value=0.0124318 0.0313294 0.0104956 -0.00905291 0.0363845 0.0133548
internal_weight=915.079 84.8022 830.277 105.719 81.3781 724.558
internal_count=2389 190 2199 323 176 1876
is_linear=0
shrinkage=0.05


Tree=32
num_leaves=7
num_cat=0
split_feature=56 54 19 60 52 49
split_gain=12.3731 26.4372 24.5655 17.187 16.2116 12.2076
threshold=0.90807601809501659 1.4869109988212588 52510.119140625007 0.025480152107775215 -0.020173614844679829 -0.89295485615730275
decision_type=2 2 2 2 2 2
left_child=1 2 -1 5 -3 -2
right_child=3 4 -4 -5 -6 -7
leaf_value=0.0031656162416318309 0.03771441749260343 0.057050549114090424 0.03259420318870495 -0.086770070462798887 -0.047166326515962857 0.014990635763063987
leaf_weight=330.4276534318924 70.349059402942657 4.1821677535772315 90.468436926603317 3.8931068032979956 32.037218540906906 384.20503161847591
leaf_count=940 156 9 200 16 118 950
internal_value=0.0118038 0.00596626 0.00950295 0.0176135 -0.0349946 0.0185185
internal_weight=915.563 457.115 420.896 458.447 36.2194 454.554
internal_count=2389 1267 1140 1122 127 1106
is_linear=0
shrinkage=0.05


Tree=33
num_leaves=7
num_cat=0
split_feature=30 21 26 26 72 71
split_gain=12.1032 22.7603 20.4514 39.3445 18.0425 17.3708
threshold=1.8930494189262392 -118361.19921874999 0.0099999927915632742 0.007857137359678747 -2020087.9374999998 65908.484375000015
decision_type=2 2 2 2 2 2
left_child=2 -2 3 -1 -3 -4
right_child=1 4 5 -5 -6 -7
leaf_value=0.015707884587296262 0.12437681960825867 0.0064218558689518538 0.043330267259822586 -0.023009112226598162 -0.028318528403325771 0.01541886278604108
leaf_weight=341.31175366044044 3.7498000860214225 211.906618013978 94.258098691701889 81.150803104043007 45.373487085103989 138.49901330471039
leaf_count=833 4 602 194 255 154 347
internal_value=0.0112045 0.00207758 0.0148329 0.0082589 0.000275666 0.0267434
internal_weight=916.25 261.03 655.22 422.463 257.28 232.757
internal_count=2389 760 1629 1088 756 541
is_linear=0
shrinkage=0.05


Tree=34
num_leaves=6
num_cat=0
split_feature=46 49 35 40 9
split_gain=12.7124 14.9405 26.5891 20.4221 3.84644
threshold=-1.2400327920913694 -0.89295485615730275 -1.9315456151962278 1.8589459061622622 101708132.00000001
decision_type=2 2 2 2 2
left_child=4 2 -2 -3 -1
right_child=1 3 -4 -5 -6
leaf_value=-0.069285125833207131 -0.082431100047501871 0.011164022455289585 0.033009234905430979 -0.01784700869319961 0.0051088865697327289
leaf_weight=6.4227578341960889 5.1967884153127661 724.55075673758984 112.38062100112438 66.08097742497921 2.215540885925293
leaf_count=32 22 1875 254 199 7
internal_value=0.0106365 0.0112152 0.0278644 0.00873296 -0.0496258
internal_weight=916.847 908.209 117.577 790.632 8.6383
internal_count=2389 2350 276 2074 39
is_linear=0
shrinkage=0.05


Tree=35
num_leaves=8
num_cat=0
split_feature=69 50 18 56 65 70 27
split_gain=12.3497 25.1379 31.6338 22.5845 15.3119 11.1641 5.66847
threshold=78.174571990966811 0.003538955003023148 31495.450195312504 -0.15431918948888776 0.4799064844846726 137310.30468750003 -496383.99999999994
decision_type=2 2 2 2 2 2 2
left_child=1 3 -3 -1 6 -6 -2
right_child=4 2 -4 -5 5 -7 -8
leaf_value=-0.0088511369767008876 0.099290468017351849 -0.046518751564117715 0.014201826248101769 0.015479273939192776 0.0079956274028826959 0.030030868709077271 0.04047232085535761
leaf_weight=121.49009914696217 7.034875392913821 46.921966299414635 39.339157029986382 440.06712460517883 161.86420361697674 89.924255326390266 10.930637210607527
leaf_count=374 8 172 100 1114 405 194 22
internal_value=0.0100953 0.00634056 -0.0187693 0.0102066 0.0190937 0.0158852 0.0637824
internal_weight=917.572 647.818 86.2611 561.557 269.754 251.788 17.9655
internal_count=2389 1760 272 1488 629 599 30
is_linear=0
shrinkage=0.05


Tree=36
num_leaves=7
num_cat=0
split_feature=28 10 36 46 21 10
split_gain=11.7473 19.3981 14.5623 25.9602 17.3097 10.699
threshold=-3854.1249999999995 -0.0001625000004423782 -1.5268019437789915 -0.98573747277259816 -20675.603515624996 -0.00081399999908171583
decision_type=2 2 2 2 2 2
left_child=1 5 3 -2 -4 -1
right_child=2 -3 4 -5 -6 -7
leaf_value=0.03365934789364064 0.058175706808302863 0.08462731610722346 0.021880337827257679 -0.015768661116006513 0.0059895616160590354 -0.08710962520552068
leaf_weight=4.3626417815685281 13.3437582552433 12.830567643046377 256.22623352706432 106.32947412133217 521.54727706313133 3.1304143071174639
leaf_count=9 27 17 595 330 1398 13
internal_value=0.00958817 0.0472342 0.00873006 -0.00748196 0.011231 -0.0161277
internal_weight=917.77 20.3236 897.447 119.673 777.774 7.49306
internal_count=2389 39 2350 357 1993 22
is_linear=0
shrinkage=0.05


Tree=37
num_leaves=6
num_cat=0
split_feature=26 67 65 31 53
split_gain=12.1804 12.7369 12.6024 2.20331 4.52602
threshold=0.0015000040875747802 -5.9390010833740225 -1.1567320227622984 -1.8692975044250486 3.1588076353073125
decision_type=2 2 2 2 2
left_child=3 -2 -3 4 -1
right_child=1 2 -4 -5 -6
leaf_value=0.0025979349935676202 -0.073328121854836781 0.02050477624611087 0.0056297227211557707 0.066811714024089586 0.058849022406138853
leaf_weight=6.8762301802635211 4.7548286616802207 178.59667021036148 711.91459085047245 8.0773072838783246 7.9163228422403336
leaf_count=16 22 431 1897 11 12
internal_value=0.00910507 0.0081778 0.00861861 0.0451857 0.033039
internal_weight=918.136 895.266 890.511 22.8699 14.7926
internal_count=2389 2350 2328 39 28
is_linear=0
shrinkage=0.05


Tree=38
num_leaves=6
num_cat=0
split_feature=46 46 21 53 34
split_gain=11.5203 13.1558 13.0444 9.23248 4.09932
threshold=-1.2400327920913694 -1.0301926136016843 -20675.603515624996 -0.16798867285251615 1.154851019382477
decision_type=2 2 2 2 2
left_child=4 3 -3 -2 -1
right_child=1 2 -4 -5 -6
leaf_value=-0.06854018822000936 0.067303332316436773 0.016505595789954492 0.0035737635852806913 0.016287713458019288 0.01084253707203949
leaf_weight=6.5063381344079954 15.924763306975363 295.51579612493515 577.4706185311079 20.784183591604233 2.0312326699495316
leaf_count=33 27 706 1566 51 6
internal_value=0.0086501 0.00919728 0.00795706 0.0385551 -0.049068
internal_weight=918.233 909.695 872.986 36.7089 8.53757
internal_count=2389 2350 2272 78 39
is_linear=0
shrinkage=0.05


Tree=39
num_leaves=8
num_cat=0
split_feature=65 5 29 45 61 46 66
split_gain=11.4264 21.5954 23.9845 21.1844 14.52 28.9104 14.2316
threshold=0.87208423018455516 28728.389648437504 3.4202251434326176 -0.14523131400346753 115.86916732788087 -0.41239206492900843 2.5325970649719243
decision_type=2 2 2 2 2 2 2
left_child=1 2 -1 -3 5 -2 -6
right_child=4 3 -4 -5 6 -7 -8
leaf_value=0.01359434829905052 0.027813247722513947 -0.028054343734861972 -0.020070897173293994 0.009254447320623008 0.040398115362405215 -0.027847417027931327 0.0092078529684003745
leaf_weight=460.42050713300705 50.365621477365494 86.15987654030323 59.665329352021217 67.870805591344833 86.257684126496315 43.436404436826706 64.337020620703697
leaf_count=1159 110 282 208 175 167 132 156
internal_value=0.00821526 0.00484713 0.00972259 -0.0115824 0.0174851 0.00198546 0.0271062
internal_weight=918.513 674.117 520.086 154.031 244.397 93.802 150.595
internal_count=2389 1824 1367 457 565 242 323
is_linear=0
shrinkage=0.05


Tree=40
num_leaves=7
num_cat=0
split_feature=26 21 61 21 11 56
split_gain=11.4479 11.8246 14.2371 13.9443 5.2086 1.50655
threshold=0.0015000040875747802 -231551.85937499997 182.47488403320315 -154611.29687499997 30.820000648498539 18.322241783142093
decision_type=2 2 2 2 2 2
left_child=4 2 -2 -3 -1 -6
right_child=1 3 -4 -5 5 -7
leaf_value=-0.032527100972282896 -0.08919018630918682 0.047272134752873202 0.032223705018688209 0.0065518015597157532 0.029504686470720545 0.060766542277056912
leaf_weight=1.9781557768583322 6.7602554857730848 21.596003100275993 3.6807581633329391 864.1108408421278 6.4183865934610376 13.742529913783073
leaf_count=6 28 39 7 2276 12 21
internal_value=0.007806 0.00692188 -0.0459094 0.00755032 0.0433674 0.0510621
internal_weight=918.287 896.148 10.441 885.707 22.1391 20.1609
internal_count=2389 2350 35 2315 39 33
is_linear=0
shrinkage=0.05


Tree=41
num_leaves=8
num_cat=0
split_feature=48 45 61 56 55 65 7
split_gain=11.4215 18.4462 15.2051 14.4652 22.23 12.0797 9.43708
threshold=1.7259756326675417 2.3804335594177251 64.24878311157228 -0.54330646991729725 0.54001677036285411 0.87208423018455516 2.2304836511611943
decision_type=2 2 2 2 2 2 2
left_child=3 2 -2 4 -1 -5 -3
right_child=1 6 -4 5 -6 -7 -8
leaf_value=-0.016991563216756832 -0.051712776090671847 -0.049258184517601625 0.043807853827109812 0.0042112862786464469 0.086005622997138403 0.018728393585543093 0.02250776422987269
leaf_weight=100.61104997992516 4.420930176973342 10.806978598237039 61.666515231132507 530.16036330163479 5.5143546611070624 197.10217708349228 7.8408273905515662
leaf_count=315 15 37 120 1427 8 449 18
internal_value=0.00741817 0.0249248 0.0373423 0.00563218 -0.0115926 0.00815258 -0.0188147
internal_weight=918.123 84.7353 66.0874 833.388 106.125 727.263 18.6478
internal_count=2389 190 135 2199 323 1876 55
is_linear=0
shrinkage=0.05


Tree=42
num_leaves=7
num_cat=0
split_feature=28 42 41 28 71 12
split_gain=10.7662 17.4103 13.3912 22.4309 18.3158 10.1619
threshold=-3854.1249999999995 -0.0001625000004423782 0.57037594914436351 1881.5000000000002 167592.92968750003 22498677.000000004
decision_type=2 2 2 2 2 2
left_child=1 5 4 -4 -2 -1
right_child=2 -3 3 -5 -6 -7
leaf_value=0.031741084108397606 0.014220498402346616 0.078484850234087272 0.00016712072232058752 -0.091481492174988785 -0.013801114117668793 -0.086016938795165629
leaf_weight=4.3318215608596828 497.38187865912914 12.834773033857344 327.62245631217957 6.8130724877119055 65.881286218762398 3.1372201591730118
leaf_count=9 1215 17 916 28 191 13
internal_value=0.00704818 0.0430943 0.00622733 -0.00168498 0.0109341 -0.0170514
internal_weight=918.003 20.3038 897.699 334.436 563.263 7.46904
internal_count=2389 39 2350 944 1406 22
is_linear=0
shrinkage=0.05


Tree=43
num_leaves=6
num_cat=0
split_feature=36 43 65 51 3
split_gain=10.3985 16.6335 11.8349 28.9188 19.9221
threshold=-2.4558619260787959 1352706.6250000002 -1.1567320227622984 -0.0021111884852871294 217856.20312500003
decision_type=2 2 2 2 2
left_child=1 -1 4 -4 -2
right_child=2 -3 3 -5 -6
leaf_value=-0.078133615323508043 0.024098649074328439 0.071166130612200076 -0.01198429671039869 0.01049311026530734 -0.028882733422848389
leaf_weight=7.9617177098989469 167.4206400513649 2.4034252017736435 196.71970480680466 523.79455895721912 19.764017581939697
leaf_count=35 386 4 599 1303 62
internal_value=0.00669498 -0.0430322 0.00726833 0.00434924 0.0184779
internal_weight=918.064 10.3651 907.699 720.514 187.185
internal_count=2389 39 2350 1902 448
is_linear=0
shrinkage=0.05


Tree=44
num_leaves=7
num_cat=0
split_feature=26 39 28 21 11 56
split_gain=10.6896 12.4049 30.2605 18.9419 4.80602 1.54796
threshold=0.0015000040875747802 -0.34798064827919001 1.0000000180025095e-35 -231551.85937499997 30.820000648498539 18.322241783142093
decision_type=2 2 2 2 2 2
left_child=4 2 -2 -3 -1 -6
right_child=1 3 -4 -5 5 -7
leaf_value=-0.031370707367628557 -0.034237236469721835 -0.069456974554757175 0.013667404560332833 0.008779199374925311 0.027120207508325174 0.059262090161763682
leaf_weight=1.9727470278739954 61.598975613713264 7.8032130151987067 70.745655506849289 756.45920577645302 6.2351712584495553 13.059549272060394
leaf_count=6 206 30 172 1942 12 21
internal_value=0.00636056 0.0055231 -0.00859173 0.00797386 0.0414318 0.0491344
internal_weight=917.875 896.607 132.345 764.262 21.2675 19.2947
internal_count=2389 2350 378 1972 39 33
is_linear=0
shrinkage=0.05


Tree=45
num_leaves=8
num_cat=0
split_feature=49 51 40 28 36 10 21
split_gain=10.3622 25.2071 22.8525 13.6584 17.988 14.917 4.77072
threshold=0.90020665526390087 0.021053466014564041 2.0134545564651494 -3854.1249999999995 -2.4558619260787959 -0.0001625000004423782 1073.399841308594
decision_type=2 2 2 2 2 2 2
left_child=3 2 -2 5 -5 -1 -3
right_child=1 6 -4 4 -6 -7 -8
leaf_value=-0.011313988339008334 0.024621340531119643 -0.092959859867183262 -0.050988528728377946 -0.076647230406105993 0.0030053168151583662 0.081348581716301036 -0.0072967301757322304
leaf_weight=6.8979915380477932 173.27910374104977 5.897478833794592 10.565217405557631 7.1569873839616767 699.98894421756268 11.343091160058973 2.4249621033668518
leaf_count=20 387 24 38 32 1867 14 7
internal_value=0.00604494 0.016375 0.020249 0.00330145 0.00219209 0.0460335 -0.0686004
internal_weight=917.554 192.167 183.844 725.387 707.146 18.2411 8.32244
internal_count=2389 456 425 1933 1899 34 31
is_linear=0
shrinkage=0.05


Tree=46
num_leaves=7
num_cat=0
split_feature=26 39 28 59 31 41
split_gain=10.0217 11.1781 27.2724 17.5478 2.38653 4.977
threshold=0.0015000040875747802 -0.34798064827919001 1.0000000180025095e-35 0.78513556718826305 -1.8692975044250486 -0.44810123741626734
decision_type=2 2 2 2 2 2
left_child=4 2 -2 -3 5 -1
right_child=1 3 -4 -5 -6 -7
leaf_value=0.05547150329841255 -0.032905462531839062 0.059701929685990633 0.012627569877425124 0.0061643630664620338 0.063767740214132965 -0.0049955142363870544
leaf_weight=7.1677275896072397 61.304794326424599 15.65117998421192 70.750972017645836 748.95375370979309 7.2783020138740531 6.2147860080003747
leaf_count=12 206 24 172 1948 11 16
internal_value=0.00574287 0.00494321 -0.00847256 0.0072668 0.0402055 0.0270172
internal_weight=917.322 896.661 132.056 764.605 20.6608 13.3825
internal_count=2389 2350 378 1972 39 28
is_linear=0
shrinkage=0.05


Tree=47
num_leaves=6
num_cat=0
split_feature=46 49 35 40 53
split_gain=10.0753 13.6526 23.1513 17.1285 4.29637
threshold=-1.2400327920913694 -0.89295485615730275 -1.9315456151962278 1.8589459061622622 1.0966020226478579
decision_type=2 2 2 2 2
left_child=4 2 -2 -3 -1
right_child=1 3 -4 -5 -6
leaf_value=-0.068742671102026517 -0.081903404130309401 0.0058209837070539562 0.026593940515559019 -0.020776373205455008 0.013598048334603581
leaf_weight=6.45878718793392 5.1203748434782019 724.38526156544685 112.87176078557968 65.990563526749611 1.9736001491546629
leaf_count=33 22 1875 254 199 6
internal_value=0.00546003 0.00596996 0.0218432 0.00359397 -0.0488779
internal_weight=916.8 908.368 117.992 790.376 8.43239
internal_count=2389 2350 276 2074 39
is_linear=0
shrinkage=0.05


Tree=48
num_leaves=8
num_cat=0
split_feature=48 2 30 28 10 71 34
split_gain=9.8858 17.0216 18.1867 11.4934 14.2393 12.3652 11.4158
threshold=1.7259756326675417 1668737.6875000002 0.66721454262733471 -3854.1249999999995 -0.0001625000004423782 167592.92968750003 -1.0675379037857053
decision_type=2 2 2 2 2 2 2
left_child=3 6 -3 4 -1 -5 -2
right_child=1 2 -4 5 -6 -7 -8
leaf_value=-0.014286716973477132 -0.086826334290709642 0.048675330190620543 -0.027944434850975159 0.0048813505977348126 0.073787045248736513 -0.014144447918975686 0.045702227823114283
leaf_weight=7.1403056085109737 1.6587381660938252 11.180350378155707 25.127274930477142 715.88699163496494 12.43371471762657 96.873474195599556 46.42616018652916
leaf_count=21 7 19 78 1879 16 283 86
internal_value=0.00518639 0.0215042 -0.0042129 0.00352588 0.0414036 0.0026075 0.0410265
internal_weight=916.727 84.3925 36.3076 832.334 19.574 812.76 48.0849
internal_count=2389 190 97 2199 37 2162 93
is_linear=0
shrinkage=0.05


Tree=49
num_leaves=7
num_cat=0
split_feature=41 28 21 65 72 48
split_gain=9.62986 21.0832 15.9341 15.7664 14.7249 1.8475
threshold=0.57037594914436351 1881.5000000000002 -231551.85937499997 0.74281382560729992 -1655978.3749999998 1.2436686158180239
decision_type=2 2 2 2 2 2
left_child=2 3 5 -2 -4 -1
right_child=1 -3 4 -5 -6 -7
leaf_value=-0.08763700738553365 -0.0045099494335365904 -0.089093607927287904 0.0044377114000636623 0.025540183450182448 0.021946182985620628 -0.030052789664062607
leaf_weight=4.2857404649257651 285.68151248991489 6.7611272931098929 391.85011059045792 51.520283490419388 173.81882604956627 2.5371964126825333
leaf_count=18 822 28 1016 111 386 8
internal_value=0.00492855 -0.00167153 0.00890273 6.6513e-05 0.00982656 -0.0669564
internal_weight=916.455 343.963 572.492 337.202 565.669 6.82294
internal_count=2389 961 1428 933 1402 26
is_linear=0
shrinkage=0.05


Tree=50
num_leaves=7
num_cat=0
split_feature=26 35 65 58 42 47
split_gain=9.25575 9.52062 25.2401 14.4832 2.39363 1.80005
threshold=0.0015000040875747802 -1.1724956035614011 -1.1567320227622984 2141952.0000000005 -0.00063750002300366748 -0.19993332028388974
decision_type=2 2 2 2 2 2
left_child=4 2 -2 -3 -1 -6
right_child=1 3 -4 -5 5 -7
leaf_value=0.010452867988229595 0.012977162985142517 0.0064648669658549972 -0.014931859423199079 0.053975510393189624 0.022420144811939852 0.062554245336570669
leaf_weight=5.8469567447900799 142.96284873783588 549.84352706372738 186.74981543421745 16.559612944722176 4.6195347607135782 9.4371137022972071
leaf_count=14 355 1401 564 30 10 15
internal_value=0.00468356 0.0039283 -0.00281539 0.00786274 0.0384362 0.0497204
internal_weight=916.019 896.116 329.713 566.403 19.9036 14.0566
internal_count=2389 2350 919 1431 39 25
is_linear=0
shrinkage=0.05


Tree=51
num_leaves=7
num_cat=0
split_feature=48 52 48 65 34 22
split_gain=9.16911 18.5711 18.4445 17.4831 13.7646 12.9141
threshold=0.89232105016708385 0.032612500712275512 0.34281393885612493 0.2980839759111405 -0.43091911077499384 -2874.713745117187
decision_type=2 2 2 2 2 2
left_child=2 4 5 -4 -2 -1
right_child=1 -3 3 -5 -6 -7
leaf_value=0.019263516736319042 -0.0013412364223656518 -0.086909384371796239 -0.045175298785451713 0.002079262780245806 0.028041940753767272 0.0013562352167366038
leaf_weight=124.09956908226013 62.279512673616409 4.3669712990522376 38.155738666653633 39.796699419617653 109.16880106925964 537.66555930674076
leaf_count=299 166 18 132 100 234 1440
internal_value=0.00445324 0.0147214 0.00200596 -0.0209865 0.0173392 0.00472191
internal_weight=915.533 175.815 739.718 77.9524 171.448 661.765
internal_count=2389 418 1971 232 400 1739
is_linear=0
shrinkage=0.05


Tree=52
num_leaves=6
num_cat=0
split_feature=46 49 13 40 28
split_gain=9.13078 12.4592 21.8761 15.4443 4.19204
threshold=-1.2400327920913694 -0.89295485615730275 32029024.000000004 1.8589459061622622 540.62500000000011
decision_type=2 2 2 2 2
left_child=4 2 -2 -3 -1
right_child=1 3 -4 -5 -6
leaf_value=-0.067903394859232122 0.041532854344862119 0.0045572437482926621 -0.0014578563552665397 -0.020727627852522992 0.013766770772480265
leaf_weight=6.3261256366968137 58.646284639835358 723.24495343863964 59.291001245379448 65.849942952394485 1.9643004089593885
leaf_count=33 115 1875 161 199 6
internal_value=0.00423116 0.00471361 0.0198776 0.00244089 -0.0479497
internal_weight=915.323 907.032 117.937 789.095 8.29043
internal_count=2389 2350 276 2074 39
is_linear=0
shrinkage=0.05


Tree=53
num_leaves=7
num_cat=0
split_feature=17 42 19 24 59 51
split_gain=9.03709 16.1401 17.0871 13.4316 13.5809 6.94028
threshold=73248.398437500015 1.0000000180025095e-35 67598.832031250015 575.00000000000011 1.8575147986412051 -1.0000000180025095e-35
decision_type=2 2 2 2 2 2
left_child=3 2 -2 4 -1 -3
right_child=1 5 -4 -5 -6 -7
leaf_value=4.532715710673712e-05 0.042478683594073884 0.0066406825366700922 -0.0027718059793940489 -0.090915527969602228 0.021446642180712513 0.067705179613212249
leaf_weight=686.80234654247761 27.178362280130386 6.4623752534389522 89.071041285991669 3.8764667510986319 83.162660405039787 18.548214510083199
leaf_count=1868 49 15 231 16 185 25
internal_value=0.00401988 0.0156544 0.00776446 0.00188961 0.00236334 0.0521269
internal_weight=915.101 141.26 116.249 773.841 769.965 25.0106
internal_count=2389 320 280 2069 2053 40
is_linear=0
shrinkage=0.05


Tree=54
num_leaves=8
num_cat=0
split_feature=49 51 36 56 11 50 13
split_gain=8.80334 21.911 19.3285 15.7907 33.4059 12.983 4.59594
threshold=0.90020665526390087 0.021053466014564041 0.86264309287071239 -0.22438663244247434 57.609998703002937 0.0040578655898571023 50850420.000000007
decision_type=2 2 2 2 2 2 2
left_child=3 2 -2 4 -1 -5 -3
right_child=1 6 -4 5 -6 -7 -8
leaf_value=-0.033999493151988809 0.0064316002695893344 -0.09019452328284204 0.042163013920321499 0.0089971445498095905 0.011137627571889555 -0.010385675355920073 -0.0056598166683341786
leaf_weight=85.416548803448677 128.77816592156887 5.848524332046507 53.867843061685562 453.18904857337475 78.591652110219002 106.52660827338696 2.3968258947134018
leaf_count=298 326 24 99 1147 191 297 7
internal_value=0.00382201 0.0133762 0.0169973 0.00129505 -0.0123396 0.00529922 -0.0662277
internal_weight=914.615 190.891 182.646 723.724 164.008 559.716 8.24535
internal_count=2389 456 425 1933 489 1444 31
is_linear=0
shrinkage=0.05


Tree=55
num_leaves=8
num_cat=0
split_feature=65 35 13 10 0 58 11
split_gain=8.54598 28.3772 18.5506 18.4156 19.1475 16.7866 16.4093
threshold=-1.1567320227622984 -1.804950416088104 30348310.000000004 -0.00052250002045184363 5330.5000000000009 -890623.99999999988 57.609998703002937
decision_type=2 2 2 2 2 2 2
left_child=3 2 -2 5 -5 -1 -3
right_child=1 6 -4 4 -6 -7 -8
leaf_value=0.040730429959770192 -0.0065848332493390824 -0.0035999387296529344 -0.082256062323939408 -0.064977585180644157 0.027101008626425251 -0.024907485172567273 0.011929152441170454
leaf_weight=12.386020168662069 16.441688880324364 382.47520636022091 16.264976114034653 5.8736310303211203 129.45555946230888 45.069931015372276 305.94039283692837
leaf_count=25 48 1072 70 21 288 138 727
internal_value=0.00363297 0.00112542 -0.0443689 0.0129866 0.0230676 -0.0106706 0.00329412
internal_weight=913.907 721.122 32.7067 192.785 135.329 57.456 688.416
internal_count=2389 1917 118 472 309 163 1799
is_linear=0
shrinkage=0.05


Tree=56
num_leaves=6
num_cat=0
split_feature=26 67 39 31 11
split_gain=8.38408 11.1146 9.74269 2.48336 6.18945
threshold=0.0015000040875747802 -5.9390010833740225 -0.34798064827919001 -1.8692975044250486 53.889999389648445
decision_type=2 2 2 2 2
left_child=3 -2 -3 4 -1
right_child=1 2 -4 -5 -6
leaf_value=-0.017076973985153319 -0.073591859745970073 -0.0094729653928620206 0.0053287314281756908 0.06157158551278781 0.053564125248480747
leaf_weight=5.3954332470893878 4.7374101877212516 130.03758576512337 759.49175006151199 6.592544972896575 7.0442451685667038
leaf_count=15 22 372 1956 11 13
internal_value=0.00345204 0.00274711 0.0031593 0.0363118 0.0225232
internal_weight=913.299 894.267 889.529 19.0322 12.4397
internal_count=2389 2350 2328 39 28
is_linear=0
shrinkage=0.05


Tree=57
num_leaves=8
num_cat=0
split_feature=21 49 35 22 72 17 41
split_gain=8.27472 19.5557 20.2516 20.0666 13.8102 12.8112 12.0034
threshold=-20675.603515624996 -0.71560657024383534 -1.9315456151962278 1.0000000180025095e-35 -2549789.1249999995 52243.398437500007 2.1463327407836919
decision_type=2 2 2 2 2 2 2
left_child=4 2 -2 -3 5 -1 -6
right_child=1 3 -4 -5 6 -7 -8
leaf_value=-0.051630615716090761 -0.047949280682231255 0.0065243884495342465 0.016036540518807461 -0.016057710275871204 0.0174759250686875 0.014445717263642308 -0.017280748336174163
leaf_weight=16.43804328143597 13.133944973349569 170.03827391564846 203.16488526761532 232.70121809840202 236.67550747096539 13.082000285387037 27.611009582877159
leaf_count=57 49 436 495 696 544 30 82
internal_value=0.00328128 0 0.0121281 -0.00651104 0.0101913 -0.0221791 0.0138258
internal_weight=912.845 619.038 216.299 402.739 293.807 29.52 264.287
internal_count=2389 1676 544 1132 713 87 626
is_linear=0
shrinkage=0.05


Tree=58
num_leaves=6
num_cat=0
split_feature=46 46 36 3 18
split_gain=8.30479 11.0629 11.6217 8.99511 4.05087
threshold=-1.2400327920913694 -1.0301926136016843 -1.5268019437789915 242301.10156250003 24065.900390625004
decision_type=2 2 2 2 2
left_child=4 3 -3 -2 -1
right_child=1 2 -4 -5 -6
leaf_value=-0.067074989838586466 0.01742688660010178 -0.01166696297475411 0.0048121227535538602 0.078479205930859094 0.013703135244465495
leaf_weight=6.1866044551134092 28.771900326013565 124.87130638957024 742.77502547204494 7.7652054727077475 1.9441975355148313
leaf_count=33 67 369 1903 11 6
internal_value=0.00311838 0.0035759 0.0024347 0.0305391 -0.0471448
internal_weight=912.314 904.183 867.646 36.5371 8.1308
internal_count=2389 2350 2272 78 39
is_linear=0
shrinkage=0.05


Tree=59
num_leaves=6
num_cat=0
split_feature=36 43 64 52 26
split_gain=8.08526 12.8816 9.71399 30.1289 11.9331
threshold=-2.4558619260787959 1352706.6250000002 3.4070993661880498 -0.0026435594772920008 0.0099999927915632742
decision_type=2 2 2 2 2
left_child=1 -1 4 -4 -2
right_child=2 -3 3 -5 -6
leaf_value=-0.074343067547732497 -0.00046790213503176346 0.057357907752947128 -0.040642370161746259 0.012449526210232703 0.011796238209297052
leaf_weight=7.5344789922237378 414.29658880829811 2.4212564677000046 47.142309784889221 61.490070194005966 379.19685141742229
leaf_count=35 1080 4 182 158 930
internal_value=0.00296304 -0.0418109 0.0034627 -0.0105443 0.00538662
internal_weight=912.082 9.95574 902.126 108.632 793.493
internal_count=2389 39 2350 340 2010
is_linear=0
shrinkage=0.05


Tree=60
num_leaves=7
num_cat=0
split_feature=48 48 52 28 2 35
split_gain=7.88707 16.9528 16.4566 16.2311 15.361 11.2282
threshold=0.89232105016708385 0.34281393885612493 0.032612500712275512 639.81250000000011 731364.40625000012 -2.4474745988845821
decision_type=2 2 2 2 2 2
left_child=1 5 3 -2 -3 -1
right_child=2 4 -4 -5 -6 -7
leaf_value=-0.053462334607029274 0.0077633114550632529 0.012731470007752635 -0.084007543119938993 0.048754463546165666 -0.036009617655020525 0.0039060094851037369
leaf_weight=8.6325852274894697 141.16551832854748 22.783036202192307 4.3048045188188544 29.261917322874069 54.581983029842377 650.83386071026325
leaf_count=33 349 55 18 51 177 1706
internal_value=0.00281511 0.000543178 0.0123671 0.0148307 -0.0215913 0.00314746
internal_weight=911.564 736.831 174.732 170.427 77.365 659.466
internal_count=2389 1971 418 400 232 1739
is_linear=0
shrinkage=0.05


Tree=61
num_leaves=8
num_cat=0
split_feature=65 35 30 3 66 42 58
split_gain=8.77573 25.3085 27.0131 17.4105 19.0065 14.6737 14.1006
threshold=-1.1567320227622984 -1.1398702859878538 3.3474311828613286 217856.20312500003 -3.4322389364242549 -0.00052250002045184363 2141952.0000000005
decision_type=2 2 2 2 2 2 2
left_child=3 2 -2 5 -5 -1 -3
right_child=1 6 -4 4 -6 -7 -8
leaf_value=-0.0056942209958732535 -0.0080103795797103593 0.0043875831704301158 -0.06351193603637327 0.044100769286385275 -0.063647019788679496 0.026545072112125576 0.051024716855260721
leaf_weight=49.188558220863342 171.46579019725323 505.94971215724945 25.201802328228951 5.7223466783762005 14.035454764962195 122.8900665640831 16.772676333785057
leaf_count=136 490 1290 107 12 52 272 30
internal_value=0.00267516 0.000134275 -0.015148 0.0121775 -0.0321875 0.0173004 0.0058936
internal_weight=911.226 719.39 196.668 191.836 19.7578 172.079 522.722
internal_count=2389 1917 597 472 64 408 1320
is_linear=0
shrinkage=0.05


Tree=62
num_leaves=8
num_cat=0
split_feature=65 35 13 10 0 59 69
split_gain=7.92647 23.6329 17.0796 15.1225 17.4297 15.523 14.3924
threshold=-1.1567320227622984 -1.804950416088104 30348310.000000004 -0.00052250002045184363 5330.5000000000009 1.8575147986412051 33.333278656005866
decision_type=2 2 2 2 2 2 2
left_child=3 2 -2 5 -5 -1 -3
right_child=1 6 -4 4 -6 -7 -8
leaf_value=-0.023219869007345156 -0.0057146196713436098 -0.011302420244476417 -0.079033530028728427 -0.06356551174327317 0.024593417680028963 0.04135765792037404 0.006007737268724612
leaf_weight=45.405078172683716 16.365975573658943 154.99378524720669 15.72918653488159 5.8326506018638602 128.75262053310871 11.666858792304991 531.69378021359444
leaf_count=141 48 465 70 21 288 22 1334
internal_value=0.00254244 0.000126343 -0.0418025 0.0115776 0.0207356 -0.00993108 0.00209334
internal_weight=910.44 718.783 32.0952 191.657 134.585 57.0719 686.688
internal_count=2389 1917 118 472 309 163 1799
is_linear=0
shrinkage=0.05


Tree=63
num_leaves=6
num_cat=0
split_feature=26 67 39 40 27
split_gain=7.74406 10.1075 8.73745 3.27603 0.802795
threshold=0.0015000040875747802 -5.9390010833740225 -0.34798064827919001 0.18711736798286441 -1411455.9999999998
decision_type=2 2 2 2 2
left_child=3 -2 -3 4 -1
right_child=1 2 -4 -5 -6
leaf_value=0.030623508205009017 -0.072064878944066046 -0.0098473578715013964 0.0041973540895107195 0.0031310108946688538 0.060038691261404875
leaf_weight=4.6232286393642434 4.6096904426813117 129.55790133774281 757.2414558827877 5.8931130915880194 7.695927321910859
leaf_count=10 22 372 1956 15 14
internal_value=0.00241583 0.0017505 0.00213984 0.0347065 0.0494054
internal_weight=909.621 891.409 886.799 18.2123 12.3192
internal_count=2389 2350 2328 39 24
is_linear=0
shrinkage=0.05


Tree=64
num_leaves=7
num_cat=0
split_feature=41 28 71 69 45 11
split_gain=7.58529 18.7815 14.8246 20.0139 13.7869 11.1155
threshold=0.57037594914436351 1881.5000000000002 167592.92968750003 92.307704925537124 0.71096822619438182 79.215000152587905
decision_type=2 2 2 2 2 2
left_child=2 4 5 -4 -2 -1
right_child=1 -3 3 -5 -6 -7
leaf_value=0.010221790448864676 -0.0077120744028141121 -0.086642400436872588 -0.028571274857735546 0.044712315881020356 0.015883591862771503 -0.030176711353217436
leaf_weight=483.66207887232304 252.47868970036507 6.6763029992580405 55.63430917263031 11.146880179643629 81.957604080438614 17.590452924370766
leaf_count=1180 736 28 174 20 197 54
internal_value=0.0022968 -0.00358768 0.00583932 -0.0162642 -0.00191472 0.00879411
internal_weight=909.146 341.113 568.034 66.7812 334.436 501.253
internal_count=2389 961 1428 194 933 1234
is_linear=0
shrinkage=0.05


Tree=65
num_leaves=6
num_cat=0
split_feature=46 49 35 46 53
split_gain=7.44136 10.2336 18.2043 12.8241 3.994
threshold=-1.2400327920913694 -0.89295485615730275 -1.9315456151962278 -1.0301926136016843 1.0966020226478579
decision_type=2 2 2 2 2
left_child=4 2 -2 -3 -1
right_child=1 3 -4 -5 -6
leaf_value=-0.066192870231582837 -0.078322358163986361 0.061817380180266661 0.020531840499162554 -0.00011551744260736909 0.014568758477055355
leaf_weight=6.0160249024629584 4.8404968082904807 8.4480531811714155 112.2395330965519 775.13829700648785 1.9277163743972776
leaf_count=33 22 14 254 2060 6
internal_value=0.00218237 0.00261258 0.0164022 0.000545817 -0.0459649
internal_weight=908.61 900.666 117.08 783.586 7.94374
internal_count=2389 2350 276 2074 39
is_linear=0
shrinkage=0.05


Tree=66
num_leaves=8
num_cat=0
split_feature=65 35 30 3 28 52 58
split_gain=7.48253 21.4019 24.8094 15.493 16.5395 13.8602 12.8331
threshold=-1.1567320227622984 -1.1398702859878538 3.3474311828613286 217856.20312500003 789.75000000000011 -0.0090840840712189657 2141952.0000000005
decision_type=2 2 2 2 2 2 2
left_child=3 2 -2 5 -5 -1 -3
right_child=1 6 -4 4 -6 -7 -8
leaf_value=0.011559526116063975 -0.0075821624500093682 0.003582972140688854 -0.061323230949390628 -0.056243794896649393 0.053464026635014095 0.065106714482226033 0.048193713669866273
leaf_weight=158.27360852062702 170.92306844890118 505.0977598503232 24.626571968197823 15.11965684592724 4.4020362198352805 13.147801026701925 16.679413214325905
leaf_count=386 490 1290 107 56 8 22 30
internal_value=0.00207316 -0.000261462 -0.0143756 0.0108699 -0.0312491 0.0156957 0.00501861
internal_weight=908.27 717.327 195.55 190.943 19.5217 171.421 521.777
internal_count=2389 1917 597 472 64 408 1320
is_linear=0
shrinkage=0.05


Tree=67
num_leaves=8
num_cat=0
split_feature=56 54 35 5 54 24 55
split_gain=7.28654 18.1369 21.4591 10.8667 21.1386 14.173 3.65095
threshold=-0.22438663244247434 -1.8137877583503721 -1.2420616745948789 23143.380859375004 0.63531953096389782 13.500000000000002 0.28480215370655065
decision_type=2 2 2 2 2 2 2
left_child=1 6 -3 5 -5 -2 -1
right_child=3 2 -4 4 -6 -7 -8
leaf_value=0.028007698211186784 0.029924409142379871 -0.036452169034454918 0.00018602471473510142 0.011743074383456609 -0.021724289218099567 0.0050521364667970477 0.086538459423951733
leaf_weight=6.1358967870473844 66.134033128619194 54.124978393316269 151.7453980743885 90.204598858952522 98.699076130986214 435.24028222262859 5.2365370988845825
leaf_count=14 146 191 408 219 298 1106 7
internal_value=0.00197053 -0.00600586 -0.00942216 0.00448809 -0.00571661 0.0083429 0.0553984
internal_weight=907.521 217.243 205.87 690.278 188.904 501.374 11.3724
internal_count=2389 620 599 1769 517 1252 21
is_linear=0
shrinkage=0.05


Tree=68
num_leaves=8
num_cat=0
split_feature=49 51 36 17 43 21 41
split_gain=7.47845 19.6488 16.0743 13.7762 20.3004 18.7014 4.09933
threshold=0.90020665526390087 0.021053466014564041 0.86264309287071239 13938.299804687502 950624.78125000012 5052.1499023437509 0.48683170974254614
decision_type=2 2 2 2 2 2 2
left_child=3 2 -2 5 -5 -1 -3
right_child=1 6 -4 4 -6 -7 -8
leaf_value=0.0021077399981134148 0.0045403999025055283 -0.087850108185681133 0.037354390776305445 -0.017795623790308523 0.019703277410415991 0.048132254612140601 -0.0075046951706109937
leaf_weight=464.05880652368069 128.05558200180531 5.7859074026346189 52.934232756495476 186.15759691596031 44.65689180791378 23.196303144097328 2.3829486817121506
leaf_count=1245 326 24 99 538 104 46 7
internal_value=0.00187304 0.0107189 0.0141652 -0.000450232 -0.0105189 0.00430905 -0.0650245
internal_weight=907.228 189.159 180.99 718.07 230.814 487.255 8.16886
internal_count=2389 456 425 1933 642 1291 31
is_linear=0
shrinkage=0.05


Tree=69
num_leaves=8
num_cat=0
split_feature=21 49 33 71 36 33 72
split_gain=7.35215 15.5244 19.9657 16.4015 13.2464 21.5836 16.5889
threshold=-20675.603515624996 -0.71560657024383534 1.2747711539268496 167592.92968750003 -1.5268019437789915 -0.69323602318763722 -2536668.2499999995
decision_type=2 2 2 2 2 2 2
left_child=4 3 -3 -2 5 -1 -6
right_child=1 2 -4 -5 6 -7 -8
leaf_value=0.0057062525615168653 0.014420902151157123 -0.004596898369725883 -0.056483615438568752 -0.02950111410043274 -0.014650460442161839 -0.07585235661426673 0.018480537623991669
leaf_weight=26.388086974620819 190.95507378131151 380.80396969616413 19.518251165747643 23.854568332433701 46.009818226099014 11.652299538254736 207.78139312565327
leaf_count=69 468 1063 69 76 129 45 470
internal_value=0.00178023 -0.00131349 -0.0071392 0.00952009 0.00831839 -0.0191448 0.0124545
internal_weight=906.963 615.132 400.322 214.81 291.832 38.0404 253.791
internal_count=2389 1676 1132 544 713 114 599
is_linear=0
shrinkage=0.05


Tree=70
num_leaves=8
num_cat=0
split_feature=26 26 26 34 34 31 58
split_gain=7.42465 15.0219 28.1261 20.9435 12.2387 17.0063 7.85001
threshold=0.0042678564786911019 0.0099999927915632742 0.012142847757786514 0.7440624237060548 -0.735744148492813 -0.73568111658096302 1097216.0000000002
decision_type=2 2 2 2 2 2 2
left_child=4 3 -3 -2 5 -1 -6
right_child=1 2 -4 -5 6 -7 -8
leaf_value=0.012085637573276391 -0.018116042475014926 0.033310981237142073 -6.0459548114458563e-05 0.012758227581583787 0.016130177164597935 -0.061912249896307475 0.063145483852302856
leaf_weight=21.915707275271416 199.36675822734833 74.380422875285149 415.82308688759804 75.62458199262619 97.603532999753952 11.963569328188894 9.8789685964584333
leaf_count=53 588 153 1137 178 219 45 16
internal_value=0.001691 -0.000247462 0.00499291 -0.00960722 0.0122193 -0.0138972 0.020498
internal_weight=906.557 765.195 490.204 274.991 141.362 33.8793 107.483
internal_count=2389 2056 1290 766 333 98 235
is_linear=0
shrinkage=0.05


Tree=71
num_leaves=6
num_cat=0
split_feature=52 20 52 48 18
split_gain=7.23226 12.553 12.5185 8.92497 8.16093
threshold=-0.056899376213550561 33847.080078125007 -0.043525077402591698 0.89232105016708385 7965.7001953125009
decision_type=2 2 2 2 2
left_child=1 -1 4 -4 -2
right_child=2 -3 3 -5 -6
leaf_value=-0.024646635375846822 0.0017433624285015986 0.061244339666425798 -0.00086808692635237036 0.01190840080772454 -0.089676002466793664
leaf_weight=6.3295210599899319 3.8325783461332303 12.573314920067785 707.40984133630991 169.27149511873722 6.25021593272686
leaf_count=18 10 18 1912 405 26
internal_value=0.00160864 0.0322197 0.000950475 0.00159312 -0.0544306
internal_weight=905.667 18.9028 886.764 876.681 10.0828
internal_count=2389 36 2353 2317 36
is_linear=0
shrinkage=0.05


Tree=72
num_leaves=7
num_cat=0
split_feature=28 10 61 28 48 12
split_gain=7.0484 11.8738 9.34067 18.6231 15.8613 9.08435
threshold=-3854.1249999999995 -0.0001625000004423782 122.6751174926758 540.62500000000011 0.89232105016708385 21518955.000000004
decision_type=2 2 2 2 2 2
left_child=1 5 4 -4 -2 -1
right_child=2 -3 3 -5 -6 -7
leaf_value=0.030853245769353461 -0.0091389641248942766 0.061684556597539499 0.00099569637254257265 0.027035052057479331 0.014082249096121184 -0.081524433319521819
leaf_weight=3.9714974313974407 350.10632488131523 12.134645223617552 357.81710284948349 85.10568556189537 92.96385332942009 3.2359668612480164
leaf_count=8 999 17 950 180 221 14
internal_value=0.00152859 0.0313949 0.000870938 0.00601033 -0.00425546 -0.0189077
internal_weight=905.335 19.3421 885.993 442.923 443.07 7.20746
internal_count=2389 39 2350 1130 1220 22
is_linear=0
shrinkage=0.05


Tree=73
num_leaves=6
num_cat=0
split_feature=46 46 33 53 23
split_gain=6.94132 8.9588 10.161 7.96922 3.81496
threshold=-1.2400327920913694 -1.0301926136016843 1.2747711539268496 -0.16798867285251615 60.500000000000007
decision_type=2 2 2 2 2
left_child=4 3 -3 -2 -1
right_child=1 2 -4 -5 -6
leaf_value=-0.065568481600065218 0.052943355803531947 0.0021755188538306338 -0.021304555169211464 0.0053213226654315222 0.013575263393829209
leaf_weight=5.8891905844211569 15.793453261256216 811.82510058581829 48.831828162074089 20.392600923776627 1.9228633940219877
leaf_count=33 27 2129 143 51 6
internal_value=0.00145407 0.00186819 0.0008375 0.0262442 -0.045448
internal_weight=904.655 896.843 860.657 36.1861 7.81205
internal_count=2389 2350 2272 78 39
is_linear=0
shrinkage=0.05


Tree=74
num_leaves=7
num_cat=0
split_feature=26 21 23 39 40 27
split_gain=6.98876 9.22904 11.0333 10.6082 3.08859 0.87667
threshold=0.0015000040875747802 -231551.85937499997 567.50000000000011 -0.77476397156715382 0.18711736798286441 -1411455.9999999998
decision_type=2 2 2 2 2 2
left_child=4 2 -2 -3 5 -1
right_child=1 3 -4 -5 -6 -7
leaf_value=0.027874524851037325 -0.085430090385421487 -0.0191348492260623 0.024196197611174031 0.0027929390942020523 0.0020968647449034986 0.059105150640771757
leaf_weight=4.4071852415800103 6.528435602784155 59.112546131014824 3.446837916970253 817.9777027592063 5.8140227496623984 7.1990895867347726
leaf_count=10 28 179 7 2136 15 14
internal_value=0.00138164 0.000759953 -0.0470488 0.00130939 0.0327516 0.0476769
internal_weight=904.486 887.066 9.97527 877.09 17.4203 11.6063
internal_count=2389 2350 35 2315 39 24
is_linear=0
shrinkage=0.05


Tree=75
num_leaves=8
num_cat=0
split_feature=40 19 24 44 51 9 69
split_gain=6.7705 17.7227 25.039 15.6927 9.04607 20.4906 17.0346
threshold=1.8589459061622622 13986.490234375002 889.50000000000011 301139.14062500006 0.021053466014564041 95827000.000000015 80.000068664550795
decision_type=2 2 2 2 2 2 2
left_child=4 3 -3 -2 6 -6 -1
right_child=1 2 -4 -5 5 -7 -8
leaf_value=9.3823334848640527e-05 -0.016941633028580254 -0.058351018563274841 0.070226796797537142 0.043870822269082788 -0.032457270465622641 0.046625196980197611 0.018089037458602946
leaf_weight=606.54097209125757 26.010952979326248 28.087976783514023 4.3432012051343909 17.85538837313652 42.94207926094532 10.079218760132788 168.11950060725212
leaf_count=1645 77 104 6 35 134 18 370
internal_value=0.00131408 -0.0129269 -0.0409776 0.00769753 0.00263288 -0.0173296 0.00400566
internal_weight=903.979 76.2975 32.4312 43.8663 827.682 53.0213 774.66
internal_count=2389 222 110 112 2167 152 2015
is_linear=0
shrinkage=0.05


Tree=76
num_leaves=8
num_cat=0
split_feature=65 35 43 3 66 39 10
split_gain=6.8433 19.4677 14.8599 13.4347 15.8271 12.1585 11.9006
threshold=-1.1567320227622984 -1.804950416088104 46142.408203125007 217856.20312500003 -3.4322389364242549 -0.34798064827919001 -0.00052250002045184363
decision_type=2 2 2 2 2 2 2
left_child=3 2 -2 6 -5 -3 -1
right_child=1 5 -4 4 -6 -7 -8
leaf_value=-0.0066704639982750656 0.04257369016929595 -0.01563881991995331 -0.05393328307958805 0.041598609955469823 -0.058723566165217983 0.0034944600066836337 0.022532252316261599
leaf_weight=48.559063374996185 4.6301849782466915 96.716418541967869 26.715944014489651 5.4535816758871105 13.709452047944067 585.74701723456383 121.83359980583191
leaf_count=136 11 287 107 12 52 1512 272
internal_value=0.00124939 -0.00098684 -0.0395186 0.00969671 -0.0299121 0.00077563 0.0141806
internal_weight=903.365 713.81 31.3461 189.556 19.163 682.463 170.393
internal_count=2389 1917 118 472 64 1799 408
is_linear=0
shrinkage=0.05


Tree=77
num_leaves=7
num_cat=0
split_feature=41 28 21 46 0 51
split_gain=6.81331 17.0727 13.385 13.359 12.7798 1.4941
threshold=0.57037594914436351 1881.5000000000002 -231551.85937499997 -1.1029700636863706 74974.500000000015 0.014035505242645742
decision_type=2 2 2 2 2 2
left_child=2 4 5 -4 -2 -1
right_child=1 -3 3 -5 -6 -7
leaf_value=-0.085122926163772594 -0.010814918726521464 -0.084281613881182021 -0.048937799664406839 0.0065136420738985045 0.0092086272819436616 -0.031826072632658652
leaf_weight=4.1589719951152793 199.71846663206816 6.5654061138629904 11.063445068895815 546.43655541539192 132.39146134257317 2.4612670093774796
leaf_count=18 587 28 46 1356 346 8
internal_value=0.00118673 -0.00441171 0.00455668 0.00540425 -0.00281773 -0.0660635
internal_weight=902.796 338.675 564.12 557.5 332.11 6.62024
internal_count=2389 961 1428 1402 933 26
is_linear=0
shrinkage=0.05


Tree=78
num_leaves=7
num_cat=0
split_feature=64 12 34 28 1 61
split_gain=6.73653 17.4564 12.8567 10.7773 19.9965 14.556
threshold=1.9971252679824831 44792814.000000007 -1.16220086812973 -122.43749999999999 2116249.6250000005 120.46472930908205
decision_type=2 2 2 2 2 2
left_child=3 2 -2 4 -1 -5
right_child=1 -3 -4 5 -6 -7
leaf_value=-0.01720295665323707 0.022398236522997592 -0.086713135665437258 -0.0088204606455337172 -0.002430919958415604 0.009959404294448292 0.017317152733477701
leaf_weight=137.81324081122875 39.385491818189621 6.5116548687219611 201.32723405212164 158.22531795501709 133.09131273627281 226.0458137691021
leaf_count=403 98 28 596 418 329 517
internal_value=0.00112619 -0.00589861 -0.00369168 0.00378456 -0.00384004 0.00917279
internal_weight=902.4 247.224 240.713 655.176 270.905 384.271
internal_count=2389 722 694 1667 732 935
is_linear=0
shrinkage=0.05


Tree=79
num_leaves=6
num_cat=0
split_feature=36 43 64 26 71
split_gain=6.61132 11.0332 7.34624 19.7861 16.7312
threshold=-2.4558619260787959 1352706.6250000002 1.9971252679824831 0.0099999927915632742 167592.92968750003
decision_type=2 2 2 2 2
left_child=1 -1 3 -2 -4
right_child=2 -3 4 -5 -6
leaf_value=-0.071699490725799522 -0.0023966864065232915 0.051318585748325464 -0.0018501290696619776 0.01569328757453349 -0.04883092894240669
leaf_weight=7.1529401987791044 406.41511365771294 2.3978853821754456 224.76147767156363 240.33020327985287 20.727139577269554
leaf_count=35 1074 4 641 558 77
internal_value=0.00106983 -0.0402903 0.00151816 0.00431781 -0.00583719
internal_weight=901.785 9.55083 892.234 646.745 245.489
internal_count=2389 39 2350 1632 718
is_linear=0
shrinkage=0.05


Tree=80
num_leaves=8
num_cat=0
split_feature=17 10 19 17 31 21 51
split_gain=6.37268 14.8005 15.4803 12.6049 19.1264 17.4156 7.14458
threshold=73248.398437500015 1.0000000180025095e-35 67598.832031250015 13938.299804687502 -1.4257380962371824 5052.1499023437509 -1.0000000180025095e-35
decision_type=2 2 2 2 2 2 2
left_child=3 2 -2 5 -5 -1 -3
right_child=1 6 -4 4 -6 -7 -8
leaf_value=0.0015464590337501743 0.036997461811714691 0 -0.0068288249748069216 0.0036251858772907495 -0.024582890787775785 0.044686680145210933 0.062577469328432764
leaf_weight=499.67281079292297 26.213924154639244 6.2875791192054775 86.764493763446808 121.65495775640011 118.25090533494949 24.5646892786026 17.889878123998642
leaf_count=1348 49 15 231 311 361 49 25
internal_value=0.00101544 0.0109416 0.00329575 -0.00075966 -0.0102579 0.00357746 0.0464629
internal_weight=901.299 137.156 112.978 764.143 239.906 524.238 24.1775
internal_count=2389 320 280 2069 672 1397 40
is_linear=0
shrinkage=0.05


Tree=81
num_leaves=6
num_cat=0
split_feature=26 67 33 40 27
split_gain=6.42342 9.04064 8.60798 2.96966 0.910466
threshold=0.0015000040875747802 -5.9390010833740225 1.3395261764526369 0.18711736798286441 -1411455.9999999998
decision_type=2 2 2 2 2
left_child=3 -2 -3 4 -1
right_child=1 2 -4 -5 -6
leaf_value=0.02617957580983122 -0.070673809211343794 0.0017684955240000679 -0.023226390510103122 0.0014167577417784033 0.058450644625695984
leaf_weight=4.2548438161611566 4.4531254917383185 843.54297782480717 35.899544104933739 5.7500495910644522 6.8921965658664712
leaf_count=10 22 2222 106 15 14
internal_value=0.000966544 0.000377042 0.000742499 0.0315078 0.0465813
internal_weight=900.793 883.896 879.443 16.8971 11.147
internal_count=2389 2350 2328 39 24
is_linear=0
shrinkage=0.05


Tree=82
num_leaves=8
num_cat=0
split_feature=65 51 55 10 10 41 0
split_gain=6.26798 18.4268 25.9353 13.5155 11.9966 17.6195 15.6698
threshold=-1.1567320227622984 -0.0021111884852871294 -0.63710716366767872 -1.0000000180025095e-35 -0.00052250002045184363 1.4839620590209963 5330.5000000000009
decision_type=2 2 2 2 2 2 2
left_child=4 2 -2 -3 5 -1 -6
right_child=1 3 -4 -5 6 -7 -8
leaf_value=0.0092655669822922487 0.017528895942083643 -0.0014640316129549814 -0.024693607328232507 0.01631243429602967 -0.063238919172487099 -0.05033129837475743 0.02093457639059064
leaf_weight=37.456382051110268 48.118250265717506 365.21062257140875 147.62741231918335 150.95446798205376 5.7546108216047278 18.475489869713783 126.75635497272015
leaf_count=95 123 956 487 351 21 68 288
internal_value=0.00091919 -0.00122099 -0.0142889 0.00372508 0.00903104 -0.0103312 0.0172414
internal_weight=900.354 711.911 195.746 516.165 188.443 55.9319 132.511
internal_count=2389 1917 610 1307 472 163 309
is_linear=0
shrinkage=0.05


Tree=83
num_leaves=8
num_cat=0
split_feature=40 19 24 41 11 69 58
split_gain=6.15521 15.9094 22.4754 13.8898 11.7759 14.8532 13.2145
threshold=1.8589459061622622 13986.490234375002 889.50000000000011 0.88077828288078319 74.029998779296889 78.174571990966811 54656.000000000007
decision_type=2 2 2 2 2 2 2
left_child=4 3 -3 -2 5 -1 -6
right_child=1 2 -4 -5 6 -7 -8
leaf_value=-0.00029653967372920937 0.01934176645009061 -0.056165506322898406 0.066143576110964913 -0.056711852556498243 -0.0027960703397597272 0.015839974301208936 -0.059234254680157097
leaf_weight=589.71042125672102 36.548172056674957 27.718190029263496 4.3093920201063147 7.1664539277553549 30.264989674091339 187.8516917899251 15.941568478941916
leaf_count=1611 84 104 6 28 79 420 57
internal_value=0.000873251 -0.0127575 -0.0395524 0.00675937 0.00213262 0.00359546 -0.0223758
internal_weight=899.511 75.7422 32.0276 43.7146 823.769 777.562 46.2066
internal_count=2389 222 110 112 2167 2031 136
is_linear=0
shrinkage=0.05


Tree=84
num_leaves=8
num_cat=0
split_feature=57 37 69 55 37 5 12
split_gain=6.28238 14.732 19.1778 19.002 12.869 18.7961 18.7586
threshold=1.6599227190017702 1.3209715485572817 78.174571990966811 -4.3822540192195439e-06 1.2151879668235781 33169.406250000007 23099735.000000004
decision_type=2 2 2 2 2 2 2
left_child=4 2 -2 -3 5 -1 -6
right_child=1 3 -4 -5 6 -7 -8
leaf_value=8.3476870249493085e-05 0.0047544065398862278 0.025811515122087215 0.046344182009053499 -0.068946074802035753 -0.011833313939657843 -0.021901542594856577 0.024130104733666797
leaf_weight=444.80010398477316 112.80906426906586 9.0408495068550128 36.900348424911499 12.567428797483442 55.905645087361336 124.25262540578842 102.4672644585371
leaf_count=1209 288 19 65 46 153 386 223
internal_value=0.000829094 0.00944643 0.0150388 -0.0290683 -0.00119352 -0.00470816 0.0114034
internal_weight=898.743 171.318 149.709 21.6083 727.426 569.053 158.373
internal_count=2389 418 353 65 1971 1595 376
is_linear=0
shrinkage=0.05


Tree=85
num_leaves=8
num_cat=0
split_feature=21 46 4 35 36 51 34
split_gain=6.18719 14.4059 30.904 19.0364 11.1768 20.0346 13.9713
threshold=-20675.603515624996 -0.56717553734779347 193867.53906250003 -1.9315456151962278 -1.5268019437789915 -0.030137888155877587 -1.2209814190864561
decision_type=2 2 2 2 2 2 2
left_child=4 3 -3 -2 5 -1 -6
right_child=1 2 -4 -5 6 -7 -8
leaf_value=0.046547783292983903 -0.039719837544796084 -0.015901166793190733 0.029968436120339156 0.0092593200170742931 0.055485361206698884 -0.03927950718194255 0.0075089519442906125
leaf_weight=8.8973794281482679 21.333271943032742 268.04041308164597 42.487902760505676 278.26783739030361 16.27767750620842 28.383903712034225 234.45811785757542
leaf_count=16 80 800 96 700 28 98 571
internal_value=0.000788638 -0.00205635 -0.00960898 0.00575504 0.00683277 -0.0186622 0.0106435
internal_weight=898.147 610.129 310.528 299.601 288.017 37.2813 250.736
internal_count=2389 1676 896 780 713 114 599
is_linear=0
shrinkage=0.05


Tree=86
num_leaves=8
num_cat=0
split_feature=50 69 59 12 43 10 8
split_gain=6.38187 17.7036 23.3647 16.4971 11.6712 16.9716 16.056
threshold=0.0040578655898571023 98.936172485351577 1.5999988317489626 39627588.000000007 1025280.9375000001 -0.00067550002131611098 1.6821999549865725
decision_type=2 2 2 2 2 2 2
left_child=4 2 -2 -3 5 -1 -6
right_child=1 3 -4 -5 6 -7 -8
leaf_value=-0.019550859811720681 -0.032372502025681898 0.02017017475300064 0.014276230522571163 -0.04994861922011383 0.027661861891132858 0.004052859378960957 -0.035943239738823067
leaf_weight=89.511825002729893 89.874879717826843 69.346116319298744 38.100768312811852 9.5119674950838071 79.820367559790611 509.97268211096525 11.266571745276449
leaf_count=270 295 149 92 31 175 1337 40
internal_value=0.000749841 -0.00694725 -0.0184452 0.0116489 0.00306245 0.000520138 0.0197396
internal_weight=897.405 206.834 127.976 78.8581 690.571 599.485 91.0869
internal_count=2389 567 387 180 1822 1607 215
is_linear=0
shrinkage=0.05


Tree=87
num_leaves=6
num_cat=0
split_feature=46 46 46 44 53
split_gain=6.03758 8.10953 10.4527 8.30288 3.69034
threshold=-1.2400327920913694 -1.0301926136016843 -0.78643882274627674 29564.644531250004 1.0966020226478579
decision_type=2 2 2 2 2
left_child=4 3 -3 -2 -1
right_child=1 2 -4 -5 -6
leaf_value=-0.064411549715631788 0.05621198542282279 -0.015571258222769611 0.0020672493883195919 0.0059360835310099461 0.014819280014638609
leaf_weight=5.6162801384925833 13.064650192856787 94.442639872431755 758.87287618219852 22.820118367671967 1.8631470352411268
leaf_count=33 22 273 1999 56 6
internal_value=0.000712515 0.00109429 0.000109208 0.0243795 -0.0440064
internal_weight=896.68 889.2 853.316 35.8848 7.47943
internal_count=2389 2350 2272 78 39
is_linear=0
shrinkage=0.05


Tree=88
num_leaves=6
num_cat=0
split_feature=36 43 65 37 30
split_gain=5.93468 9.76767 6.71858 14.2923 14.0463
threshold=-2.4558619260787959 1352706.6250000002 -1.1567320227622984 -1.6594517230987547 3.7828270196914677
decision_type=2 2 2 2 2
left_child=1 -1 4 -4 -2
right_child=2 -3 3 -5 -6
leaf_value=-0.069764770856264327 0.011944562434885481 0.047495403446034541 -0.014932902126384505 0.0025512308635911099 -0.076993691905901454
leaf_weight=6.8433371037244779 176.6562112569809 2.3461880832910538 147.77915665507317 558.25618498027325 4.5409264862537375
leaf_count=35 428 4 455 1447 20
internal_value=0.000677066 -0.0392828 0.00109659 -0.00110126 0.00968811
internal_weight=896.422 9.18953 887.232 706.035 181.197
internal_count=2389 39 2350 1902 448
is_linear=0
shrinkage=0.05


Tree=89
num_leaves=8
num_cat=0
split_feature=56 69 49 48 50 54 50
split_gain=5.83117 17.301 26.6725 17.7104 9.78826 17.237 15.1872
threshold=-0.22438663244247434 86.566413879394545 1.0900394916534426 -0.77017211914062489 0.0040578655898571023 -0.078805759549140916 0.010830430313944818
decision_type=2 2 2 2 2 2 2
left_child=1 2 -1 -3 5 -2 -6
right_child=4 3 -4 -5 6 -7 -8
leaf_value=-0.026761357393157489 0.021656567969255084 -0.053526232146600697 0.019999590733631546 0.029221266112592455 -0.025058474149010596 0.00087782324959692854 0.0082823557953359984
leaf_weight=119.4765240252018 131.89357525110245 7.4639111310243598 40.824818015098572 46.960896104574203 71.098667979240417 412.59190566837788 65.433810025453568
leaf_count=403 302 25 96 96 217 1089 161
internal_value=0.000642744 -0.00653452 -0.0148213 0.0177813 0.00291309 0.00592035 -0.00904311
internal_weight=895.744 214.726 160.301 54.4248 681.018 544.485 136.532
internal_count=2389 620 499 121 1769 1391 378
is_linear=0
shrinkage=0.05


Tree=90
num_leaves=8
num_cat=0
split_feature=7 4 36 58 33 36 39
split_gain=5.77565 15.8922 13.9391 10.1072 8.0258 17.4671 8.56855
threshold=3.1789813041687016 45760.541015625007 1.0671561956405642 1298912.0000000002 1.3395261764526369 -0.63623011112213124 -0.77476397156715382
decision_type=2 2 2 2 2 2 2
left_child=4 2 -2 -3 6 -6 -1
right_child=1 3 -4 -5 5 -7 -8
leaf_value=-0.01545837100066502 0.0098873530427068517 -0.08787357980843781 -0.099155693322855634 0.019532957326812955 0.036892192430462219 -0.042957346434155302 0.0040803464583558458
leaf_weight=60.573271691799164 34.096398174762726 9.9180252999067289 3.2059113830327979 2.7196314036846152 9.2503584623336774 25.879201307892799 749.41299429535866
leaf_count=183 87 42 13 6 19 86 1953
internal_value=0.000611016 -0.0159025 0.000381713 -0.064364 0.00159276 -0.0217889 0.00261301
internal_weight=895.056 49.94 37.3023 12.6377 845.116 35.1296 809.986
internal_count=2389 148 100 48 2241 105 2136
is_linear=0
shrinkage=0.05


Tree=91
num_leaves=7
num_cat=0
split_feature=26 21 23 21 31 41
split_gain=5.88446 7.33693 9.58214 9.41624 2.73849 5.17413
threshold=0.0015000040875747802 -231551.85937499997 567.50000000000011 -154611.29687499997 -1.8692975044250486 -0.44810123741626734
decision_type=2 2 2 2 2 2
left_child=4 2 -2 -3 5 -1
right_child=1 3 -4 -5 -6 -7
leaf_value=0.049193710542801403 -0.080087025318522381 0.033936121824603808 0.023177658060366497 -0.0002955325139277106 0.059151536636214336 -0.019655072015245051
leaf_weight=5.5042522847652444 6.2747331559658033 20.571784779429436 3.4011998325586319 848.42086437344551 5.5532747209072104 5.2871329188346872
leaf_count=12 28 39 7 2276 11 16
internal_value=0.000579922 2.12797e-05 -0.0432716 0.000509084 0.0303059 0.0149986
internal_weight=895.013 878.669 9.67593 868.993 16.3447 10.7914
internal_count=2389 2350 35 2315 39 28
is_linear=0
shrinkage=0.05


Tree=92
num_leaves=8
num_cat=0
split_feature=40 19 7 24 49 48 35
split_gain=5.70604 14.7533 27.8155 20.0508 8.2554 14.3562 9.93819
threshold=1.8589459061622622 13986.490234375002 2.3317816257476811 889.50000000000011 0.49472603201866155 0.34281393885612493 -1.2420616745948789
decision_type=2 2 2 2 2 2 2
left_child=4 2 -2 -3 5 -1 -6
right_child=1 3 -4 -5 6 -7 -8
leaf_value=0.0010544556579544838 0.023227493928436177 -0.054408134869729223 -0.088091692658379711 0.062052198138433858 -0.0055951809073898698 -0.026778895089569845 0.01708378415453676
leaf_weight=545.01607644557953 36.8414176851511 27.373357474803928 6.6129267066717139 4.2346402555704108 70.050649553537369 50.612513408064842 153.62408775091171
leaf_count=1463 83 104 29 6 192 160 352
internal_value=0.000551797 -0.0126345 0.00617176 -0.0386473 0.00176599 -0.00130224 0.00995881
internal_weight=894.366 75.0623 43.4543 31.608 819.303 595.629 223.675
internal_count=2389 222 112 110 2167 1623 544
is_linear=0
shrinkage=0.05


Tree=93
num_leaves=7
num_cat=0
split_feature=28 61 34 26 61 31
split_gain=5.72183 7.91615 15.4883 13.7307 6.56691 3.96477
threshold=-3854.1249999999995 122.6751174926758 0.67712223529815685 0.0099999927915632742 84.000007629394545 -0.37892575562000269
decision_type=2 2 2 2 2 2
left_child=4 3 -3 -2 5 -1
right_child=1 2 -4 -5 -6 -7
leaf_value=0.020875757185686253 -0.019555253304658942 -0.0016059840121714583 0.018711645078830285 0.00049128140852567649 -0.022879018186290522 0.075847273371946369
leaf_weight=7.8497512638568887 116.06617380678654 301.33032561093569 135.95326574146748 321.7787866294384 4.631695829331874 6.0893914699554452
leaf_count=17 346 823 307 874 15 7
internal_value=0.000523803 -5.32972e-05 0.00469942 -0.00481134 0.0279882 0.0452491
internal_weight=893.699 875.129 437.284 437.845 18.5708 13.9391
internal_count=2389 2350 1130 1220 39 24
is_linear=0
shrinkage=0.05


Tree=94
num_leaves=6
num_cat=0
split_feature=46 49 13 60 23
split_gain=5.55338 7.67567 17.6804 11.9621 3.5265
threshold=-1.2400327920913694 -0.89295485615730275 32029024.000000004 0.025480152107775215 60.500000000000007
decision_type=2 2 2 2 2
left_child=4 2 -2 -3 -1
right_child=1 3 -4 -5 -6
leaf_value=-0.06351250615846947 0.032742547411122633 -0.00047394839066686639 -0.0063593663054072984 -0.086648984694967859 0.014458568646138786
leaf_weight=5.4236557707190505 56.911858588457108 766.54602986574173 58.406435146927834 4.0495682507753363 1.84892101585865
leaf_count=33 115 2057 161 17 6
internal_value=0.000498306 0.000861051 0.0128948 -0.000933297 -0.0430023
internal_weight=893.186 885.914 115.318 770.596 7.27258
internal_count=2389 2350 276 2074 39
is_linear=0
shrinkage=0.05


Tree=95
num_leaves=6
num_cat=0
split_feature=36 4 64 52 26
split_gain=5.52467 7.6951 6.24308 23.7329 10.3429
threshold=-2.4558619260787959 966498.93750000012 3.4070993661880498 -0.0026435594772920008 0.0099999927915632742
decision_type=2 2 2 2 2
left_child=1 -1 4 -4 -2
right_child=2 -3 3 -5 -6
leaf_value=-0.068750642671385628 -0.0031046361280797183 0.032511536493765834 -0.037954222952254223 0.0098211332148908526 0.0084308695200852046
leaf_weight=6.3119296059012395 404.13623556494713 2.5932962149381638 45.225395992398262 60.877692639827728 373.59478734433651
leaf_count=33 1080 6 182 158 930
internal_value=0.000472466 -0.0387006 0.000872818 -0.0104955 0.00243019
internal_weight=892.739 8.90523 883.834 106.103 777.731
internal_count=2389 39 2350 340 2010
is_linear=0
shrinkage=0.05


Tree=96
num_leaves=8
num_cat=0
split_feature=69 69 49 52 66 3 60
split_gain=5.56754 15.6846 33.314 12.886 22.3393 15.704 11.5879
threshold=16.666790962219242 26.695286750793461 -0.71560657024383534 -0.0071871445979923001 -1.5371868610382078 217856.20312500003 0.025480152107775215
decision_type=2 2 2 2 2 2 2
left_child=3 2 -2 5 -5 -1 -3
right_child=1 6 -4 4 -6 -7 -8
leaf_value=0.00797622003788955 0.021385824351315766 0.0018103938291056621 -0.042816078381524819 0.074067346444461821 -0.028018571844270541 -0.042219707636394536 -0.083738611524269937
leaf_weight=158.37487607449293 30.402774840593338 597.63187461346388 59.788707748055458 16.867627888917927 7.7684483826160422 17.267104431986809 3.983015537261962
leaf_count=409 75 1562 214 25 24 63 17
internal_value=0.000447926 -0.00167144 -0.0211187 0.00779367 0.0416738 0.00301307 0.0012357
internal_weight=892.084 691.806 90.1915 200.278 24.6361 175.642 601.615
internal_count=2389 1868 289 521 49 472 1579
is_linear=0
shrinkage=0.05


Tree=97
num_leaves=8
num_cat=0
split_feature=17 17 48 21 7 19 68
split_gain=5.4601 11.9586 18.0017 15.6322 10.6489 24.3072 22.2806
threshold=67263.851562500015 13938.299804687502 1.7259756326675417 5052.1499023437509 2.3712596893310551 67598.832031250015 26.31577301025391
decision_type=2 2 2 2 2 2 2
left_child=1 3 -3 -1 5 -2 -6
right_child=4 2 -4 -5 6 -7 -8
leaf_value=0.0009071654861491675 0.038837324705752074 -0.016745316245196581 0.023783127566449125 0.041898588435237943 -0.044410613437706602 -0.015316794082528224 0.045395054985722987
leaf_weight=494.82600053399801 28.994963362812996 192.45365145802498 31.856247097253799 24.423744842410088 8.3867706507444364 72.610377073287964 37.999900430440903
leaf_count=1348 53 571 69 49 28 205 66
internal_value=0.000424684 -0.00131509 -0.0109672 0.00284489 0.00919965 8.78754e-05 0.0290503
internal_weight=891.552 743.56 224.31 519.25 147.992 101.605 46.3867
internal_count=2389 2037 640 1397 352 258 94
is_linear=0
shrinkage=0.05


Tree=98
num_leaves=8
num_cat=0
split_feature=50 51 50 4 43 71 3
split_gain=5.4761 16.7979 20.813 15.1496 10.4249 15.8651 12.3092
threshold=0.0040578655898571023 -1.0000000180025095e-35 0.011331663932651283 241735.41406250003 1025280.9375000001 155600.44531250003 -244944.35156249997
decision_type=2 2 2 2 2 2 2
left_child=4 2 -2 -3 5 -1 -6
right_child=1 3 -4 -5 6 -7 -8
leaf_value=0.0031827734816507018 -0.066095969403894408 0.0021363397823405748 0.01818409857152976 -0.086464889326331021 -0.00118742971040855 -0.0218437440139439 0.035752732336091324
leaf_weight=523.75244281440973 22.853350281715393 166.50001604855061 10.66185376793146 4.967998504638671 42.130302265286446 72.032598614692688 47.904549866914749
leaf_count=1387 96 423 27 21 117 220 98
internal_value=0.000404939 -0.00675907 -0.0391356 -0.000401572 0.00255346 0.000148583 0.0184117
internal_weight=890.803 204.983 33.5152 171.468 685.82 595.785 90.0349
internal_count=2389 567 123 444 1822 1607 215
is_linear=0
shrinkage=0.05


Tree=99
num_leaves=8
num_cat=0
split_feature=66 68 11 9 9 7 9
split_gain=5.54387 22.9967 22.2247 21.7495 17.8251 14.0622 12.8467
threshold=-1.3962802290916441 33.333278656005866 37.23500061035157 48635408.000000007 103453536.00000001 1.5792530179023745 111829560.00000001
decision_type=2 2 2 2 2 2 2
left_child=2 3 6 -2 -3 -4 -1
right_child=1 4 5 -5 -6 -7 -8
leaf_value=0.0020407243118293807 0.01635977858796046 -0.0026766423261957001 -0.030120158697611744 -0.077376289430750533 0.032744536522222562 0.052037096126570696 -0.07898556762615791
leaf_weight=260.54896657168865 9.0910796374082583 517.23154147714376 6.0282385796308509 18.868252277374268 38.134506031870842 35.307586476206779 4.9847047477960578
leaf_count=711 21 1393 20 78 78 65 23
internal_value=0.000383902 -0.00247199 0.00582893 -0.0467188 -0.000235425 0.0399347 0.000500836
internal_weight=890.195 583.325 306.869 27.9593 555.366 41.3358 265.534
internal_count=2389 1570 819 99 1471 85 734
is_linear=0
shrinkage=0.05


end of trees

feature_importances:
atr=43
z_ask_qty=26
pull_ema8=26
RSI=25
Delta_Qty=22
ret_kurt_20=21
btc_cvd_mom=20
z_btc_10=19
Agg._Funding_Rate=17
z_cvd_10=17
z_ls=16
z_oi=15
z_ask_trades=15
z_bid_trades=14
stoch_k=14
Bid_Qty=13
log_ret_3=13
z_btc_4=12
log_ret_5=12
cvd_accel=12
ema_50=11
Bid_USD=10
Agg._OI=9
cvd_delta=9
vol_regime=8
liq_long_5=8
pull_ema50=8
liq_short_5_mean=8
Sell_Qty=7
Candle_Delta=7
Long/Short_Ratio_(Account)=7
macro_score=7
log_ret_1=7
ret_skew_20=7
atr_ratio_lag1=7
price_atr=7
Net_Shorts=6
Bid_Trades=6
ema_slow=6
funding=6
ret_skew_10=6
ret_kurt_10=6
Agg._Liq_Long=5
Net_Longs=5
Ask_Trades=5
z_cvd_4=5
z_cvd_20=5
liq_short_5=5
pull_ema21=5
Candle=4
Agg._Liq_Short=4
z_btc_20=4
z_delta_qty=4
btc_CVD=4
Ask_Qty=3
total_qty=3
z_bid_qty=3
ret_lag1=3
CVD=2
Ask_USD=2
Delta_USD=2
rsi=2
liq_long_5_mean=2
Buy_Qty=1
Whale_Ind=1
Price_Low=1
Price_High=1
ema_fast=1
atr_ratio=1

parameters:
[boosting: gbdt]
[objective: binary]
[metric: binary_logloss]
[tree_learner: serial]
[device_type: cpu]
[data_sample_strategy: bagging]
[data: ]
[valid: ]
[num_iterations: 100]
[learning_rate: 0.05]
[num_leaves: 31]
[num_threads: 1]
[seed: 42]
[deterministic: 0]
[force_col_wise: 0]
[force_row_wise: 0]
[histogram_pool_size: -1]
[max_depth: 3]
[min_data_in_leaf: 10]
[min_sum_hessian_in_leaf: 0.001]
[bagging_fraction: 0.8]
[pos_bagging_fraction: 1]
[neg_bagging_fraction: 1]
[bagging_freq: 0]
[bagging_seed: 400]
[bagging_by_query: 0]
[feature_fraction: 0.8]
[feature_fraction_bynode: 1]
[feature_fraction_seed: 30056]
[extra_trees: 0]
[extra_seed: 12879]
[early_stopping_round: 0]
[early_stopping_min_delta: 0]
[first_metric_only: 0]
[max_delta_step: 0]
[lambda_l1: 0.1]
[lambda_l2: 0]
[linear_lambda: 0]
[min_gain_to_split: 0]
[drop_rate: 0.1]
[max_drop: 50]
[skip_drop: 0.5]
[xgboost_dart_mode: 0]
[uniform_drop: 0]
[drop_seed: 17869]
[top_rate: 0.2]
[other_rate: 0.1]
[min_data_per_group: 100]
[max_cat_threshold: 32]
[cat_l2: 10]
[cat_smooth: 10]
[max_cat_to_onehot: 4]
[top_k: 20]
[monotone_constraints: ]
[monotone_constraints_method: basic]
[monotone_penalty: 0]
[feature_contri: ]
[forcedsplits_filename: ]
[refit_decay_rate: 0.9]
[cegb_tradeoff: 1]
[cegb_penalty_split: 0]
[cegb_penalty_feature_lazy: ]
[cegb_penalty_feature_coupled: ]
[path_smooth: 0]
[interaction_constraints: ]
[verbosity: -1]
[saved_feature_importance_type: 0]
[use_quantized_grad: 0]
[num_grad_quant_bins: 4]
[quant_train_renew_leaf: 0]
[stochastic_rounding: 1]
[linear_tree: 0]
[max_bin: 63]
[max_bin_by_feature: ]
[min_data_in_bin: 3]
[bin_construct_sample_cnt: 200000]
[data_random_seed: 175]
[is_enable_sparse: 1]
[enable_bundle: 1]
[use_missing: 1]
[zero_as_missing: 0]
[feature_pre_filter: 1]
[pre_partition: 0]
[two_round: 0]
[header: 0]
[label_column: ]
[weight_column: ]
[group_column: ]
[ignore_column: ]
[categorical_feature: ]
[forcedbins_filename: ]
[precise_float_parser: 0]
[parser_config_file: ]
[objective_seed: 16083]
[num_class: 1]
[is_unbalance: 0]
[scale_pos_weight: 3.91564]
[sigmoid: 1]
[boost_from_average: 1]
[reg_sqrt: 0]
[alpha: 0.9]
[fair_c: 1]
[poisson_max_delta_step: 0.7]
[tweedie_variance_power: 1.5]
[lambdarank_truncation_level: 30]
[lambdarank_norm: 1]
[label_gain: ]
[lambdarank_position_bias_regularization: 0]
[eval_at: ]
[multi_error_top_k: 1]
[auc_mu_weights: ]
[num_machines: 1]
[local_listen_port: 12400]
[time_out: 120]
[machine_list_filename: ]
[machines: ]
[gpu_platform_id: -1]
[gpu_device_id: -1]
[gpu_use_dp: 0]
[num_gpu: 1]

end of parameters

pandas_categorical:[]
