tree
version=v4
num_class=1
num_tree_per_iteration=1
label_index=0
max_feature_idx=16
objective=binary sigmoid:1
feature_names=macro pull_ema8 pull_ema21 pull_ema50 rsi stoch_k z_cvd_4 z_btc_4 z_btc_10 z_cvd_20 z_btc_20 cvd_delta btc_cvd_mom vol_regime z_oi z_ls funding
feature_infos=[-1:1] [-2492665.0223178193:2308014.8344861716] [-33168023.546981119:28883110.503957752] [-91339434.715275168:82648757.096419051] [0:99.999993000000487] [0:100] [-1.4999957553504295:1.4999883330820041] [-1.499998479364401:1.4999960334161351] [-2.8223650191374543:2.8409553325178249] [-4.2204234603754811:4.1330226874787934] [-4.1913075890051363:4.1665921201492804] [-50769413:32068408] [-9064.1369999996386:5735.8919999999925] [-2.6598978240659008:9.8999999960745448] [-5.7734080983016138:6.7767240174507286] [-6.2173334379229068:9.8999999994886387] [-0.001787:0.0028969999999999998]
tree_sizes=3321 3379 3409 3390 3403 3415 3408 3416 3422

Tree=0
num_leaves=31
num_cat=0
split_feature=3 3 13 2 13 1 5 2 15 15 1 10 9 3 4 13 15 9 2 1 3 13 0 0 14 15 14 10 11 10
split_gain=399.013 854.63 408.034 328.821 450.18 295.66 500.02 274.187 223.542 140.251 124.601 224.867 114.901 111.684 99.2706 102.678 150.727 97.8514 89.2951 228.437 170.326 152.254 80.9363 112.786 79.7002 127.132 71.8996 64.9363 59.4546 57.3168
threshold=-36.109473744438951 -4.5498844788315411 -0.410055582313399 -6.1013780192076227e-05 -0.14214106241520744 -0.45788475725860728 21.825396825397309 -7.0231157384000253 0.31671996321429285 2.0919267540727162 -0.00035020648475603229 0.34367756841830305 0.42671079524119454 -0.3222388543511725 66.666666666667226 1.0000000180025095e-35 -2.3698118573589526 0.21290460457977187 -0.98468685198444716 -0.20768556988746389 -7.3871803447956035 0.83774379495841844 1.0000000180025095e-35 -1.0000000180025095e-35 0.72456089375327248 0.51108831730395343 -0.1093977462219695 2.0099434893378851 -1665656.9999999998 0.44185693498713347
decision_type=2 2 2 2 2 2 2 2 2 2 2 2 2 2 2 2 2 2 2 2 2 2 2 2 2 2 2 2 2 2
left_child=-1 2 -2 4 5 -3 8 9 17 -4 -6 -12 13 -13 -5 16 26 -7 19 20 21 28 23 29 -8 -26 -16 -18 -9 -10
right_child=1 3 7 14 10 6 24 18 22 -11 11 12 -14 -15 15 -17 27 -19 -20 -21 -22 -23 -24 -25 25 -27 -28 -29 -30 -31
leaf_value=-2.8343012600501769 -2.1283983367068182 -2.774233970855585 -2.052003854197455 -2.816387491717538 -2.7867407484751032 -2.3174102230728759 -2.7956683596648819 -2.8039672790069079 -2.4154034265955122 -2.6760370111287743 -2.7846638365248277 -2.2138334659833148 -2.1265083690405708 -2.8343012600501769 -2.0429800154431641 -2.7947906124728101 -2.7515722208412621 -2.0092169756732643 -2.8343012600501769 -2.0664723648924341 -2.7959269466821861 -1.924281828752112 -2.7298728007208908 -2.0034139532128123 -2.7256422234772737 -2.1972876581415313 -2.5407466047927372 -2.5048114659594982 -2.3792915444011458 -2.7736332979636393
leaf_weight=244.28049905598164 5.8789953663945225 16.647996224462986 3.1318012699484852 265.15917418897152 117.74473897367716 6.867985241115095 11.6481029689312 1.6483164578676224 3.461464561522007 1.2637092843651769 9.0657405182719213 1.2087654024362566 2.4724746868014336 1.8131481036543835 1.2637092843651774 39.229931697249413 16.318332932889465 4.1207911446690559 5.7141637206077531 1.7582042217254628 9.1206844002008438 1.1538215205073354 3.3515767976641655 1.2637092843651752 3.6812400892376891 1.6483164578676222 1.7032603397965456 3.1867451518774024 1.6483164578676268 1.6483164578676222
leaf_count=4446 107 303 57 4826 2143 125 212 30 63 23 165 22 45 33 23 714 297 75 104 32 166 21 61 23 67 30 31 58 30 30
internal_value=-2.7812 -2.7574 -2.50382 -2.77286 -2.71991 -2.59875 -2.52123 -2.59058 -2.35636 -2.23141 -2.76968 -2.63169 -2.37929 -2.58611 -2.8031 -2.74597 -2.66075 -2.20184 -2.6656 -2.60272 -2.67219 -2.41861 -2.53096 -2.42636 -2.72239 -2.56223 -2.32873 -2.71126 -2.59163 -2.53096
internal_weight=789.104 544.824 31.318 513.506 186.644 54.3395 37.6915 25.439 20.7138 4.39551 132.305 14.5601 5.49439 3.02191 326.861 61.702 22.472 10.9888 21.0435 15.3293 13.5711 4.45045 9.72507 6.37349 16.9777 5.32956 2.96697 19.5051 3.29663 5.10978
internal_count=14362 9916 570 9346 3397 989 686 463 377 80 2408 265 100 55 5949 1123 409 200 383 279 247 81 177 116 309 97 54 355 60 93
is_linear=0
shrinkage=1


Tree=1
num_leaves=31
num_cat=0
split_feature=3 3 13 5 3 13 2 15 2 13 14 5 2 5 14 2 8 15 9 2 13 14 10 4 13 15 13 4 13 3
split_gain=362.694 626.379 252.283 214.057 182.348 298.281 164.304 119.308 124.861 117.202 93.8659 60.8595 58.6351 102.323 62.8166 57.7133 56.6587 60.2667 69.6895 54.4535 51.2057 65.205 49.5555 70.4534 69.8378 65.9669 57.063 44.8096 42.2766 39.0978
threshold=-36.109473744438951 -1.7212350513751475 -0.410055582313399 1.0000000180025095e-35 17.950315637300687 -0.11155327910073598 -7.0231157384000253 -1.4901633589783603 -0.0012730969646629336 -0.76443634162972418 -1.1483549156910617 50.000000000000078 -0.70369622355550399 21.825396825397309 -1.6789989914878931 1.9247499593780035 -0.25269164948447359 1.0327465054486205 0.23076634996238873 -0.40763370191206921 -0.36171309368374299 0.75511189923112376 1.3318388630785629 49.416632749966077 0.017762356157466457 1.9992009264130317 0.017762356157466457 33.333333333333307 0.39006538939280805 -0.40781353590388103
decision_type=2 2 2 2 2 2 2 2 2 2 2 2 2 2 2 2 2 2 2 2 2 2 2 2 2 2 2 2 2 2
left_child=-1 2 3 -2 5 7 28 9 12 -3 15 19 -9 14 -14 -11 -8 -18 27 -12 21 -15 -7 26 -25 -26 -24 -19 -4 -28
right_child=1 4 6 -5 -6 22 16 8 -10 10 11 -13 13 20 -16 -17 17 18 -20 -21 -22 -23 23 24 25 -27 29 -29 -30 -31
leaf_value=-0.05293797609573532 0.32973821203041354 0.49358477452306193 0.2187516041304389 -0.053395939465580161 -0.05299805253019807 -0.02507537347186653 0.025596299004549246 -0.0029734170711425874 0.0043083184371384446 0.16776518334226154 0.053265802369116655 -0.0043004437418001284 -0.023048284449185115 0.054765551801465952 0.31169243564240123 0.56542857612681197 0.067682895199427856 0.22522082827431644 0.54094469181425386 0.49744180800836885 -0.053337106384982319 0.36132885867796311 -0.053192196564771047 0.20154252367220923 -0.030787908469226494 0.36701876939846789 0.031643823034483466 -0.053093346882714991 0.46858560270192706 0.27154419012851888
leaf_weight=233.05228744447231 21.813537865877155 3.1072503700852421 4.3732605874538413 4.3771080784499636 134.47851920872927 182.10942755267024 41.169080212712288 5.8885049037635353 36.581948395818472 1.7966645807027828 1.3994347192347052 7.1171284206211567 1.5969720520079125 5.5542592033743876 11.450866814702751 1.8538276590406892 21.027415435761217 6.4386869184672815 1.4270928427577008 1.3611369729042015 4.9811475053429559 2.5221644341945648 2.8556430116295806 3.913947280496358 38.207106843590736 1.0713528022170056 2.3476868607103816 1.8651972934603689 2.7632239758968353 6.1405993476510039
leaf_count=4446 263 52 51 76 2520 3349 726 93 669 25 22 121 23 99 146 25 358 96 20 23 87 32 52 61 709 20 40 34 29 95
internal_value=-0.000501064 0.0212595 0.131211 0.265707 -0.00410093 0.0163293 0.0866578 0.0965436 0.0674038 0.216666 0.153062 0.0729949 0.139547 0.171695 0.270722 0.36971 0.063954 0.115294 0.218177 0.272273 0.0727419 0.150501 -0.0125542 0.0292567 0.000132349 -0.0199374 0.140149 0.162707 0.315487 0.205193
internal_weight=794.642 561.59 105.255 26.1906 456.336 321.857 79.064 85.2113 68.5759 16.6354 13.5282 9.8777 31.9939 26.1054 13.0478 3.65049 71.9275 30.7584 9.73098 2.76057 13.0576 8.07642 236.646 54.5363 43.1924 39.2785 11.3439 8.30388 7.13648 8.48829
internal_count=14362 9916 1653 339 8263 5743 1314 1417 1149 268 216 166 480 387 169 50 1234 508 150 45 218 131 4326 977 790 729 187 130 80 135
is_linear=0
shrinkage=0.05


Tree=2
num_leaves=31
num_cat=0
split_feature=3 3 3 13 13 5 2 15 2 14 13 14 9 13 13 15 3 1 13 13 10 5 2 3 14 13 14 2 13 15
split_gain=334.412 494.262 169.52 242.347 150.667 125.669 104.06 72.8625 92.5479 50.6778 94.2848 69.003 62.0862 50.4614 86.6976 70.7449 64.2576 62.5432 47.8722 54.4729 44.4945 56.876 56.7151 50.7203 63.9415 46.8608 44.0398 52.1158 71.3788 49.0023
threshold=-36.109473744438951 -1.7212350513751475 17.950315637300687 -0.11155327910073598 -0.410055582313399 1.0000000180025095e-35 -5.9189335755962409 -1.4901633589783603 -0.0012730969646629336 -0.83863563644514527 0.18214994111671684 -1.5722182832857048 -1.0000000180025095e-35 0.093724297028088807 0.20574434923702256 -0.14023854046634485 -6.4690940376603905 -0.098016166277187136 -0.75355772929087472 -0.20141497962201879 1.3318388630785629 98.837209302325405 -0.00017152945730458666 -0.10532459971679276 0.94356090507287482 1.0000000180025095e-35 -1.6789989914878931 -0.70369622355550399 -0.36171309368374299 -0.51971245123137433
decision_type=2 2 2 2 2 2 2 2 2 2 2 2 2 2 2 2 2 2 2 2 2 2 2 2 2 2 2 2 2 2
left_child=-1 4 3 7 5 -2 -6 18 26 10 11 -8 -12 -11 15 -15 -16 -18 -3 -20 -5 23 -23 -22 -25 -24 -9 -28 -29 -30
right_child=1 2 -4 20 6 -7 9 8 -10 13 12 -13 -14 14 16 -17 17 -19 19 -21 21 22 25 24 -26 -27 27 28 29 -31
leaf_value=-0.05278649015649798 0.24065481579770617 0.30385143083348182 -0.052843295468879337 -0.024370490416023797 0.21029297609121778 -0.053220530102143317 0.11590593680120753 -0.040934837863202428 0.0040769516346103049 -0.030939159227218689 -0.0099335028328859185 0.38841558358482842 0.34502711223051341 0.49804009572941504 0.2869518046119543 0.045265722524315592 -0.016317265982639509 0.26521322169978684 0.066251545023271283 0.2776498226055783 0.019430923806896674 0.30718861549285331 0.13782890755086349 0.36213917305251675 0.082344631377973987 -0.040644473448657445 -0.0011097441374927088 0.22726078533301308 0.20799023910156908 -0.029336109537036817
leaf_weight=222.30631367862225 28.182001851499081 4.8676352873444584 128.28507882356644 178.11103153601289 12.333269316703079 4.177009940147399 5.2605067864060402 3.9372249357402316 36.721404664218426 22.186322346329689 11.498180981725453 4.1599569059908408 1.379719030112027 1.9942025318741801 2.3276058658957508 1.5205278694629694 20.333061814308174 2.1847009360790208 11.171929106116295 4.1902759186923477 9.5824173279106635 1.3719813600182522 4.1514337807893744 3.2416012994945032 5.5175782665610313 32.245653159916401 5.6818177700042716 16.938183210790157 3.3912470787763596 6.0647301636636275
leaf_count=4446 263 55 2520 3349 127 76 69 65 669 378 197 48 23 33 25 26 360 28 166 47 163 13 55 49 95 602 90 195 34 96
internal_value=-0.000733495 0.0194612 -0.00412868 0.0149716 0.110875 0.20272 0.0759829 0.0832757 0.0599309 0.053243 0.116033 0.236243 0.0280964 0.0255436 0.0697305 0.302163 0.0368496 0.0109972 0.16721 0.123914 -0.0121388 0.0266881 -0.00839213 0.0989254 0.185891 -0.0202879 0.116883 0.136255 0.165825 0.0557775
internal_weight=795.315 573.008 455.471 327.186 117.537 32.359 85.1781 92.9644 72.7346 72.8448 22.2984 9.42046 12.8779 50.5464 28.3601 3.51473 24.8454 22.5178 20.2298 15.3622 234.222 56.1107 37.7691 18.3416 8.75918 36.3971 36.0132 32.076 26.3942 9.45598
internal_count=14362 9916 8263 5743 1653 339 1314 1417 1149 1187 337 117 220 850 472 59 413 388 268 213 4326 977 670 307 144 657 480 415 325 130
is_linear=0
shrinkage=0.05


Tree=3
num_leaves=31
num_cat=0
split_feature=3 2 4 3 1 5 4 13 9 13 13 15 14 1 12 10 14 3 10 14 15 3 13 3 13 14 5 1 15 5
split_gain=309.852 423.078 292.82 115.782 120.517 123.076 80.1041 69.901 69.3884 58.2958 54.2599 61.7094 48.1615 58.7881 45.3864 39.2095 37.8953 35.7833 56.0398 33.8599 32.6333 71.5088 32.9161 30.9914 82.7905 64.9523 41.5809 62.9832 63.8877 78.275
threshold=-36.109473744438951 -6.1013780192076227e-05 20.240963855421729 -7.3871803447956035 -0.41670997625002243 33.33333333333308 66.666666666667226 0.16295675378528515 0.82919001676870885 0.60630950640154058 0.44139080800231906 1.8464683598898668 0.25965155196845163 -6.2791380353588376e-05 2455.7440000001811 -0.60514560639985693 -0.85658362939097976 -0.60670228017670624 -1.0000000180025095e-35 1.7042270746631518 1.298709425463348 0.047365844776046447 0.042123088835930599 9.821701133028478 -0.88686818193863581 -0.23243283905353734 96.036106750392108 1.0000000180025095e-35 1.9731585803007796 37.26851851851827
decision_type=2 2 2 2 2 2 2 2 2 2 2 2 2 2 2 2 2 2 2 2 2 2 2 2 2 2 2 2 2 2
left_child=-1 2 3 16 -5 8 23 15 9 -6 11 14 -7 -14 -8 -4 -2 -15 -19 20 21 22 -17 24 25 -3 27 -26 29 -29
right_child=1 6 7 4 5 12 10 -9 -10 -11 -12 -13 13 17 -16 19 -18 18 -20 -21 -22 -23 -24 -25 26 -27 -28 28 -30 -31
leaf_value=-0.052643218899656279 0.12953079630761605 0.39651155291826984 -0.0028600478864162929 0.01488520658526904 0.147942808547986 -0.048962908743430129 0.039961800685196919 -0.024846276231834417 0.24065571277765999 0.0052790478293228442 -0.028211979228700942 0.40009009283162211 -0.053531502315185268 0.31214475691529614 0.28029968943828315 0.092840398779022157 0.25647957393641019 -0.053707063667018745 0.29411924795840183 -0.053807303454999213 0.011483835981323342 0.48544810765751534 0.34742158949792057 -0.052694819389369908 -0.023229830454370201 0.011776726087644303 -0.043895143089915808 0.31499365296696968 0.40303156274269913 -0.008953915691625184
leaf_weight=212.02528636157513 9.6022929698228854 2.1041528731584549 12.616983186453583 38.46605958044529 44.625364933162928 11.945837635546924 37.072466187179089 76.261135425418615 17.173724882304668 8.5292144045233709 26.296014986932278 1.3214978575706471 4.3933716341853142 2.9584112837910652 2.074270859360694 8.4418394081294554 15.158696323633192 2.7875491194427013 1.980932429432867 2.6225643195211878 3.7064986974000922 1.662234243005513 1.4944539889693249 117.14342274144292 28.43954886123538 2.2919159047305575 88.602956689894199 2.439891040325163 1.6430596262216557 7.9101744405925274
leaf_count=4446 91 29 191 630 482 220 574 1424 150 150 505 21 75 22 23 113 115 49 16 42 53 18 23 2415 525 39 1707 40 29 145
internal_value=-0.000897545 0.0179612 0.0646718 0.107984 0.0894837 0.119883 -0.020961 0.000753135 0.153281 0.125051 0.0277058 0.0640408 0.0222838 0.0925052 0.0526966 0.0646676 0.207249 0.175539 0.0907877 0.112192 0.140636 0.181909 0.13113 -0.0339279 -0.017452 0.195928 -0.0247215 0.017295 0.113392 0.0674124
internal_weight=793.792 581.767 264.427 157.621 132.86 94.3944 317.339 106.806 70.3283 53.1546 66.7642 40.4682 24.0661 12.1203 39.1467 30.5446 24.761 7.72689 4.76848 17.9276 15.305 11.5985 9.93629 250.575 133.432 4.39607 129.036 40.4327 11.9931 10.3501
internal_count=14362 9916 3864 2000 1794 1164 6052 1864 782 632 1123 618 382 162 597 440 206 87 65 249 207 154 136 4929 2514 68 2446 739 214 185
is_linear=0
shrinkage=0.05


Tree=4
num_leaves=31
num_cat=0
split_feature=3 2 4 3 1 5 4 13 13 1 3 13 14 1 10 15 3 13 5 1 10 2 15 14 2 14 15 4 10 3
split_gain=287.982 363.939 232.519 80.3575 84.1048 88.9782 74.0117 60.3382 47.1902 56.7342 53.6337 46.2215 41.3019 45.7343 36.9205 34.2041 30.5711 64.8622 38.9745 50.6824 50.143 50.6485 56.3554 35.2495 30.6208 30.477 55.8994 70.2131 30.0901 29.8518
threshold=-36.109473744438951 -6.1013780192076227e-05 20.240963855421729 -6.4690940376603905 -0.33693575086070837 33.33333333333308 66.666666666667226 0.16295675378528515 -0.090370456631004237 -0.00021304374256033318 -4.2523324383250234 0.44139080800231906 0.25965155196845163 -6.2791380353588376e-05 1.9701057599569254 2.5716289018349765 9.821701133028478 -0.88686818193863581 96.036106750392108 1.0000000180025095e-35 -0.33039424086502905 0.1438178877973893 1.6448938948142084 -0.23243283905353734 0.99448658553032343 -0.19845423008943761 -1.940562967213872 84.614260666276962 -0.60514560639985693 -0.3222388543511725
decision_type=2 2 2 2 2 2 2 2 2 2 2 2 2 2 2 2 2 2 2 2 2 2 2 2 2 2 2 2 2 2
left_child=-1 2 3 -2 -5 8 16 28 15 10 -10 14 -7 -14 25 -6 17 23 19 -19 -21 -22 24 -3 -23 26 -8 -28 -4 -9
right_child=1 6 7 4 5 12 11 29 9 -11 -12 -13 13 -15 -16 -17 -18 18 -20 20 21 22 -24 -25 -26 -27 27 -29 -30 -31
leaf_value=-0.052507670142662111 0.1643782049907152 0.27322150182129185 -0.0027237653826925473 0.018212734702911942 0.17500964565497387 -0.048600105133543924 0.22972635400133307 -0.039038228729314305 0.28866072663743425 0.19381243922742888 0.0062219838639789088 -0.027501464816273372 -0.053349030941658042 0.1478177669797365 0.14899132157584 -0.0045830307103594337 -0.052556507814565646 -0.022538336899123074 -0.043409215709945013 -0.024759996166112453 0.43201072437915339 -0.028387088366396591 0.40946288760571642 0.01107169189134663 0.2503197134234213 -0.010092665025851566 0.36860369777781499 -0.022702093913185471 0.096239834581425043 0.043022580649861558
leaf_weight=202.19217909872532 33.264323472976685 2.8740477561950684 12.58665508776903 41.396256595849991 41.392309792339802 11.376305103302004 4.6779311522841445 61.058948121964931 1.8609853237867415 7.7490897402167311 17.365193162113428 25.643416438251734 4.1930369511246672 8.6617348752915841 8.7518923729658109 2.8326244577765456 111.71611635014415 27.861432436853647 85.201525054872036 5.2264421433210364 1.5392352528870086 3.9643838591873646 1.2909335307776926 2.3153471387922755 1.3115518279373644 18.26353682950139 1.2996221333742113 9.7216558903455734 19.706875275820494 13.540156900882719
leaf_count=4446 255 29 191 658 315 219 43 1166 13 83 269 505 75 87 100 26 2415 525 1707 90 20 68 17 39 19 293 19 163 249 258
internal_value=-0.0010259 0.0166575 0.0583608 0.0946772 0.0777321 0.10355 -0.020406 0.000572562 0.131716 0.0795955 0.0335605 0.0255622 0.0207904 0.0822001 0.0574186 0.163507 -0.0333212 -0.0169904 -0.0241034 0.0158268 0.0959996 0.17386 0.113351 0.156258 0.040897 0.0338212 0.0849079 0.0234404 0.057668 -0.0241437
internal_weight=790.836 588.644 276.984 170.092 136.828 95.4313 311.659 106.893 71.2002 26.9753 19.2262 68.3581 24.2311 12.8548 42.7146 44.2249 243.301 131.585 126.396 41.194 13.3325 8.1061 6.56687 5.18939 5.27594 33.9627 15.6992 11.0213 32.2935 74.5991
internal_count=14362 9916 3864 2000 1745 1087 6052 1864 706 365 282 1123 381 162 618 341 4929 2514 2446 739 214 124 104 68 87 518 225 182 440 1424
is_linear=0
shrinkage=0.05


Tree=5
num_leaves=31
num_cat=0
split_feature=3 2 4 3 13 15 3 1 5 13 13 1 3 15 13 14 1 15 3 15 13 0 13 10 15 14 3 3 14 15
split_gain=268.464 316.563 188.675 68.5349 63.8691 77.1228 60.0547 76.6217 66.645 52.9518 42.865 42.735 62.5648 36.713 55.9138 36.1412 36.6271 30.3668 27.4523 27.8548 46.4402 41.7852 51.5169 26.5022 27.1791 33.2849 41.8249 30.4163 25.8197 29.7628
threshold=-36.109473744438951 -6.1013780192076227e-05 20.240963855421729 17.950315637300687 -1.0000000180025095e-35 -1.940562967213872 -7.3871803447956035 -0.45788475725860728 33.33333333333308 0.16295675378528515 -0.090370456631004237 -0.00035020648475603229 -4.9381034061961238 1.9731585803007796 0.7093740998821576 0.25965155196845163 -6.2791380353588376e-05 2.1203655387478393 -0.3222388543511725 -0.42399345343314637 0.75492695714054725 1.0000000180025095e-35 1.8513408838185708 -1.5449215447717453 1.298709425463348 1.7042270746631518 -0.40781353590388103 -1.2260816756703121 1.8664710181499935 -0.14023854046634485
decision_type=2 2 2 2 2 2 2 2 2 2 2 2 2 2 2 2 2 2 2 2 2 2 2 2 2 2 2 2 2 2
left_child=-1 2 6 4 5 -3 -2 -8 10 23 17 12 -12 -6 -15 -10 -17 -9 -11 -20 -21 -22 -23 -4 25 26 27 -25 -7 -30
right_child=1 3 9 -5 13 28 7 8 15 18 11 -13 -14 14 -16 16 -18 -19 19 20 21 22 -24 24 -26 -27 -28 -29 29 -31
leaf_value=-0.052379397611766534 0.14725333429508525 0.12940693381624238 -0.045422484490161896 -0.052424864091962675 -0.029618164399693961 -0.0040520156815972291 0.0099646914527736635 0.15025481347129063 -0.048296356420268999 -0.038432745584515836 0.23588790393589082 0.15468270961810196 -0.0032399732388437258 0.30749385469694679 -0.0084938589040261161 -0.053176497070585887 0.1270286529166228 0.0058001996564203588 -0.044446499533766656 0.374335243131241 -0.052999690578135909 0.0094747538253117033 0.44274178884077664 0.12562864322868453 -0.017102918060233153 -0.054105836796715302 0.23942670528767929 -0.041532505683360837 0.21458846555934927 -0.053317545757303832
leaf_weight=192.79026362299919 31.30774088203907 16.719145681709051 5.7642353512346736 105.84365291520953 122.98927816748619 49.281332813203335 38.173403829336166 50.341656439006329 10.959079701453449 58.973082009702921 3.1759192943572989 9.8057156018912774 19.717098455876116 2.0626921467483035 4.3573486395180225 4.0011541098356238 9.5496723689138872 3.9215102195739737 5.8200221545994273 1.2869977243244628 4.1636026501655579 1.5857726261019709 1.2092818431556223 9.0442508645355755 6.5243290513753882 3.0336434319615355 5.548687573522332 3.8924976661801329 2.9502937532961369 1.5983131118118752
leaf_count=4446 206 165 91 2400 2493 831 605 349 220 1166 20 92 309 27 73 75 87 37 108 24 78 27 21 98 94 46 55 56 35 28
internal_value=-0.00111708 0.0155319 0.0531701 -0.0198904 -0.00266904 0.0356031 0.0842786 0.0711035 0.0920404 0.000485307 0.112565 0.0673437 0.0299339 -0.0235336 0.0930297 0.019218 0.0738195 0.139815 -0.0234623 0.0393045 0.0984183 0.0473877 0.196928 0.0522221 0.0722927 0.0993963 0.124588 0.075332 0.00646837 0.12045
internal_weight=786.392 593.601 287.799 305.802 199.958 70.5491 180.953 149.645 111.472 106.846 86.9619 32.6987 22.893 129.409 6.42004 24.5099 13.5508 54.2632 73.0388 14.0657 8.24565 6.95866 2.79505 33.8076 28.0434 21.5191 18.4854 12.9367 53.8299 4.54861
internal_count=14362 9916 3864 6052 3652 1059 2000 1794 1189 1864 807 421 329 2593 100 382 162 386 1424 258 150 126 48 440 349 255 209 154 894 63
is_linear=0
shrinkage=0.05


Tree=6
num_leaves=31
num_cat=0
split_feature=3 2 4 3 13 15 3 13 3 13 10 5 14 2 5 15 1 14 15 11 10 14 14 13 3 15 15 13 5 14
split_gain=250.798 276.629 156.837 66.1203 57.2554 61.5149 49.3003 46.7442 36.8214 54.0344 47.2894 35.6462 74.3814 67.0777 30.8224 27.8415 24.6666 23.8053 26.3883 23.2175 22.6207 21.9824 21.9605 45.8407 20.398 20.0211 19.3857 21.6593 34.0546 18.6333
threshold=-36.109473744438951 -6.1013780192076227e-05 20.240963855421729 17.950315637300687 -1.0000000180025095e-35 -1.940562967213872 -0.073305929670189257 0.22207005944829608 -8.60061772151135 -0.090370456631004237 0.7932806931887838 98.837209302325405 -1.8506346477044568 0.68669479445292425 49.999999999999901 -0.92703118111370719 -0.098016166277187136 0.72456089375327248 0.22630354884504142 4215789.0000000009 -1.5449215447717453 1.8664710181499935 -0.019154149980955808 -0.71237799701871818 -0.3222388543511725 2.0919267540727162 -0.42399345343314637 0.7093740998821576 1.0000000180025095e-35 -0.44084465440853904
decision_type=2 2 2 2 2 2 2 2 2 2 2 2 2 2 2 2 2 2 2 2 2 2 2 2 2 2 2 2 2 2
left_child=-1 2 6 4 5 22 8 20 25 14 -11 12 13 -6 15 -10 -12 -16 -19 -7 -4 -21 -3 -24 -9 -2 -26 -28 -29 -22
right_child=1 3 7 -5 11 19 -8 24 9 10 16 -13 -14 -15 17 -17 -18 18 -20 21 29 -23 23 -25 26 -27 27 28 -30 -31
leaf_value=-0.052257968562696322 0.16036182714912883 0.16364718072259885 -0.045164663762254142 -0.052301017987668702 -0.02853178650999437 -0.010615489887160649 -0.011435388413437914 -0.037447456505615595 0.16938327284962151 0.015633586006720584 0.0075331799119327568 -0.039847885633885499 -0.010342140213318071 0.33808824818040423 -0.052766317028738186 0.095735365963075109 0.15067933784267273 -0.053343036573573394 0.14991837546406056 0.026705759260357998 0.11355662364110997 0.18333591144191913 0.202084192989989 -0.036314445555917056 -0.04396869235364783 0.05452962656410229 0.24929341267934732 -0.033492614753056912 0.19495198182655604 0.033176076028953373
leaf_weight=183.80312635749578 20.829242631793026 9.7081270553171652 5.7386743985116473 100.91397772729397 2.0612371116876593 42.96430080384016 14.873948749154804 55.605759654194117 16.854706149548292 49.567922595888376 4.0240003801882258 89.918986607342958 31.560115899890661 3.1608111746609211 5.2565488666295987 53.773402418941259 11.936677634716032 2.3243884518742561 5.1008904427289963 8.0313318111002427 11.445715799927713 3.1065656989812842 3.2427122965455055 5.3321582004427892 5.5948281064629546 5.6894532516598693 1.4818301349878291 5.0681290924549103 2.4057690910995007 19.482003215700388
leaf_count=4446 113 70 95 2400 42 739 248 1139 104 750 61 1904 610 37 109 409 89 42 31 123 133 32 25 70 108 44 20 92 36 241
internal_value=-0.00118671 0.0145356 0.0487379 -0.0193308 -0.00261868 0.0328564 0.0759628 0.000255297 0.083376 0.0737049 0.0397361 -0.0228858 0.0185803 0.193377 0.100424 0.113311 0.114589 0.0286519 0.08629 0.00606151 0.0460064 0.0703928 0.112146 0.0538395 -0.023656 0.137656 0.0290489 0.0746645 0.0400413 0.0629233
internal_weight=780.857 597.054 297.054 300 199.086 72.3852 190.231 106.823 175.357 148.839 65.5286 126.701 36.7822 5.22205 83.3099 70.6281 15.9607 12.6818 7.42528 54.1022 36.6664 11.1379 18.283 8.57487 70.1563 26.5187 14.5506 8.95573 7.4739 30.9277
internal_count=14362 9916 3864 6052 3652 1059 2000 1864 1752 1595 900 2593 689 79 695 513 150 182 73 894 469 155 165 95 1395 157 256 148 128 374
is_linear=0
shrinkage=0.05


Tree=7
num_leaves=31
num_cat=0
split_feature=3 2 4 3 13 15 13 3 5 14 2 3 13 10 5 3 14 15 9 10 13 1 15 13 0 14 9 3 10 13
split_gain=234.78 243.638 131.741 63.6671 51.5585 50.4613 41.5232 40.7645 33.2933 56.8302 41.3974 29.375 43.4128 38.4416 23.6804 22.9666 20.9518 20.9176 20.6173 20.6127 20.5342 20.2479 19.2196 21.8594 26.057 32.514 18.8768 18.1299 17.3211 16.6856
threshold=-36.109473744438951 -6.1013780192076227e-05 20.240963855421729 17.950315637300687 -1.0000000180025095e-35 -1.940562967213872 0.16295675378528515 -0.073305929670189257 98.837209302325405 -1.8506346477044568 0.68669479445292425 -8.60061772151135 -0.090370456631004237 0.7932806931887838 49.999999999999901 -0.3222388543511725 0.72456089375327248 -0.92703118111370719 -0.41146004897010319 2.0099434893378851 0.11498948420009091 -6.2791380353588376e-05 -0.42399345343314637 0.7093740998821576 1.0000000180025095e-35 1.5223613401876916 0.84676216947198357 -3.4062210856930877 -1.3859520241489516 1.0000000180025095e-35
decision_type=2 2 2 2 2 2 2 2 2 2 2 2 2 2 2 2 2 2 2 2 2 2 2 2 2 2 2 2 2 2
left_child=-1 2 7 4 5 -3 20 11 9 10 -6 -2 14 -14 17 27 -16 -13 -15 -7 28 -18 -17 -24 -25 -26 -21 -8 -4 -11
right_child=1 3 6 -5 8 19 15 -9 -10 29 -12 12 13 18 16 22 21 -19 -20 26 -22 -23 23 24 25 -27 -28 -29 -30 -31
leaf_value=-0.052143004133412219 0.12232504071266592 0.099400876474441985 -0.038478721676011393 -0.052183771768200063 -0.027825542667734821 -0.0062158409698147158 0.12367776710828444 -0.010969458223970718 -0.039277078971538877 -0.052707748060523064 0.24997813711300251 0.14703441569165629 0.014656375052467741 0.019061888007685504 -0.052624694943343001 -0.043486100129307328 -0.053224210481806158 0.085716609257201329 0.13810908078769335 -0.018413918594206418 0.21575128869618909 0.1283925199077417 0.22272568354087008 -0.052867948742237839 0.24756519882778227 -0.053754523333401527 0.14969886180505071 -0.042346975271828784 0.05220204627555898 0.021254914441869149
leaf_weight=175.21470154076815 28.295968234539032 19.532507572323084 6.4713517986237994 96.202576566487551 2.0092146061360827 47.257112562656403 1.6964783705770958 14.734087478369473 86.745394684374332 13.18035823479295 4.0324094668030739 18.401031494140625 50.212065409868956 5.2521793432533768 5.013300307095049 5.3795445114374152 2.113375723361969 56.966651879251003 11.825808834284542 2.7056515328586093 1.651685632765292 5.6041364818811417 1.9763949513435344 3.9758940786123276 2.3065753839910035 1.4632000513374803 4.3615952581167221 53.494398757815361 28.273816462606192 18.092446967959404
leaf_count=4446 157 165 107 2400 42 811 33 248 1904 271 37 104 750 66 109 108 40 409 84 36 18 33 22 78 27 23 47 1133 315 339
internal_value=-0.00123145 0.0136551 0.0449578 -0.018817 -0.00259828 0.0304766 0.00015204 0.0690498 -0.0222889 0.0172039 0.157591 0.0754685 0.066936 0.0366963 0.0900333 -0.0222936 0.02696 0.100687 0.101497 0.00569471 0.0435009 0.0786583 0.0323433 0.0743022 0.0364303 0.130611 0.0853379 -0.0372436 0.0353126 -0.00991768
internal_weight=774.442 599.227 305.108 294.119 197.917 73.8569 106.689 198.419 124.06 37.3144 6.04162 183.685 155.389 67.2901 88.0985 70.2925 12.7308 75.3677 17.078 54.3244 36.3969 7.71751 15.1016 9.72206 7.74567 3.76978 7.06725 55.1909 34.7452 31.2728
internal_count=14362 9916 3864 6052 3652 1059 1864 2000 2593 689 79 1752 1595 900 695 1424 182 513 150 894 440 73 258 150 128 50 83 1166 422 610
is_linear=0
shrinkage=0.05


Tree=8
num_leaves=31
num_cat=0
split_feature=3 2 4 3 13 2 13 13 5 3 9 3 15 2 13 15 1 15 12 14 10 0 3 13 1 5 13 3 10 15
split_gain=220.095 215.429 111.893 61.3567 46.7948 42.6803 41.7387 37.1415 36.8196 34.5181 32.9621 40.3976 30.2789 29.0471 37.4243 28.516 22.0048 27.6687 26.3732 26.255 21.371 18.5811 18.4343 26.789 21.5538 17.4972 17.4218 17.2107 17.1057 17.0767
threshold=-36.109473744438951 -6.1013780192076227e-05 20.240963855421729 17.950315637300687 -0.75355772929087472 1.3785331392561744 0.39006538939280805 0.22207005944829608 97.646733111849343 0.9404632204749791 0.57916102507305234 -0.79195473061683874 1.9731585803007796 0.21307094175792507 1.1698908804993076 -0.2846077607575605 -6.5871126741757369 -1.5077135057882678 -504.3274999998975 -2.0732388862533848 0.55209122205959626 1.0000000180025095e-35 -5.4245688361261228 0.8674250039191912 -6.2791380353588376e-05 12.132352941175967 -0.38335376129877335 -0.3222388543511725 -1.5449215447717453 1.298709425463348
decision_type=2 2 2 2 2 2 2 2 2 2 2 2 2 2 2 2 2 2 2 2 2 2 2 2 2 2 2 2 2 2
left_child=-1 2 9 4 15 12 8 28 -7 10 11 16 -6 -14 -15 -3 -2 -18 -19 -20 -10 -22 -21 24 25 -24 -13 -9 -4 -30
right_child=1 3 7 -5 5 6 -8 27 20 -11 -12 26 13 14 -16 -17 17 18 19 22 21 -23 23 -25 -26 -27 -28 -29 29 -31
leaf_value=-0.052034125862696824 0.14237420859847824 0.12578619352247297 -0.044263748741500367 -0.052072736031722681 -0.033405657732602005 0.21238075604053075 -0.027586691140284531 -0.03620254359446242 -0.038428951327098851 -0.052872392475214185 0.10593903338620288 0.071777316973520439 -0.038781240178889315 0.26414377440532161 -0.053021277325319818 -0.02940988808656482 -0.027455169268965268 0.011457445645322993 6.9284751691645353e-05 0.12362302778312427 0.077035552328381676 -0.041311987073543312 0.081495677342785289 -0.034534120497736895 0.19955057243206545 -0.053917882798488241 -0.019082821498726133 0.024107091003226166 0.070689666761588305 -0.01534402853723928
leaf_weight=167.00932091474533 9.2919571548700315 10.717503517866133 5.3559462800621978 91.700920842587948 112.50123584270477 3.4559019431471816 23.871784552931786 52.0079455524683 6.7726174630224696 6.2136062160134307 42.362452287226915 6.9489639773964909 3.3940592855215064 2.782336737960577 1.3971183262765405 4.0891220793128005 7.9781823679804793 16.909139685332775 9.4137054830789548 25.505194664001458 23.923471145331863 3.8503858037292948 47.619602352380745 5.2958121933042994 3.7136636301875248 2.5113265439867964 21.910781987011433 15.312357559800146 26.424499098211527 7.3781982064247122
leaf_count=4446 45 101 95 2400 2345 32 522 1139 124 121 310 55 59 27 27 66 101 189 102 153 288 61 432 90 21 49 332 256 275 99
internal_value=-0.00126173 0.0128564 0.0416424 -0.0182945 -0.0025516 -0.00950758 0.0242274 3.72841e-05 0.0567752 0.0631816 0.0667969 0.0562421 -0.0268911 0.0698796 0.158121 0.0829259 0.0682702 0.0624813 0.0689474 0.0792824 0.041209 0.0606286 0.0880919 0.0727686 0.0833222 0.0747121 0.00279484 -0.0224848 0.0387565 0.0519109
internal_weight=767.619 600.61 312.153 288.456 196.756 181.949 61.8742 106.479 38.0024 205.674 199.461 157.098 120.075 7.57351 4.17946 14.8066 128.239 118.947 110.968 94.0593 34.5465 27.7739 84.6456 59.1404 53.8446 50.1309 28.8597 67.3203 39.1586 33.8027
internal_count=14362 9916 3864 6052 3652 3485 1027 1864 505 2000 1879 1569 2458 113 54 167 1182 1137 1036 847 473 349 745 592 502 481 387 1395 469 374
is_linear=0
shrinkage=0.05


end of trees

feature_importances:
vol_regime=52
pull_ema50=47
z_ls=34
z_oi=28
pull_ema21=24
stoch_k=19
pull_ema8=18
z_btc_20=18
rsi=12
z_cvd_20=8
macro=5
cvd_delta=2
btc_cvd_mom=2
z_btc_10=1

parameters:
[boosting: gbdt]
[objective: binary]
[metric: binary_logloss]
[tree_learner: serial]
[device_type: cpu]
[data_sample_strategy: bagging]
[data: ]
[valid: ]
[num_iterations: 120]
[learning_rate: 0.05]
[num_leaves: 31]
[num_threads: 1]
[seed: 0]
[deterministic: 0]
[force_col_wise: 0]
[force_row_wise: 0]
[histogram_pool_size: -1]
[max_depth: -1]
[min_data_in_leaf: 20]
[min_sum_hessian_in_leaf: 0.001]
[bagging_fraction: 1]
[pos_bagging_fraction: 1]
[neg_bagging_fraction: 1]
[bagging_freq: 0]
[bagging_seed: 3]
[bagging_by_query: 0]
[feature_fraction: 1]
[feature_fraction_bynode: 1]
[feature_fraction_seed: 2]
[extra_trees: 0]
[extra_seed: 6]
[early_stopping_round: 0]
[early_stopping_min_delta: 0]
[first_metric_only: 0]
[max_delta_step: 0]
[lambda_l1: 0]
[lambda_l2: 0]
[linear_lambda: 0]
[min_gain_to_split: 0]
[drop_rate: 0.1]
[max_drop: 50]
[skip_drop: 0.5]
[xgboost_dart_mode: 0]
[uniform_drop: 0]
[drop_seed: 4]
[top_rate: 0.2]
[other_rate: 0.1]
[min_data_per_group: 100]
[max_cat_threshold: 32]
[cat_l2: 10]
[cat_smooth: 10]
[max_cat_to_onehot: 4]
[top_k: 20]
[monotone_constraints: ]
[monotone_constraints_method: basic]
[monotone_penalty: 0]
[feature_contri: ]
[forcedsplits_filename: ]
[refit_decay_rate: 0.9]
[cegb_tradeoff: 1]
[cegb_penalty_split: 0]
[cegb_penalty_feature_lazy: ]
[cegb_penalty_feature_coupled: ]
[path_smooth: 0]
[interaction_constraints: ]
[verbosity: -1]
[saved_feature_importance_type: 0]
[use_quantized_grad: 0]
[num_grad_quant_bins: 4]
[quant_train_renew_leaf: 0]
[stochastic_rounding: 1]
[linear_tree: 0]
[max_bin: 255]
[max_bin_by_feature: ]
[min_data_in_bin: 3]
[bin_construct_sample_cnt: 200000]
[data_random_seed: 1]
[is_enable_sparse: 1]
[enable_bundle: 1]
[use_missing: 1]
[zero_as_missing: 0]
[feature_pre_filter: 1]
[pre_partition: 0]
[two_round: 0]
[header: 0]
[label_column: ]
[weight_column: ]
[group_column: ]
[ignore_column: ]
[categorical_feature: ]
[forcedbins_filename: ]
[precise_float_parser: 0]
[parser_config_file: ]
[objective_seed: 5]
[num_class: 1]
[is_unbalance: 0]
[scale_pos_weight: 1]
[sigmoid: 1]
[boost_from_average: 1]
[reg_sqrt: 0]
[alpha: 0.9]
[fair_c: 1]
[poisson_max_delta_step: 0.7]
[tweedie_variance_power: 1.5]
[lambdarank_truncation_level: 30]
[lambdarank_norm: 1]
[label_gain: ]
[lambdarank_position_bias_regularization: 0]
[eval_at: ]
[multi_error_top_k: 1]
[auc_mu_weights: ]
[num_machines: 1]
[local_listen_port: 12400]
[time_out: 120]
[machine_list_filename: ]
[machines: ]
[gpu_platform_id: -1]
[gpu_device_id: -1]
[gpu_use_dp: 0]
[num_gpu: 1]

end of parameters

pandas_categorical:[]
