tree
version=v4
num_class=1
num_tree_per_iteration=1
label_index=0
max_feature_idx=16
objective=binary sigmoid:1
feature_names=macro pull_ema8 pull_ema21 pull_ema50 rsi stoch_k z_cvd_4 z_btc_4 z_btc_10 z_cvd_20 z_btc_20 cvd_delta btc_cvd_mom vol_regime z_oi z_ls funding
feature_infos=[-1:1] [-2305860.1221161154:2305860.1221152828] [-23939204.936814368:23939203.970951561] [-56522366.783253729:54844450.55563128] [0:99.999986000001954] [0:100] [-1.4999969013689383:1.4999971615160232] [-1.4999984795997974:1.4999960336815512] [-2.8223650072199797:2.8409553016615878] [-4.1730536329769272:4.0851682036991344] [-4.191307659440513:4.1665923684990105] [-100000000:100000000] [-9064.1369999996386:5735.8919999999925] [-1.9233433812679961:9.8999999997451802] [-5.4753996171224086:6.732226949063679] [-5.479604469118315:6.8164967928939832] [-0.0039036299999999999:0.0031440000000000001]
tree_sizes=3345 3375

Tree=0
num_leaves=31
num_cat=0
split_feature=1 2 3 13 4 13 15 13 14 14 15 5 13 3 14 1 4 9 10 4 5 15 13 13 2 1 13 14 3 11
split_gain=303.816 674.05 2466.04 303.619 218.07 203.571 431.115 345.835 139.677 229.453 289.413 163.261 115.415 109.58 314.936 68.1394 66.0409 79.7006 176.065 65.5288 184.842 175.134 166.383 116.88 123.712 220.173 109.091 104.032 99.0712 68.4048
threshold=-0.013610694767302796 -13.850972938045379 -6.6225531340950097 -0.059032479189921216 40.21403697517048 2.4456166731617053 -0.60110230896736783 -0.099999999997117242 0.60595710186385843 -0.90300425528045658 0.6086166022684758 5.3424223208618065 8.8459214254237306 0.13373489815560194 0.39554240710102545 -0.45190843093672484 24.913793103448722 -0.61820471307984104 -0.28649168759189431 27.801932367149984 91.666666666666984 1.4820490007460259 -0.39695076829680559 1.0000000180025095e-35 -0.00066183170055467133 -0.0026973048501882629 1.176643821597871 0.37934888224902114 -1.0000000180025095e-35 26679399.000000004
decision_type=2 2 2 2 2 2 2 2 2 2 2 2 2 2 2 2 2 2 2 2 2 2 2 2 2 2 2 2 2 2
left_child=1 -1 5 4 8 6 -3 -8 9 15 -11 -10 19 16 -15 -4 17 -5 -19 23 21 27 -23 -2 25 -25 -24 28 -21 -26
right_child=12 2 3 13 -6 -7 7 -9 11 10 -12 -13 -14 14 -16 -17 -18 18 -20 20 -22 22 26 24 29 -27 -28 -29 -30 -31
leaf_value=-4.0058985719039208 -4.0044422063079343 -1.5597584999953109 -3.9326394463025673 -3.9211927079273559 -3.9024410281157498 -1.5093046862788446 -2.0250845219904008 -3.7414509965624503 -2.7861341306413854 -3.3124924295841378 -1.897663735153857 -4.0058985719039208 -3.1434388659607118 -2.2440166011913645 -4.0058985719039208 -3.1023693561538952 -4.0058985719039208 -2.650604748278881 -3.8524690824369352 -2.8764870522163877 -4.0026328036542225 -2.6853558719615731 -3.9482264943028555 -4.0058985719039208 -3.9745622985253073 -2.6068855926780721 -2.9216635130038897 -4.0058985719039208 -3.7681277256539136 -3.2987887508821609
leaf_weight=36.449660956859589 171.66019476950169 0.75629357248544726 0.68250883370637894 3.5416674613952637 2.4164501950144768 0.70095501840114582 0.47960080206394196 0.75629357248544937 0.36892369389533985 0.79318594187498737 0.66406264901161194 1.0698787122964857 0.40581606328487296 0.36892369389533886 0.81163212656974792 0.38736987859010719 14.351131692528725 0.44270843267440796 0.97764778882265158 0.44270843267440807 15.310333296656609 0.71940120309591304 0.86697068065404848 0.55338554084300995 3.1911899521946903 0.57183172553777672 0.36892369389533997 3.3387594297528267 1.0514325276017193 0.42426224797964085
leaf_count=1976 9306 41 37 192 131 38 26 41 20 43 36 58 22 20 44 21 778 24 53 24 830 39 47 30 173 31 20 181 57 23
internal_value=-3.95494 -3.862 -3.68462 -3.82916 -3.52802 -2.24216 -2.50002 -3.0754 -3.29989 -3.07599 -2.66776 -3.69314 -3.98579 -3.92295 -3.45531 -3.63202 -3.95153 -3.79429 -3.47786 -3.98751 -3.90634 -3.68917 -3.28989 -3.99768 -3.75277 -3.29492 -3.64179 -3.85071 -3.50394 -3.89526
internal_weight=264.924 66.0189 29.5692 26.8761 6.38238 2.69314 1.99219 1.23589 3.96593 2.52713 1.45725 1.4388 198.905 20.4937 1.18056 1.06988 19.3132 4.96202 1.42036 198.499 22.0985 6.7882 1.9553 176.401 4.74067 1.12522 1.23589 4.8329 1.49414 3.61545
internal_count=14362 3579 1603 1457 346 146 108 67 215 137 79 78 10783 1111 64 58 1047 269 77 10761 1198 368 106 9563 257 61 67 262 81 196
is_linear=0
shrinkage=1


Tree=1
num_leaves=31
num_cat=0
split_feature=1 2 4 5 4 5 13 0 13 4 14 15 13 14 5 13 3 4 15 2 2 1 10 16 8 10 10 10 14 3
split_gain=195.692 339.502 217.487 74.312 56.5883 110.853 92.9775 89.14 52.8697 83.5235 51.2913 40.5099 36.7542 47.2299 74.9762 36.4566 63.1602 35.1251 26.4455 23.7598 33.9396 22.5247 23.6702 20.6529 20.9592 19.9012 19.749 19.5519 21.2773 19.4669
threshold=-0.00013850032232198825 -13.850972938045379 30.060240963854969 7.4537037037038649 27.801932367149984 91.666666666666984 8.8459214254237306 -1.0000000180025095e-35 -0.046934430266070769 60.449959265525941 0.3033175925685026 1.572273162239739 1.0000000180025095e-35 0.099502525419805504 39.250700280112618 0.76548117190461096 -7.8964451879622706 70.283374129165736 0.88111227507375511 -0.17324363448903321 -0.42172786096639209 -0.0026973048501882629 -0.1427681840680243 -0.00074949999999999984 0.87592762039681038 -1.7638258798496229 -0.078952385945108047 -0.73658220859291623 0.66674834984606612 -2.6447256976125058
decision_type=2 2 2 2 2 2 2 2 2 2 2 2 2 2 2 2 2 2 2 2 2 2 2 2 2 2 2 2 2 2
left_child=1 -1 15 -4 6 7 12 8 9 27 18 -11 -2 -14 -15 19 -17 -12 -5 20 23 22 -22 -3 26 -18 29 -6 -29 -25
right_child=4 2 3 10 5 -7 -8 -9 -10 11 17 -13 13 14 -16 16 25 -19 -20 -21 21 -23 -24 24 -26 -27 -28 28 -30 -31
leaf_value=-0.05091060423602034 -0.049638417320358598 0.041706950966073068 -0.050945474648121186 0.053758811897629967 -0.052418174856723801 -0.047605124562990535 0.6270206818637587 0.66100416196046696 -0.023750632560637724 0.21615930769497932 -0.036441161796191134 0.69614195189987538 -0.017238683091816143 0.81130807906854818 0.058883179839430012 0.2664209651831006 0.19611548712098248 0.46803887809114741 0.36388024280890513 0.038782444727101267 0.55771566867610289 0.72783819347081957 0.066070553429891099 0.30971269588174288 0.14520913760151236 -0.038586614007307118 0.41347439750807224 0.34349269471998639 0.0055432842066034677 0.16315233792400485
leaf_weight=41.193271867930889 157.07148110121489 1.035685626789937 13.705615643411877 0.93159814551472608 1.5500354338437317 14.979649640619755 0.5153292752802362 0.84161480143666345 3.6410338543355456 0.74726532213389862 3.2976501602679495 1.0676679238677023 2.9399543553590766 0.52099105343222596 0.9082905687391758 5.5061647780239582 1.1981843207031486 0.38536072522401799 2.6228257734328508 1.091052640229466 0.57391103357076634 0.63977368175983329 0.42693283781409253 7.6231213491410106 2.7236970197409383 3.6687184274196607 2.8785405419766823 1.0097434297204011 0.86451268568634976 3.2238988354802132
leaf_count=2345 8931 24 771 27 47 839 13 29 180 33 160 22 146 14 43 49 36 21 42 30 20 10 22 113 53 155 53 24 30 80
internal_value=-0.0032734 0.0560981 0.141637 0.0174965 -0.0327674 0.0377258 -0.043519 0.169205 0.122596 0.2243 0.147106 0.498518 -0.0456594 0.0973823 0.333151 0.226629 0.150426 0.0163436 0.282599 0.265728 0.278675 0.496117 0.347993 0.258272 0.271907 0.0191948 0.297049 0.0789599 0.187611 0.266153
internal_weight=279.384 92.726 51.5327 20.9431 186.658 24.7015 161.956 9.72187 8.88026 5.23922 7.23743 1.81493 161.441 4.36924 1.42928 30.5897 10.3731 3.68301 3.55442 20.2166 19.1256 1.64062 1.00084 17.4849 16.4493 4.8669 13.7256 3.42429 1.87426 10.847
internal_count=14362 4011 1666 1021 10351 1204 9147 365 336 156 250 55 9134 203 57 645 240 181 69 405 375 52 42 323 299 191 246 101 54 193
is_linear=0
shrinkage=0.05


end of trees

feature_importances:
vol_regime=11
rsi=7
z_oi=7
pull_ema8=5
pull_ema21=5
pull_ema50=5
stoch_k=5
z_btc_20=5
z_ls=5
macro=1
z_btc_10=1
z_cvd_20=1
cvd_delta=1
funding=1

parameters:
[boosting: gbdt]
[objective: binary]
[metric: binary_logloss]
[tree_learner: serial]
[device_type: cpu]
[data_sample_strategy: bagging]
[data: ]
[valid: ]
[num_iterations: 120]
[learning_rate: 0.05]
[num_leaves: 31]
[num_threads: 1]
[seed: 0]
[deterministic: 0]
[force_col_wise: 0]
[force_row_wise: 0]
[histogram_pool_size: -1]
[max_depth: -1]
[min_data_in_leaf: 20]
[min_sum_hessian_in_leaf: 0.001]
[bagging_fraction: 1]
[pos_bagging_fraction: 1]
[neg_bagging_fraction: 1]
[bagging_freq: 0]
[bagging_seed: 3]
[bagging_by_query: 0]
[feature_fraction: 1]
[feature_fraction_bynode: 1]
[feature_fraction_seed: 2]
[extra_trees: 0]
[extra_seed: 6]
[early_stopping_round: 0]
[early_stopping_min_delta: 0]
[first_metric_only: 0]
[max_delta_step: 0]
[lambda_l1: 0]
[lambda_l2: 0]
[linear_lambda: 0]
[min_gain_to_split: 0]
[drop_rate: 0.1]
[max_drop: 50]
[skip_drop: 0.5]
[xgboost_dart_mode: 0]
[uniform_drop: 0]
[drop_seed: 4]
[top_rate: 0.2]
[other_rate: 0.1]
[min_data_per_group: 100]
[max_cat_threshold: 32]
[cat_l2: 10]
[cat_smooth: 10]
[max_cat_to_onehot: 4]
[top_k: 20]
[monotone_constraints: ]
[monotone_constraints_method: basic]
[monotone_penalty: 0]
[feature_contri: ]
[forcedsplits_filename: ]
[refit_decay_rate: 0.9]
[cegb_tradeoff: 1]
[cegb_penalty_split: 0]
[cegb_penalty_feature_lazy: ]
[cegb_penalty_feature_coupled: ]
[path_smooth: 0]
[interaction_constraints: ]
[verbosity: -1]
[saved_feature_importance_type: 0]
[use_quantized_grad: 0]
[num_grad_quant_bins: 4]
[quant_train_renew_leaf: 0]
[stochastic_rounding: 1]
[linear_tree: 0]
[max_bin: 255]
[max_bin_by_feature: ]
[min_data_in_bin: 3]
[bin_construct_sample_cnt: 200000]
[data_random_seed: 1]
[is_enable_sparse: 1]
[enable_bundle: 1]
[use_missing: 1]
[zero_as_missing: 0]
[feature_pre_filter: 1]
[pre_partition: 0]
[two_round: 0]
[header: 0]
[label_column: ]
[weight_column: ]
[group_column: ]
[ignore_column: ]
[categorical_feature: ]
[forcedbins_filename: ]
[precise_float_parser: 0]
[parser_config_file: ]
[objective_seed: 5]
[num_class: 1]
[is_unbalance: 0]
[scale_pos_weight: 1]
[sigmoid: 1]
[boost_from_average: 1]
[reg_sqrt: 0]
[alpha: 0.9]
[fair_c: 1]
[poisson_max_delta_step: 0.7]
[tweedie_variance_power: 1.5]
[lambdarank_truncation_level: 30]
[lambdarank_norm: 1]
[label_gain: ]
[lambdarank_position_bias_regularization: 0]
[eval_at: ]
[multi_error_top_k: 1]
[auc_mu_weights: ]
[num_machines: 1]
[local_listen_port: 12400]
[time_out: 120]
[machine_list_filename: ]
[machines: ]
[gpu_platform_id: -1]
[gpu_device_id: -1]
[gpu_use_dp: 0]
[num_gpu: 1]

end of parameters

pandas_categorical:[]
