tree
version=v4
num_class=1
num_tree_per_iteration=1
label_index=0
max_feature_idx=72
objective=binary sigmoid:1
feature_names=Candle Buy_Qty Sell_Qty Candle_Delta Agg._Liq_Long Agg._Liq_Short CVD Long/Short_Ratio_(Account) Whale_Ind Agg._OI Agg._Funding_Rate RSI Net_Shorts Net_Longs Price_Low Price_High Mid_Price Bid_Qty Ask_Qty Bid_USD Ask_USD Delta_Qty Delta_USD Bid_Trades Ask_Trades total_qty atr cvd_delta btc_cvd_mom ema_fast ema_slow macro_score macro z_cvd_4 z_btc_4 z_cvd_10 z_btc_10 z_cvd_20 z_btc_20 vol_regime z_oi z_ls funding liq_long_5 liq_short_5 z_bid_qty z_ask_qty z_delta_qty z_bid_trades z_ask_trades log_ret_1 log_ret_3 log_ret_5 ret_skew_10 ret_kurt_10 ret_skew_20 ret_kurt_20 atr_ratio cvd_accel atr_ratio_lag1 ret_lag1 price_atr ema_8 ema_21 ema_50 pull_ema8 pull_ema21 pull_ema50 rsi stoch_k liq_long_5_mean liq_short_5_mean btc_CVD
feature_infos=[234:196274] [4052:1716683] [2795:1803571] [-621231:300158] none none [-551762176:7781956] [0:6.8370399475097656] [0:1.742885947227478] [0:12062016] [-0.013115869835019112:0.0060070399194955826] [0:85.8665771484375] [0:569608.25] [0:552628.75] [3.625:147.97500610351562] [3.6749999523162842:148.02499389648438] [3.6500000953674316:148] [0:257788] [0:278987] [0:2683764] [0:2746127.5] [-101639:131610] [-1803397.625:1154420] [0:8905] [0:6647] [0:477329] [0.012142726220190525:4.0792856216430664] [-3092000:812544] [-16829.4375:9491.6875] [3.5348143577575684:123.36845397949219] [3.5162248611450195:117.94942474365234] [-33.688941955566406:18.926982879638672] [-1:1] [-1.4998044967651367:1.4998798370361328] [-1.4998866319656372:1.4991294145584106] [-2.7970409393310547:2.7898800373077393] [-2.8082542419433594:2.8198540210723877] [-3.9360220432281494:3.9613616466522217] [-4.090031623840332:3.9168438911437988] [-2.5784733295440674:7.2266769409179688] [-6.3533663749694824:5.5094146728515625] [-6.8701767921447754:2.8043415546417236] [-0.013115869835019112:0.0060070399194955826] none none [-2.2759828567504883:2.8143272399902344] [-2.3932802677154541:2.8184435367584229] [-2.7899479866027832:2.8188714981079102] [-2.5295634269714355:2.8225078582763672] [-2.4946925640106201:2.8145966529846191] [-0.063476182520389557:0.20706187188625336] [-0.18258267641067505:0.08826378732919693] [-0.22314046323299408:0.17270557582378387] [-3.0678799152374268:3.1127698421478271] [-2.2268531322479248:9.7754850387573242] [-4.207366943359375:4.0644879341125488] [-1.7156367301940918:18.334457397460938] [0.46547046303749084:3] [-612832:1376192] [0.46367824077606201:3] [-0.24283997714519501:0.084161713719367981] [11.286589622497559:844.40087890625] [3.6279621124267578:140.9346923828125] [3.5722427368164062:138.33938598632812] [3.5175883769989014:135.05274963378906] [-4.6959757804870605:4.8022198677062988] [-6.2615823745727539:7.6647467613220215] [-7.5934934616088867:9.5733718872070312] [0:100] [0:100] none none [-2646461.75:-373444.90625]
tree_sizes=961 972 981 775 975 769 980 985 775 880 772 985 671 987 570 881 976 669 982 987 882 762 985 879 871 660 570 983 984 881 670 877 879 875 571 669 989 993 871 981 882 893 988 685 671 874 997 574 983 877 780 883 893 891 682 675 990 883 993 968 879 576 778 996 677 882 883 899 986 884 997 991 895 993 985 885 998 889 576 786 986 985 993 673 791 989 679 772 885 987 890 896 891 991 889 576 891 884 885 995

Tree=0
num_leaves=8
num_cat=0
split_feature=34 22 69 56 11 34 50
split_gain=67.1999 58.2996 41.779 45.6285 30.2996 29.5305 20.4255
threshold=-0.20705590397119519 -3492.680053710937 23.235163688659672 -0.41305856406688685 61.440122604370124 0.93985870480537426 -0.012463282793760298
decision_type=2 2 2 2 2 2 2
left_child=2 5 3 -1 -3 -2 -4
right_child=1 4 6 -5 -6 -7 -8
leaf_value=-1.3355654461784252 -1.4320178144190423 -1.3939589427463386 -1.4541186661985674 -1.4103929770796495 -1.284062123503692 -1.5267505859898112 -1.3461822928031166
leaf_weight=28.037145555019379 37.965890169143677 131.72809165716171 4.638649344444274 76.893331587314606 6.6755320429801932 10.439192116260527 152.01928102970123
leaf_count=94 184 561 24 347 17 66 535
internal_value=-1.38217 -1.40516 -1.36578 -1.39035 -1.38862 -1.45255 -1.34935
internal_weight=448.397 186.809 261.588 104.93 138.404 48.4051 156.658
internal_count=1828 828 1000 441 578 250 559
is_linear=0
shrinkage=1


Tree=1
num_leaves=8
num_cat=0
split_feature=34 61 61 52 69 0 36
split_gain=51.0286 47.5214 39.942 33.0672 31.5263 52.4342 25.3642
threshold=0.46092693507671362 130.17441558837893 116.56173324584962 -0.0072328620590269557 13.967373847961428 69459.500000000015 -2.0508998632431026
decision_type=2 2 2 2 2 2 2
left_child=4 2 -2 -3 5 -1 -6
right_child=1 3 -4 -5 6 -7 -8
leaf_value=0.0042429631434760433 0.07043007601115453 -0.061341467605719624 0.15905605937515566 0.048001041943955547 0.16352429092301904 0.098463859103469498 0.10645545871132889
leaf_weight=19.836201518774033 44.92704002559185 7.934272274374961 17.968156799674034 52.144455924630165 21.479487076401711 59.07962766289711 254.93178972601891
leaf_count=104 190 51 52 242 57 223 909
internal_value=0.0932804 0.0654077 0.0958286 0.0334775 0.102913 0.074844 0.110908
internal_weight=478.301 122.974 62.8952 60.0787 355.327 78.9158 276.411
internal_count=1828 535 242 293 1293 327 966
is_linear=0
shrinkage=0.05


Tree=2
num_leaves=8
num_cat=0
split_feature=34 22 60 51 69 38 53
split_gain=41.0912 43.1901 30.3819 29.3276 25.8349 23.7295 6.81153
threshold=-0.20705590397119519 -3492.680053710937 -0.026902432553470131 0.010263815987855198 9.6642899513244647 -1.6733643412590025 -0.53407371044158924
decision_type=2 2 2 2 2 2 2
left_child=2 3 6 -2 -4 -3 -1
right_child=1 5 4 -5 -6 -7 -8
leaf_value=-0.062414265641641167 0.042848849886636495 -0.061881780225659426 0.064208762694565186 -0.061933945991216557 0.10446460933671112 0.08253339479835417 0.056317655771724678
leaf_weight=3.5544593185186386 43.963828638195992 2.8592025041580191 48.459110632538795 7.839749500155448 245.08167597651482 151.38811784982681 1.7940227389335621
leaf_count=21 201 17 194 49 778 561 7
internal_value=0.0837999 0.0665413 0.0956811 0.0268949 0.097836 0.079824 -0.0216536
internal_weight=504.94 206.051 298.889 51.8036 293.541 154.247 5.34848
internal_count=1828 828 1000 250 972 578 28
is_linear=0
shrinkage=0.05


Tree=3
num_leaves=6
num_cat=0
split_feature=23 58 35 72 46
split_gain=33.9082 31.5356 51.5579 27.3716 18.1164
threshold=2274.5000000000005 2980.0000000000005 1.5921351313591006 -2603974.1249999995 0.58586144447326671
decision_type=2 2 2 2 2
left_child=1 2 -1 -3 -2
right_child=4 3 -4 -5 -6
leaf_value=0.072040582659413696 0.085776260462270493 -0.063101367391212346 -0.010320491116382641 0.092433527989360248 -0.063708804632504418
leaf_weight=251.80549597740173 2.9131501317024213 2.8235004991292945 20.439075008034706 244.11961844563484 6.5776084959506989
leaf_count=891 10 16 100 773 38
internal_value=0.0759285 0.0776423 0.0658389 0.0906349 -0.0172981
internal_weight=528.678 519.188 272.245 246.943 9.49076
internal_count=1828 1780 991 789 48
is_linear=0
shrinkage=0.05


Tree=4
num_leaves=8
num_cat=0
split_feature=34 62 31 37 56 69 53
split_gain=31.9006 35.7859 39.3553 26.5101 22.4423 23.4134 21.5115
threshold=0.46092693507671362 16.589540481567386 1.3287559151649477 2.3642616271972661 2.9428243637084965 4.2375433444976816 -1.4072335362434385
decision_type=2 2 2 2 2 2 2
left_child=4 3 -3 -2 5 -1 -6
right_child=1 2 -4 -5 6 -7 -8
leaf_value=0.01621003441556685 -0.017366275473704632 0.037924523504585222 0.10171194880493811 0.080831141869422585 0.06842245424635128 0.073846962173343134 0.12285956206990759
leaf_weight=18.89804582297802 28.239875629544258 60.029078364372253 40.933577388525009 9.0722866207361204 31.140907466411591 316.23746989667416 45.500525668263435
leaf_count=81 142 242 120 31 103 999 110
internal_value=0.069245 0.0483668 0.0638356 0.00637599 0.0762438 0.0706118 0.100806
internal_weight=550.052 138.275 100.963 37.3122 411.777 335.136 76.6414
internal_count=1828 535 362 173 1293 1080 213
is_linear=0
shrinkage=0.05


Tree=5
num_leaves=6
num_cat=0
split_feature=23 9 50 46 55
split_gain=26.9976 28.7239 32.9495 15.6925 5.88867
threshold=2274.5000000000005 10161898.500000002 -0.018784556537866589 0.58586144447326671 -0.25608962774276728
decision_type=2 2 2 2 2
left_child=1 2 -1 -2 -3
right_child=3 4 -4 -5 -6
leaf_value=-0.06492540634399839 0.071937746902296248 0.17705790929240084 0.064469206582754027 -0.063577305209438995 0.10170502298380242
leaf_weight=4.9263852834701529 3.1538800448179227 6.3123873323202133 542.95663450658321 6.5218176245689392 5.1797475516796094
leaf_count=27 10 9 1731 38 13
internal_value=0.0635195 0.0649539 0.0632966 -0.0188882 0.14353
internal_weight=569.051 559.375 547.883 9.6757 11.4921
internal_count=1828 1780 1758 48 22
is_linear=0
shrinkage=0.05


Tree=6
num_leaves=8
num_cat=0
split_feature=34 22 23 60 1 45 0
split_gain=26.1469 30.4875 26.3628 23.1043 19.3347 18.891 5.73262
threshold=-0.20705590397119519 -3492.680053710937 151.50000000000003 -0.026902432553470131 17184.500000000004 -0.98751398921012867 113529.00000000001
decision_type=2 2 2 2 2 2 2
left_child=3 2 -2 6 -5 -3 -1
right_child=1 5 -4 4 -6 -7 -8
leaf_value=-0.065533787657812773 -0.048116476527734917 0.0066761015848411445 0.032315926332822979 0.010433081028044648 0.071368621445231359 0.061294283654270809 0.036626447775968025
leaf_weight=3.9241589754819861 13.130191907286642 17.791961774230003 45.025750368833542 13.754020929336546 329.81171041727066 160.72522141039371 2.0448511391878128
leaf_count=21 70 72 180 51 921 506 7
internal_value=0.0585254 0.0456266 0.0140703 0.0672449 0.0689437 0.0558788 -0.0296983
internal_weight=586.208 236.673 58.1559 349.535 343.566 178.517 5.96901
internal_count=1828 828 250 1000 972 578 28
is_linear=0
shrinkage=0.05


Tree=7
num_leaves=8
num_cat=0
split_feature=10 49 72 31 28 18 35
split_gain=22.833 28.9436 26.3579 38.7762 28.2776 25.1903 16.7326
threshold=0.00071496499003842484 -0.60136809945106495 -2350132.2499999995 0.11947802454233171 412.31250000000006 1502.5000000000002 -1.9785798788070676
decision_type=2 2 2 2 2 2 2
left_child=2 6 3 -1 -4 -3 -2
right_child=1 5 4 -5 -6 -7 -8
leaf_value=0.047927042108296729 0.056609199379443233 0.089655959771195212 0.066927363099050896 -0.039594465739642065 0.03474556638759612 0.00074150218724513899 -0.069279901074285027
leaf_weight=60.276408612728119 3.4435174465179434 16.558943778276443 395.35210452973843 15.956767633557318 83.3708486109972 15.570594996213911 10.869181647896765
leaf_count=192 10 40 1104 77 291 60 54
internal_value=0.0541518 0.0203064 0.0569752 0.0295419 0.0613333 0.0467219 -0.0386427
internal_weight=601.398 46.4422 554.956 76.2332 478.723 32.1295 14.3127
internal_count=1828 164 1664 269 1395 100 64
is_linear=0
shrinkage=0.05


Tree=8
num_leaves=6
num_cat=0
split_feature=23 10 60 11 49
split_gain=21.4017 21.0325 38.059 24.1822 14.0616
threshold=2274.5000000000005 0.00071496499003842484 0.0038655097596347336 61.440122604370124 0.87838855385780346
decision_type=2 2 2 2 2
left_child=1 3 -3 -1 -2
right_child=4 2 -4 -5 -6
leaf_value=0.052583573023366963 0.060898236337923788 0.042382070843719727 -0.068336605680642371 0.12359117085718552 -0.064245387146255148
leaf_weight=545.92107146978378 3.3522503823041898 37.00976949930191 9.796412914991377 12.371795371174811 6.666254535317421
leaf_count=1596 10 114 50 20 38
internal_value=0.0502595 0.051462 0.0191021 0.0541661 -0.0218725
internal_weight=615.118 605.099 46.8062 558.293 10.0185
internal_count=1828 1780 164 1616 48
is_linear=0
shrinkage=0.05


Tree=9
num_leaves=7
num_cat=0
split_feature=58 36 55 23 60 59
split_gain=19.0429 35.1893 25.8325 23.6515 23.2278 22.6792
threshold=2980.0000000000005 -0.7126164138317107 -0.51940569281578053 2274.5000000000005 -0.0016099650529213248 1.1042681932449343
decision_type=2 2 2 2 2 2
left_child=1 5 -3 4 -2 -1
right_child=3 2 -4 -5 -6 -7
leaf_value=0.037432754127107302 0.043207092042081785 0.060397222947994669 0.009738710150456879 -0.063932147907417664 0.071389202979788277 0.073580557232144392
leaf_weight=98.652017205953598 144.94795404374599 32.084783330559731 118.42948107421398 4.0206603854894629 150.51287563145161 78.77774752676487
leaf_count=297 418 92 434 23 371 193
internal_value=0.0467804 0.0384075 0.0205707 0.0559324 0.0575805 0.0535103
internal_weight=627.426 327.944 150.514 299.481 295.461 177.43
internal_count=1828 1016 526 812 789 490
is_linear=0
shrinkage=0.05


Tree=10
num_leaves=6
num_cat=0
split_feature=72 57 57 46 55
split_gain=18.6353 18.5563 26.6485 7.26297 6.17551
threshold=-2603974.1249999995 0.60609376430511486 0.75760731101036083 0.34866136312484747 0.99735382199287426
decision_type=2 2 2 2 2
left_child=4 3 -3 -2 -1
right_child=1 2 -4 -5 -6
leaf_value=-0.069887896899368404 0.074170318728509016 0.0049870977537056901 0.046079756233900426 0.15197890405330794 0.031372835407690189
leaf_weight=4.7473334521055213 8.9632210582494718 42.655134037137032 575.00857491791248 4.8983325958251944 2.1260217428207397
leaf_count=23 21 149 1622 6 7
internal_value=0.0436532 0.0445481 0.04325 0.102027 -0.0378391
internal_weight=638.399 631.525 617.664 13.8616 6.87336
internal_count=1828 1798 1771 27 30
is_linear=0
shrinkage=0.05


Tree=11
num_leaves=8
num_cat=0
split_feature=34 61 61 52 52 57 56
split_gain=19.2509 27.0136 23.6789 22.1384 16.9881 33.989 21.3805
threshold=0.46092693507671362 130.17441558837893 113.91492080688478 -0.0072328620590269557 -0.0091151515953242761 1.1622629761695864 2.9428243637084965
decision_type=2 2 2 2 2 2 2
left_child=4 2 -2 -3 5 -1 -6
right_child=1 3 -4 -5 6 -7 -8
leaf_value=0.007937245740794097 0.026442552812700987 -0.066692900173128164 0.082847927717789011 0.014475541235608888 0.047640563291794391 0.051409698429571105 0.085698371202085233
leaf_weight=75.633848696947098 56.092747122049332 9.5842689573764783 28.1617361754179 67.590018108487129 255.79986546933651 111.97201722860336 43.627763971686363
leaf_count=252 181 51 61 242 669 288 84
internal_value=0.0408083 0.0257734 0.0453552 0.00433045 0.0457813 0.0339103 0.0532024
internal_weight=648.462 161.429 84.2545 77.1743 487.033 187.606 299.428
internal_count=1828 535 242 293 1293 540 753
is_linear=0
shrinkage=0.05


Tree=12
num_leaves=5
num_cat=0
split_feature=9 50 58 38
split_gain=17.744 24.9379 22.0238 5.15669
threshold=10161898.500000002 -0.018784556537866589 -130735.99999999999 -1.2871770262718198
decision_type=2 2 2 2
left_child=1 -1 -3 -2
right_child=3 2 -4 -5
leaf_value=-0.069088975938654415 0.12798671698931169 -0.071153305921191567 0.038723474808742386 0.065105963687691865
leaf_weight=5.4575733095407477 6.3905210047960281 4.5618017613887778 632.92734912037849 7.7259550690650922
leaf_count=27 7 22 1755 17
internal_value=0.0382435 0.0370132 0.0379294 0.0939262
internal_weight=657.063 642.947 637.489 14.1165
internal_count=1828 1804 1777 24
is_linear=0
shrinkage=0.05


Tree=13
num_leaves=8
num_cat=0
split_feature=28 35 31 27 6 38 10
split_gain=16.9608 21.3252 23.9311 23.8527 16.6843 26.0235 22.3465
threshold=412.31250000000006 -1.3994817733764646 7.1470546722412118 -50943.999999999993 -470715551.99999994 -2.1462134122848506 0.00071496499003842484
decision_type=2 2 2 2 2 2 2
left_child=4 3 -3 -2 5 -1 -6
right_child=1 2 -4 -5 6 -7 -8
leaf_value=0.064183057889194137 0.014218674663409803 0.04172048712044412 -0.071946693317465296 -0.070162005442117786 0.046167602410971349 -0.0028397620431934159 0.0080265278132091028
leaf_weight=20.370261266827583 27.336679697036743 68.771053776144981 4.9345352053642264 12.040753841400145 439.54654909670353 49.672711819410324 42.432983130216599
leaf_count=46 88 195 23 59 1104 175 138
internal_value=0.0358782 0.018155 0.0340427 -0.0114561 0.0394998 0.0165808 0.0428201
internal_weight=665.106 113.083 73.7056 39.3774 552.023 70.043 481.98
internal_count=1828 365 218 147 1463 221 1242
is_linear=0
shrinkage=0.05


Tree=14
num_leaves=4
num_cat=0
split_feature=41 41 62
split_gain=15.9953 16.852 17.9331
threshold=1.0907980203628542 -0.95467281341552723 80.243709564208999
decision_type=2 2 2
left_child=1 -1 -3
right_child=-2 2 -4
leaf_value=-0.071087561633395607 -0.071319350489069885 0.032863717207665663 0.068610919670802226
leaf_weight=3.7418246716260901 3.5744088292121878 627.30421790480614 37.468970596790314
leaf_count=18 17 1716 77
internal_value=0.0337164 0.0342854 0.0348861
internal_weight=672.089 668.515 664.773
internal_count=1828 1811 1793
is_linear=0
shrinkage=0.05


Tree=15
num_leaves=7
num_cat=0
split_feature=34 34 25 60 69 55
split_gain=15.5985 24.7315 20.2255 17.6861 14.9964 4.89189
threshold=-0.20705590397119519 -0.16398309916257856 157.50000000000003 -0.026902432553470131 13.967373847961428 -0.43920025229454035
decision_type=2 2 2 2 2 2
left_child=3 -2 -3 5 -5 -1
right_child=1 2 -4 4 -6 -7
leaf_value=-0.072091266161440959 -0.073494444814725668 0.063940252464399175 0.019925714299205637 0.022441418218209136 0.044953581986810071 0.015860096161992337
leaf_weight=4.5055708438158035 6.5311864465475074 29.485688656568527 237.4291295260191 99.711219877004623 298.63843068480492 2.3093903958797446
leaf_count=21 30 64 734 285 687 7
internal_value=0.0317127 0.0224405 0.0248067 0.0379583 0.0393311 -0.0415535
internal_weight=678.611 273.446 266.915 405.165 398.35 6.81496
internal_count=1828 828 798 1000 972 28
is_linear=0
shrinkage=0.05


Tree=16
num_leaves=8
num_cat=0
split_feature=23 0 45 58 65 8 30
split_gain=15.1337 20.7724 24.5283 15.6248 25.6329 20.5522 5.56514
threshold=1813.5000000000002 173688.50000000003 1.9386055469512942 4808.0000000000009 1.685519874095917 0.89335188269615184 6.4933669567108163
decision_type=2 2 2 2 2 2 2
left_child=3 2 -2 4 -1 -5 -3
right_child=1 6 -4 5 -6 -7 -8
leaf_value=0.027064254798136417 0.078078301065198419 0.011959960555436466 -0.070492067020935981 0.041607205002528166 -0.043150684896421036 -0.075366873474342566 -0.070055180107570697
leaf_weight=354.44145484268665 9.7144269645214099 2.4731856882572165 3.8590916097164145 286.25944319367409 13.439330473542212 3.7749191969633094 10.144457444548605
leaf_count=975 18 8 19 686 54 17 51
internal_value=0.0298771 -0.00724069 0.0354698 0.0313623 0.0244856 0.0400675 -0.0535831
internal_weight=684.106 26.1912 13.5735 657.915 367.881 290.034 12.6176
internal_count=1828 96 37 1732 1029 703 59
is_linear=0
shrinkage=0.05


Tree=17
num_leaves=5
num_cat=0
split_feature=9 50 69 38
split_gain=14.811 21.4369 17.0212 4.32524
threshold=10161898.500000002 -0.018784556537866589 4.2375433444976816 -1.2871770262718198
decision_type=2 2 2 2
left_child=1 -1 -3 -2
right_child=3 2 -4 -5
leaf_value=-0.070295780495773813 0.10799534510536822 -0.012844557112825263 0.029448942512869704 0.05191727526824718
leaf_weight=5.5772054046392432 6.7499722689390174 24.533715590834618 644.08160516619682 8.1157313436269742
leaf_count=27 7 86 1691 17
internal_value=0.0281698 0.0270699 0.0278896 0.0777166
internal_weight=689.058 674.193 668.615 14.8657
internal_count=1828 1804 1777 24
is_linear=0
shrinkage=0.05


Tree=18
num_leaves=8
num_cat=0
split_feature=56 72 69 50 30 9 69
split_gain=13.9443 22.5467 22.7341 21.2229 18.1486 29.7075 13.7924
threshold=0.6730332374572755 -1145740.5624999998 7.5944845676422128 -0.0009560087346471845 67.649280548095717 2864661.0000000005 5.292567491531373
decision_type=2 2 2 2 2 2 2
left_child=1 3 -3 -1 5 -2 -6
right_child=4 2 -4 -5 6 -7 -8
leaf_value=0.023578300074024172 0.0056541738623062483 -0.073743079397521616 0.038863983331607226 -0.0074615405157989244 -0.071395347617200608 0.040534352043849732 0.070984968900382445
leaf_weight=124.60803505778313 89.468057557940483 4.6005563884973517 140.14981751143932 98.349590197205544 1.7412021905183781 194.57869698107243 40.157446265220642
leaf_count=331 265 21 340 320 8 470 73
internal_value=0.0265781 0.019871 0.0352505 0.00986379 0.0341292 0.0295655 0.0649487
internal_weight=693.653 367.708 144.75 222.958 325.945 284.047 41.8986
internal_count=1828 1012 361 651 816 735 81
is_linear=0
shrinkage=0.05


Tree=19
num_leaves=8
num_cat=0
split_feature=34 31 58 56 52 57 48
split_gain=14.1433 21.3689 36.584 34.5824 13.7405 32.4877 18.81
threshold=0.46092693507671362 1.3287559151649477 -11711.999999999998 0.74732649326324474 -0.011369482614099978 1.1622629761695864 -1.1408067345619199
decision_type=2 2 2 2 2 2 2
left_child=4 3 -3 -2 5 -1 -6
right_child=1 2 -4 -5 6 -7 -8
leaf_value=-0.010605497569591643 -0.027787976909161533 -0.052699560230076048 0.049155854203099016 0.03003933280941512 -0.012985205343229118 0.034392650053009392 0.037645657939629769
leaf_weight=63.979022890329361 57.142446771264076 10.298931360244749 59.666193813085556 47.201790645718575 19.260447949171066 106.90292999148369 333.27345329523087
leaf_count=208 223 44 137 131 61 255 769
internal_value=0.0250952 0.0127086 0.0340912 -0.00158095 0.0292107 0.0175159 0.0348653
internal_weight=697.725 174.309 69.9651 104.344 523.416 170.882 352.534
internal_count=1828 535 181 354 1293 463 830
is_linear=0
shrinkage=0.05


Tree=20
num_leaves=7
num_cat=0
split_feature=10 60 69 11 58 10
split_gain=13.6655 29.3451 31.9957 17.5473 16.4348 2.80281
threshold=0.00071496499003842484 0.0038655097596347336 47.628971099853523 61.440122604370124 2980.0000000000005 0.00021145000209799039
decision_type=2 2 2 2 2 2
left_child=3 2 -2 4 -1 -5
right_child=1 -3 -4 5 -6 -7
leaf_value=0.016663113362175633 -0.057079753509261623 -0.074242268529250005 0.043513649677898732 0.058046757262473339 0.032821601405249964 0.10499458773602457
leaf_weight=327.8199038952589 10.526817589998243 10.800506666302679 31.44836063683033 7.4219540208578092 306.1249422878027 6.7864155173301697
leaf_count=914 43 50 71 13 730 7
internal_value=0.0237243 -0.000649718 0.018167 0.0257167 0.0244738 0.0808226
internal_weight=700.929 52.7757 41.9752 648.153 633.945 14.2084
internal_count=1828 164 114 1664 1644 20
is_linear=0
shrinkage=0.05


Tree=21
num_leaves=6
num_cat=0
split_feature=72 59 2 67 55
split_gain=13.557 14.4682 14.9498 6.6445 5.4359
threshold=-2603974.1249999995 0.59730210900306713 85515.000000000015 0.81963160634040844 0.99735382199287426
decision_type=2 2 2 2 2
left_child=4 3 -3 -2 -1
right_child=1 2 -4 -5 -6
leaf_value=-0.0740561409315873 0.041075989856876383 0.015539758069270188 0.030528480272642988 0.10840467419107602 0.016687870782874197
leaf_weight=5.0528165698051444 8.6717795431613904 385.29284416139126 295.822295114398 6.8302026540040961 2.332068607211113
leaf_count=23 19 1046 725 8 7
internal_value=0.0224356 0.0231547 0.022057 0.0710637 -0.0447231
internal_weight=704.002 696.617 681.115 15.502 7.38489
internal_count=1828 1798 1771 27 30
is_linear=0
shrinkage=0.05


Tree=22
num_leaves=8
num_cat=0
split_feature=23 0 45 10 60 11 49
split_gain=13.4077 17.7843 21.0424 13.7113 26.9036 14.7911 4.98147
threshold=1813.5000000000002 173688.50000000003 1.9386055469512942 0.00071496499003842484 0.0038655097596347336 61.440122604370124 0.21646247804164889
decision_type=2 2 2 2 2 2 2
left_child=3 2 -2 5 -5 -1 -3
right_child=1 6 -4 4 -6 -7 -8
leaf_value=0.023469776647933288 0.063816624141629488 0.0030628525109235119 -0.072064525591457929 0.015997861810365364 -0.073064195980020438 0.075023748947708524 -0.071668542274362548
leaf_weight=612.85502497851849 10.128418162465097 2.6901521980762473 3.937539115548133 42.263764441013336 10.604020431637762 14.333155393600462 10.225266844034193
leaf_count=1548 18 9 19 114 50 20 50
internal_value=0.0212199 -0.0132308 0.0254234 0.0225941 -0.00177129 0.0246559 -0.0557156
internal_weight=707.037 26.9814 14.066 680.056 52.8678 627.188 12.9154
internal_count=1828 96 37 1732 164 1568 59
is_linear=0
shrinkage=0.05


Tree=23
num_leaves=7
num_cat=0
split_feature=28 1 61 58 54 38
split_gain=13.1971 16.4958 16.8789 12.4489 22.6116 17.2827
threshold=412.31250000000006 21804.500000000004 52.843618392944343 2980.0000000000005 -1.5124465823173521 -1.2871770262718198
decision_type=2 2 2 2 2 2
left_child=3 -2 -3 4 -1 -5
right_child=1 2 -4 5 -6 -7
leaf_value=0.063008929945200937 -0.073604869315662028 -0.078247756696946683 0.013601379714561369 0.015727149812259617 0.012352150942063805 0.041218074634297566
leaf_weight=23.937736004590988 6.3121939599513999 5.2292539328336707 109.42698091268539 112.66931580007076 286.59489634633064 165.10574550926685
leaf_count=45 29 23 313 283 782 353
internal_value=0.0200912 0.00499777 0.00936871 0.0231863 0.0162732 0.0308966
internal_weight=709.276 120.968 114.656 588.308 310.533 277.775
internal_count=1828 365 336 1463 827 636
is_linear=0
shrinkage=0.05


Tree=24
num_leaves=7
num_cat=0
split_feature=34 34 25 31 3 45
split_gain=12.8276 20.9252 15.5008 13.4782 28.0197 6.50479
threshold=-0.20705590397119519 -0.16398309916257856 157.50000000000003 7.1470546722412118 9628.0000000000018 -0.4348121434450149
decision_type=2 2 2 2 2 2
left_child=3 -2 -3 4 -1 -5
right_child=1 2 -4 5 -6 -7
leaf_value=0.027021066202311896 -0.076395195796621337 0.046268566358146926 0.0087985907797842357 0.029336506605546736 -0.017088368093821089 0.0916991736664651
leaf_weight=365.0507100969553 6.6943244338035575 31.132280111312866 250.70136015117168 7.2766589075326946 39.799063429236412 10.834962263703344
leaf_count=852 30 64 734 16 119 13
internal_value=0.0190247 0.010865 0.0129554 0.024579 0.0226725 0.06692
internal_weight=711.489 288.528 281.834 422.961 404.85 18.1116
internal_count=1828 828 798 1000 971 29
is_linear=0
shrinkage=0.05


Tree=25
num_leaves=5
num_cat=0
split_feature=9 58 69 28
split_gain=12.4645 19.262 15.0502 4.00025
threshold=10161898.500000002 -130735.99999999999 4.2375433444976816 -1186.2812499999998
decision_type=2 2 2 2
left_child=1 -1 -3 -2
right_child=3 2 -4 -5
leaf_value=-0.076241244061042837 0.097545253719938926 -0.019488031663416588 0.019238856763968418 0.042629944235011985
leaf_weight=5.4708562642335883 5.52789282798767 25.940417855978012 666.7092217206955 9.7220738530158979
leaf_count=25 5 89 1690 19
internal_value=0.018024 0.0170373 0.0177813 0.0628638
internal_weight=713.37 698.12 692.65 15.25
internal_count=1828 1804 1779 24
is_linear=0
shrinkage=0.05


Tree=26
num_leaves=4
num_cat=0
split_feature=41 41 62
split_gain=12.3566 13.1957 12.2962
threshold=1.0907980203628542 -0.95467281341552723 80.243709564208999
decision_type=2 2 2
left_child=1 -1 -3
right_child=-2 2 -4
leaf_value=-0.074267453590382837 -0.073906724411245642 0.016442359999066351 0.04508222593688499
leaf_weight=3.8699005693197241 3.6912794113159171 667.64143382012844 39.953446090221405
leaf_count=18 17 1716 77
internal_value=0.0170782 0.0175573 0.0180665
internal_weight=715.156 711.465 707.595
internal_count=1828 1811 1793
is_linear=0
shrinkage=0.05


Tree=27
num_leaves=8
num_cat=0
split_feature=23 0 45 10 60 57 49
split_gain=11.6956 15.6818 18.4322 12.3139 23.7214 13.8706 4.64857
threshold=1813.5000000000002 173688.50000000003 1.9386055469512942 0.00071496499003842484 0.0038655097596347336 1.1622629761695864 0.21646247804164889
decision_type=2 2 2 2 2 2 2
left_child=3 2 -2 5 -5 -1 -3
right_child=1 6 -4 4 -6 -7 -8
leaf_value=0.013019177185163442 0.055526585444979085 0.0002326233850304763 -0.071741867911876908 0.010873801421503734 -0.072795084241768768 0.027994685462009061 -0.071582595757583703
leaf_weight=365.8084565103054 10.262929424643518 2.7184313833713523 3.9121872037649146 42.978412747383118 10.538744375109671 270.43417049944401 10.15355125069618
leaf_count=950 18 9 19 114 50 618 50
internal_value=0.0161849 -0.0159717 0.0200491 0.0174531 -0.00550908 0.0193924 -0.0560275
internal_weight=716.807 27.0471 14.1751 689.76 53.5172 636.243 12.872
internal_count=1828 96 37 1732 164 1568 59
is_linear=0
shrinkage=0.05


Tree=28
num_leaves=8
num_cat=0
split_feature=34 30 31 26 34 10 10
split_gain=11.4861 18.9962 18.7367 13.2421 12.7267 13.5416 8.74023
threshold=0.46092693507671362 11.766819000244142 1.3287559151649477 0.19596429914236072 0.41318914294242864 0.00060500501422211539 0.00021145000209799039
decision_type=2 2 2 2 2 2 2
left_child=4 3 -3 -2 5 -1 -6
right_child=1 2 -4 -5 6 -7 -8
leaf_value=0.019982730575345872 -0.052866146565662298 -0.0029794805394101434 0.032434276284837048 0.057828443510788141 0.030902823704904554 -0.01014861832258924 0.10644493384635603
leaf_weight=481.01700937747955 20.024593085050586 96.654636949300766 60.64697827398777 3.0817567855119696 9.4196384102106112 40.193403258919716 6.7693282514810553
leaf_count=1143 87 303 139 6 22 121 7
internal_value=0.0153515 0.0043992 0.0106424 -0.0378861 0.019019 0.0176495 0.0627992
internal_weight=717.807 180.408 157.302 23.1063 537.399 521.21 16.189
internal_count=1828 535 442 93 1293 1264 29
is_linear=0
shrinkage=0.05


Tree=29
num_leaves=7
num_cat=0
split_feature=54 58 57 53 46 48
split_gain=11.3759 14.401 30.6557 16.032 11.7141 23.6625
threshold=-1.6359426379203794 2980.0000000000005 1.1622629761695864 -0.24620009213685987 -0.72436323761939991 1.0000000180025095e-35
decision_type=2 2 2 2 2 2
left_child=4 2 -2 -3 -1 -6
right_child=1 3 -4 -5 5 -7
leaf_value=0.089301755061664434 -0.0057223651933101978 0.0063897797520710252 0.024331033198545557 0.029090349003366003 -0.054265803531510282 0.061715983165343796
leaf_weight=9.9693985432386416 213.4661690890789 124.25589030981064 140.64448773860931 210.82626231014729 6.6227309703826931 12.943231478333471
leaf_count=14 636 323 340 469 24 22
internal_value=0.0145635 0.013251 0.00620002 0.0206874 0.0450207 0.0222027
internal_weight=718.728 689.193 354.111 335.082 29.5354 19.566
internal_count=1828 1768 976 792 60 46
is_linear=0
shrinkage=0.05


Tree=30
num_leaves=5
num_cat=0
split_feature=9 50 34 38
split_gain=11.2407 17.4347 12.038 3.71177
threshold=10161898.500000002 -0.018784556537866589 -1.4580752253532407 -1.2871770262718198
decision_type=2 2 2 2
left_child=1 -1 -3 -2
right_child=3 2 -4 -5
leaf_value=-0.073392364114142988 0.084281529808936023 -0.027097317673139679 0.014669150956533372 0.033163199420539594
leaf_weight=5.7889593392610541 6.8283119350671759 17.618179261684418 681.11169359087944 8.399367079138754
leaf_count=27 7 55 1722 17
internal_value=0.0138147 0.0128869 0.0136089 0.0564137
internal_weight=719.747 704.519 698.73 15.2277
internal_count=1828 1804 1777 24
is_linear=0
shrinkage=0.05


Tree=31
num_leaves=7
num_cat=0
split_feature=56 40 53 38 27 30
split_gain=11.1634 23.8564 21.6641 19.3492 19.5692 14.6773
threshold=0.6730332374572755 2.9110630750656132 -0.37189927697181696 2.0284664630889897 127072.00000000001 67.649280548095717
decision_type=2 2 2 2 2 2
left_child=1 2 -1 5 -5 -2
right_child=3 -3 -4 4 -6 -7
leaf_value=-0.013953732091681116 0.018310377267322691 -0.082573147229094451 0.015277974400582593 -0.082088517977033093 0.024162362316826447 0.049999109520713736
leaf_weight=80.634196147322655 279.25528162717819 7.245388612151145 293.97603622823954 9.1320624649524706 8.1457474380731565 42.33868944644928
leaf_count=244 679 31 737 39 22 76
internal_value=0.0131052 0.00722246 0.00897255 0.0197194 -0.0317064 0.0224978
internal_weight=720.727 381.856 374.61 338.872 17.2778 321.594
internal_count=1828 1012 981 816 61 755
is_linear=0
shrinkage=0.05


Tree=32
num_leaves=7
num_cat=0
split_feature=34 34 56 67 3 2
split_gain=11.0118 18.6007 14.5284 12.3148 30.6613 14.5835
threshold=-0.20705590397119519 -0.16398309916257856 -1.1068643331527708 2.9758831262588505 9628.0000000000018 83246.000000000015
decision_type=2 2 2 2 2 2
left_child=3 -2 -3 4 -1 -5
right_child=1 2 -4 5 -6 -7
leaf_value=0.018520726034212193 -0.077290115817925567 -0.079114263628607878 0.0083830352128860253 0.067784850241868824 -0.036159943910910312 0.011999475094745299
leaf_weight=352.54343196749687 6.707145392894744 4.8160516768693915 282.23777621984482 25.147053644061089 27.590692922472954 22.406875193119049
leaf_count=821 30 21 777 36 89 54
internal_value=0.0124357 0.00495844 0.00689763 0.0175599 0.0145388 0.0416046
internal_weight=721.449 293.761 287.054 427.688 380.134 47.5539
internal_count=1828 828 798 1000 910 90
is_linear=0
shrinkage=0.05


Tree=33
num_leaves=7
num_cat=0
split_feature=57 57 68 54 33 72
split_gain=11.1793 18.2268 17.3315 13.8518 9.00577 4.9328
threshold=0.60609376430511486 0.75760731101036083 57.184152603149421 -1.6359426379203794 -1.282687723636627 -1207018.3749999998
decision_type=2 2 2 2 2 2
left_child=4 2 -2 -3 -1 -6
right_child=1 3 -4 -5 5 -7
leaf_value=-0.021555587240440145 -0.00029862612061267628 0.04742619489212857 -0.067709438730016641 0.011483240013444111 0.044297476755304405 0.10794116324053971
leaf_weight=3.2008102387189892 35.199895113706589 28.108387440443039 13.154750376939772 628.98343653976917 7.8538529723882684 5.453999757766721
leaf_count=10 98 53 52 1595 15 5
internal_value=0.0118044 0.0108437 -0.018741 0.0130284 0.0525555 0.0707565
internal_weight=721.955 705.446 48.3546 657.092 16.5087 13.3079
internal_count=1828 1798 150 1648 30 20
is_linear=0
shrinkage=0.05


Tree=34
num_leaves=4
num_cat=0
split_feature=41 41 72
split_gain=10.7396 11.3409 10.808
threshold=1.0907980203628542 -0.95467281341552723 -2603974.1249999995
decision_type=2 2 2
left_child=1 -1 -3
right_child=-2 2 -4
leaf_value=-0.074114896678207018 -0.073968661840839736 -0.047434584809938785 0.012747276899213858
leaf_weight=3.8182200044393531 3.666457310318946 7.5055728107690802 707.65110343694687
leaf_count=18 17 30 1763
internal_value=0.0112025 0.0116438 0.0121087
internal_weight=722.641 718.975 715.157
internal_count=1828 1811 1793
is_linear=0
shrinkage=0.05


Tree=35
num_leaves=5
num_cat=0
split_feature=9 50 34 18
split_gain=10.226 15.9367 11.1016 3.88755
threshold=10161898.500000002 -0.018784556537866589 -1.4580752253532407 4198.0000000000009
decision_type=2 2 2 2
left_child=1 -1 -3 -2
right_child=3 2 -4 -5
leaf_value=-0.073073983777760337 0.084506327588232621 -0.028610696542143182 0.011454377550038629 0.030832873491950519
leaf_weight=5.745123863220214 5.699869602918624 17.669495657086372 684.65537460148335 9.4222135692834836
leaf_count=27 6 55 1722 18
internal_value=0.0106322 0.00975461 0.0104393 0.0513943
internal_weight=723.192 708.07 702.325 15.1221
internal_count=1828 1804 1777 24
is_linear=0
shrinkage=0.05


Tree=36
num_leaves=8
num_cat=0
split_feature=27 52 3 3 59 33 42
split_gain=10.2854 32.5348 24.897 24.5693 18.7191 18.1691 5.05112
threshold=-36547.999999999993 -0.007954800967127083 11763.000000000002 -10831.499999999998 0.88631674647331249 -0.52533099055290211 -0.00025514001026749605
decision_type=2 2 2 2 2 2 2
left_child=2 4 5 -3 -2 -1 -4
right_child=1 3 6 -5 -6 -7 -8
leaf_value=0.015973065498597554 0.011686545977639285 -0.025314331827257314 -0.086225600220269427 0.01462459849002367 -0.067404566393945362 0.081067703630770219 -0.0017916386276746834
leaf_weight=352.32194925844669 10.833793267607687 44.790326237678528 6.9217007160186768 271.66683654487133 23.481612421572208 11.101206198334692 2.5449536740779859
leaf_count=852 28 143 29 662 93 14 7
internal_value=0.0100934 0.00392854 0.0158793 0.00895597 -0.0422888 0.0179752 -0.0640551
internal_weight=723.662 350.773 372.89 316.457 34.3154 363.423 9.46665
internal_count=1828 926 902 805 121 866 36
is_linear=0
shrinkage=0.05


Tree=37
num_leaves=8
num_cat=0
split_feature=28 35 27 50 69 6 72
split_gain=10.2941 15.9306 15.9702 13.4343 9.95895 33.4393 18.6272
threshold=412.31250000000006 -1.3994817733764646 -50943.999999999993 0.0026257700519636278 9.6642899513244647 -193754751.99999997 -2522239.7499999995
decision_type=2 2 2 2 2 2 2
left_child=4 2 -2 -3 5 -1 -6
right_child=1 3 -4 -5 6 -7 -8
leaf_value=0.012079030066336495 -0.0080349236979484987 0.030555598946126163 -0.074877184421584503 -0.010071110506625559 -0.020964847854863071 -0.068350668869847142 0.017341591919003998
leaf_weight=64.26356266438961 30.045679733157158 39.22211380302906 12.846759378910063 42.039233222603798 33.839191764593124 16.166090503334999 485.48372575640678
leaf_count=163 88 94 59 124 110 66 1124
internal_value=0.00958361 -0.00348979 -0.0281715 0.0094765 0.0122982 -0.0040249 0.0148359
internal_weight=723.906 124.154 42.8924 81.2613 599.753 80.4297 519.323
internal_count=1828 365 147 218 1463 229 1234
is_linear=0
shrinkage=0.05


Tree=38
num_leaves=7
num_cat=0
split_feature=23 0 45 25 25 49
split_gain=9.79395 13.1273 15.7082 11.7755 15.7392 4.22402
threshold=1813.5000000000002 173688.50000000003 1.9386055469512942 143086.00000000003 85096.500000000015 0.21646247804164889
decision_type=2 2 2 2 2 2
left_child=3 2 -2 4 -1 -3
right_child=1 5 -4 -5 -6 -7
leaf_value=0.010634288580320499 0.04537343352492304 -0.00013868603414488433 -0.07205681303309 0.070751284124514091 -0.043160879966049469 -0.071943158811886496
leaf_weight=674.89824436604977 10.258120432496073 2.743742272257804 3.9245580285787574 7.9772286266088477 13.841928020119665 10.116308517754076
leaf_count=1673 18 9 19 12 47 50
internal_value=0.00910316 -0.0203576 0.0125262 0.0102538 0.00954588 -0.0570122
internal_weight=723.76 27.0427 14.1827 696.717 688.74 12.8601
internal_count=1828 96 37 1732 1720 59
is_linear=0
shrinkage=0.05


Tree=39
num_leaves=8
num_cat=0
split_feature=56 53 38 54 72 58 30
split_gain=10.0525 19.193 16.9157 18.0885 16.8832 15.9227 13.5873
threshold=0.6730332374572755 -0.37189927697181696 2.0284664630889897 2.6550673246383671 -1002645.8749999999 2980.0000000000005 67.649280548095717
decision_type=2 2 2 2 2 2 2
left_child=1 4 6 -4 -1 -3 -2
right_child=2 5 3 -5 -6 -7 -8
leaf_value=-0.033620092726547805 0.013487488485992509 -0.0018591592151005684 -0.078660318162007692 0.024055631136110204 0.014681721466109077 0.02116196168382236 0.043957059448899716
leaf_weight=56.580206900835037 280.44181628525257 159.10647387057543 9.675434887409212 7.5936502367258063 26.426307201385498 141.67045940458775 42.327401667833328
leaf_count=189 679 444 43 18 64 315 76
internal_value=0.00864524 0.0030824 0.014909 -0.033204 -0.0181823 0.00896751 0.0174987
internal_weight=723.822 383.783 340.038 17.2691 83.0065 300.777 322.769
internal_count=1828 1012 816 61 253 759 755
is_linear=0
shrinkage=0.05


Tree=40
num_leaves=7
num_cat=0
split_feature=57 39 57 50 33 67
split_gain=9.93602 20.2284 13.4082 11.5808 8.10978 2.75488
threshold=0.60609376430511486 -1.3713339567184446 0.75760731101036083 -0.00073304816032759834 -1.282687723636627 1.6037435531616213
decision_type=2 2 2 2 2 2
left_child=4 2 -2 -3 -1 -6
right_child=1 3 -4 -5 5 -7
leaf_value=-0.023997979465069499 -0.083752501044923156 0.014894363392031521 0.028246412818687984 0.0019539513360767313 0.042966400348562722 0.090989656245875905
leaf_weight=3.1811456382274654 9.8339567035436612 350.15630850195885 3.5892848074436179 343.51478422433138 7.6515515744686109 5.6868282705545425
leaf_count=10 42 842 8 906 14 6
internal_value=0.00821459 0.00731067 -0.0534323 0.00849331 0.0466031 0.063816
internal_weight=723.614 707.094 13.4232 693.671 16.5195 13.3384
internal_count=1828 1798 50 1748 30 20
is_linear=0
shrinkage=0.05


Tree=41
num_leaves=7
num_cat=0
split_feature=34 34 60 56 55 55
split_gain=9.29891 16.6901 14.7872 12.8934 12.6234 3.49379
threshold=-0.20705590397119519 -0.16398309916257856 -0.026902432553470131 -1.1068643331527708 -0.98414883017539967 -0.43920025229454035
decision_type=2 2 2 2 2 2
left_child=2 -2 5 -3 -4 -1
right_child=1 3 4 -5 -6 -7
leaf_value=-0.082100059473860593 -0.077210405750687799 -0.078687041424888832 0.030976653830870407 0.0041716187013719893 0.0093669623091863254 -0.0060965590869694244
leaf_weight=4.9128046482801437 6.6686158478260031 4.7695300728082648 85.086756497621536 284.4429497346282 335.52666865289211 2.3983988314867011
leaf_count=21 30 21 172 777 800 7
internal_value=0.00780183 0.000967959 0.0125153 0.00278787 0.0137503 -0.0578514
internal_weight=723.806 295.881 427.925 289.212 420.613 7.3112
internal_count=1828 828 1000 798 972 28
is_linear=0
shrinkage=0.05


Tree=42
num_leaves=8
num_cat=0
split_feature=1 72 39 61 49 58 37
split_gain=9.48952 17.3823 18.0643 12.2024 16.4879 14.1077 5.1748
threshold=20283.000000000004 -896262.06249999988 2.3337219953536992 262.69866943359381 -1.2238646149635313 31231.000000000004 -1.5184568762779234
decision_type=2 2 2 2 2 2 2
left_child=1 2 -1 4 -2 -5 -3
right_child=3 6 -4 5 -6 -7 -8
leaf_value=-0.007931773732963136 -0.040810772040893811 -0.086597355183097635 0.098747891638140961 0.033775703813311395 0.0081869371180092812 -0.049564104943717366 -0.0024446444490896146
leaf_weight=47.229722395539284 17.676708981394768 8.5514810681343061 4.3311965465545645 71.864077657461166 566.09953848272562 5.4175982326269141 2.4804062396287909
leaf_count=134 60 36 4 152 1416 19 7
internal_value=0.00741165 -0.0111597 0.00093251 0.00917766 0.00669472 0.0278687 -0.0681297
internal_weight=723.651 62.5928 51.5609 661.058 583.776 77.2817 11.0319
internal_count=1828 181 138 1647 1476 171 43
is_linear=0
shrinkage=0.05


Tree=43
num_leaves=5
num_cat=0
split_feature=41 10 60 25
split_gain=9.19519 9.33056 19.8118 13.0202
threshold=1.0907980203628542 0.00071496499003842484 0.0038655097596347336 402.50000000000006
decision_type=2 2 2 2
left_child=1 3 -3 -1
right_child=-2 2 -4 -5
leaf_value=0.026153394521493241 -0.072736017309267181 0.0023267644617956371 -0.073785135148210321 0.0061948882147885506
leaf_weight=95.693230301141739 3.5826972872018805 43.60373729467392 10.601844131946562 570.25378549844027
leaf_count=202 17 114 50 1445
internal_value=0.00703844 0.00744225 -0.0124674 0.00907033
internal_weight=723.735 720.153 54.2056 665.947
internal_count=1828 1811 164 1647
is_linear=0
shrinkage=0.05


Tree=44
num_leaves=5
num_cat=0
split_feature=9 58 69 28
split_gain=9.09055 16.1461 11.7803 3.61975
threshold=10161898.500000002 -130735.99999999999 4.2375433444976816 -1186.2812499999998
decision_type=2 2 2 2
left_child=1 -1 -3 -2
right_child=3 2 -4 -5
leaf_value=-0.07910329987822308 0.079541899393217569 -0.026076153184474111 0.0078312792191096853 0.026545693425701157
leaf_weight=5.5381152629852286 5.2034356594085684 26.562092870473862 676.59943789243698 9.6710005998611432
leaf_count=25 5 89 1690 19
internal_value=0.00668699 0.00586697 0.00654331 0.0454212
internal_weight=723.574 708.7 703.162 14.8744
internal_count=1828 1804 1779 24
is_linear=0
shrinkage=0.05


Tree=45
num_leaves=7
num_cat=0
split_feature=54 59 57 39 67 67
split_gain=8.99507 12.4592 10.532 17.1661 8.46212 6.33922
threshold=-1.6359426379203794 1.2404531836509707 0.60609376430511486 -1.653309643268585 -0.90036100149154652 0.81963160634040844
decision_type=2 2 2 2 2 2
left_child=1 4 5 -4 -1 -2
right_child=2 -3 3 -5 -6 -7
leaf_value=0.08049732413261125 0.017189584042022327 -0.044492029669416171 -0.082770513577309066 0.004963211520380365 0.021522738555562537 0.081238703341215177
leaf_weight=10.793981641530996 9.2333386391401309 4.3336462974548331 5.6164882481098166 671.85502390563488 14.659842029213904 6.9727078825235358
leaf_count=13 21 14 24 1715 33 8
internal_value=0.00635337 0.033289 0.00518951 0.00422849 0.046728 0.0450555
internal_weight=723.465 29.7875 693.678 677.472 25.4538 16.206
internal_count=1828 60 1768 1739 46 29
is_linear=0
shrinkage=0.05


Tree=46
num_leaves=8
num_cat=0
split_feature=1 72 57 52 57 52 72
split_gain=8.72558 15.8298 16.4786 11.2942 28.6935 21.1696 4.90093
threshold=20283.000000000004 -896262.06249999988 1.3733151555061343 -0.0091151515953242761 1.1622629761695864 0.0030698695918545131 -648747.09374999988
decision_type=2 2 2 2 2 2 2
left_child=1 2 -1 4 -2 -5 -3
right_child=3 6 -4 5 -6 -7 -8
leaf_value=-0.0087401372091671752 -0.023345820826092146 -0.084604359018751268 0.093446408519096899 0.024909377233178907 0.012844095884951633 0.0025684873909475781 -0.0024927466171817633
leaf_weight=47.218613997101784 89.50022266805172 8.4524293988943082 4.3047511577606192 191.37609634548426 141.08731070160866 239.04894351959229 2.4767122268676749
leaf_count=134 279 36 4 417 332 619 7
internal_value=0.00603625 -0.0117965 -0.00010546 0.00772865 -0.00118097 0.0125133 -0.0664541
internal_weight=723.465 62.4525 51.5234 661.013 230.588 430.425 10.9291
internal_count=1828 181 138 1647 611 1036 43
is_linear=0
shrinkage=0.05


Tree=47
num_leaves=4
num_cat=0
split_feature=41 41 18
split_gain=9.40145 10.3889 11.4652
threshold=-0.95467281341552723 -0.25625973939895624 37784.000000000007
decision_type=2 2 2
left_child=-1 -2 -3
right_child=1 2 -4
leaf_value=-0.073158532408450966 0.078932563206044082 0.007434993477883893 -0.01685755960546385
leaf_weight=3.7466842159628859 4.8807516396045676 662.20860910415649 52.303983747959137
leaf_count=18 6 1640 164
internal_value=0.00573602 0.00615386 0.00564972
internal_weight=723.14 719.393 714.513
internal_count=1828 1810 1804
is_linear=0
shrinkage=0.05


Tree=48
num_leaves=8
num_cat=0
split_feature=56 1 53 47 54 24 26
split_gain=8.59957 18.2478 17.0997 14.3166 15.386 13.619 5.27575
threshold=0.6730332374572755 313016.50000000006 -0.37189927697181696 -1.6256754994392393 0.32833467423915869 20.500000000000004 0.46567188203334814
decision_type=2 2 2 2 2 2 2
left_child=1 2 -1 4 -2 -5 -3
right_child=3 6 -4 5 -6 -7 -8
leaf_value=-0.018220954436029609 -0.044898117613144356 -0.093256929723573079 0.0076649299940577433 0.03301018406671978 0.055744041114839063 0.0034057432191653262 -0.006033156697185473
leaf_weight=81.497832775115967 4.3177611380815497 6.5799443721771222 293.10317749530077 45.781156241893768 28.84175018966198 260.47842860221863 2.5250106006860733
leaf_count=247 14 27 731 91 47 664 7
internal_value=0.00544864 0.000306974 0.00201987 0.0112465 0.0424885 0.00784748 -0.0696169
internal_weight=723.125 383.706 374.601 339.419 33.1595 306.26 9.10495
internal_count=1828 1012 978 816 61 755 34
is_linear=0
shrinkage=0.05


Tree=49
num_leaves=7
num_cat=0
split_feature=37 50 57 61 57 19
split_gain=8.51639 12.3278 9.8638 24.3809 9.07794 5.12608
threshold=-3.0267213582992549 -0.018784556537866589 1.1762649416923525 208.22917938232425 0.60609376430511486 70123.964843750015
decision_type=2 2 2 2 2 2
left_child=2 -2 3 -1 -3 -4
right_child=1 4 5 -5 -6 -7
leaf_value=-0.089948054372115574 -0.073660928141476997 0.041729440417250879 0.080665834715148613 0.055041909159425889 0.003727993040061349 0.025347416627056824
leaf_weight=4.8557949960231799 5.058949500322341 16.125261709094048 9.4444597512483615 7.1871829032897949 672.13684499263763 8.1272960454225522
leaf_count=20 24 29 11 12 1715 17
internal_value=0.00517702 0.00404715 0.03146 -0.00300366 0.00462559 0.0553645
internal_weight=722.936 693.321 29.6147 12.043 688.262 17.5718
internal_count=1828 1768 60 32 1744 28
is_linear=0
shrinkage=0.05


Tree=50
num_leaves=6
num_cat=0
split_feature=72 58 65 8 55
split_gain=8.36535 8.95529 21.8822 16.9034 5.26754
threshold=-2603974.1249999995 4808.0000000000009 1.8333446979522707 0.89335188269615184 0.99735382199287426
decision_type=2 2 2 2 2
left_child=4 2 -2 -3 -1
right_child=1 3 -4 -5 -6
leaf_value=-0.076405354147983967 0.0025012784847541088 0.013165256902212716 -0.067568451261913728 -0.082913252171989679 0.012227376043949285
leaf_weight=5.1007274389266959 386.73075637966394 312.4524357765913 11.471687465906141 4.6328012943267813 2.3637401461601257
leaf_count=23 1013 717 47 21 7
internal_value=0.00491977 0.00547555 0.000470106 0.0117457 -0.0476686
internal_weight=722.752 715.288 398.202 317.085 7.46447
internal_count=1828 1798 1060 738 30
is_linear=0
shrinkage=0.05


Tree=51
num_leaves=7
num_cat=0
split_feature=2 2 58 58 72 54
split_gain=8.48935 21.2643 27.989 16.5429 14.0624 11.3301
threshold=85515.000000000015 66474.000000000015 -28763.999999999996 4808.0000000000009 -2603974.1249999995 -0.04108417592942714
decision_type=2 2 2 2 2 2
left_child=1 3 -3 -1 -2 -6
right_child=4 2 -4 -5 5 -7
leaf_value=-0.0045611071858845951 -0.075496935926216147 0.03944852322636655 -0.042198970954890454 0.017572371324791621 4.1254784006510308e-05 0.019800490714732957
leaf_weight=196.24041614681482 4.6253179907798758 13.024214193224905 53.060187622904778 147.8479867130518 118.5453194975853 189.0706542134285
leaf_count=544 21 27 177 326 310 423
internal_value=0.00467468 -4.22582e-05 -0.0260319 0.00493468 0.010887 0.0122022
internal_weight=722.414 410.173 66.0844 344.088 312.241 307.616
internal_count=1828 1074 204 870 754 733
is_linear=0
shrinkage=0.05


Tree=52
num_leaves=7
num_cat=0
split_feature=50 72 1 50 55 52
split_gain=8.40052 18.0557 14.2289 11.398 18.8231 16.5399
threshold=1.0000000180025095e-35 -2546903.4999999995 25349.000000000004 -0.0027569952653720971 0.15887342393398288 -0.011369482614099978
decision_type=2 2 2 2 2 2
left_child=3 -2 -3 4 -1 -5
right_child=1 2 -4 5 -6 -7
leaf_value=0.010844150065420492 -0.078061854590782548 -0.033440785199843392 0.003659831145469976 -0.012527238207563844 -0.020428299893092354 0.025486793207648652
leaf_weight=163.60069838166237 7.5802370011806479 28.597849696874619 268.25056883692741 35.126310780644417 68.133773326873779 150.7404417693615
leaf_count=395 34 92 677 101 201 328
internal_value=0.00444275 -0.00186024 6.878e-05 0.00904956 0.00162796 0.0182758
internal_weight=722.03 304.429 296.848 417.601 231.734 185.867
internal_count=1828 803 769 1025 596 429
is_linear=0
shrinkage=0.05


Tree=53
num_leaves=7
num_cat=0
split_feature=54 59 10 11 60 60
split_gain=8.24449 11.0689 10.2096 15.0752 14.3746 9.92189
threshold=-1.6359426379203794 1.2404531836509707 0.00071496499003842484 61.440122604370124 0.0038655097596347336 0.0017127023893408479
decision_type=2 2 2 2 2 2
left_child=1 5 3 -2 -4 -1
right_child=2 -3 4 -5 -6 -7
leaf_value=0.062503338682248819 0.0036482863075447455 -0.043278227897085055 -0.0051893959264011774 0.056684254026747809 -0.073096263396861469 -0.0062691956988335648
leaf_weight=18.142986595630653 629.55965215712786 4.327965483069419 39.086970821022987 13.707796320319174 9.7976071462035161 7.1988289058208457
leaf_count=26 1596 14 106 19 47 20
internal_value=0.00422041 0.0300494 0.003106 0.00478624 -0.0189018 0.0427699
internal_weight=721.822 29.6698 692.152 643.267 48.8846 25.3418
internal_count=1828 60 1768 1615 153 46
is_linear=0
shrinkage=0.05


Tree=54
num_leaves=5
num_cat=0
split_feature=41 50 40 72
split_gain=8.03751 7.81109 17.0233 16.8099
threshold=1.0907980203628542 1.0000000180025095e-35 2.9110630750656132 -2546903.4999999995
decision_type=2 2 2 2
left_child=1 2 -1 -3
right_child=-2 3 -4 -5
leaf_value=0.010312729882652229 -0.071365834836820893 -0.076081309173680486 -0.061476597234489186 0.00014494081030786695
leaf_weight=406.49452126026154 3.5117129534482947 7.4109448939561835 8.4111415892839414 295.54802713543177
leaf_count=980 17 34 33 764
internal_value=0.0040109 0.0043866 0.00884534 -0.00170319
internal_weight=721.376 717.865 414.906 302.959
internal_count=1828 1811 1013 798
is_linear=0
shrinkage=0.05


Tree=55
num_leaves=5
num_cat=0
split_feature=9 58 50 40
split_gain=7.9279 14.2695 11.3365 3.69618
threshold=10161898.500000002 -130735.99999999999 -0.018784556537866589 0.76941221952438366
decision_type=2 2 2 2
left_child=1 -1 -3 -2
right_child=3 2 -4 -5
leaf_value=-0.077943484248025399 0.016107983243613434 -0.071874049562071593 0.0042227429161689123 0.067821743088819983
leaf_weight=5.3908485621213904 7.7747264802455884 4.9224616959691039 696.27395316958427 6.7246088236570358
leaf_count=25 16 24 1755 8
internal_value=0.00381025 0.00305158 0.00368141 0.040437
internal_weight=721.087 706.587 701.196 14.4993
internal_count=1828 1804 1779 24
is_linear=0
shrinkage=0.05


Tree=56
num_leaves=8
num_cat=0
split_feature=1 68 46 39 52 57 6
split_gain=7.84149 15.1561 24.9946 21.1557 10.0988 25.3379 18.2705
threshold=20283.000000000004 54.814777374267585 -0.48379619419574732 2.8839296102523808 -0.0091151515953242761 1.1622629761695864 -295766895.99999994
decision_type=2 2 2 2 2 2 2
left_child=1 3 -3 -1 5 -2 -6
right_child=4 2 -4 -5 6 -7 -8
leaf_value=-0.045234911306255232 -0.024043247094918001 -0.047179110306052527 0.055728541702585094 0.089205657425448726 -0.0029979275583684639 0.01000620691468365 0.018098142353890172
leaf_weight=34.016804978251457 89.354164406657219 9.4614358246326464 15.566801577806471 3.179346799850463 169.12489352375269 140.44207368791103 259.63517737388611
leaf_count=119 279 33 26 3 456 332 580
internal_value=0.00362082 -0.0133227 0.0166265 -0.0336092 0.00522935 -0.00321185 0.00976511
internal_weight=720.781 62.2244 25.0282 37.1962 658.556 229.796 428.76
internal_count=1828 181 59 122 1647 611 1036
is_linear=0
shrinkage=0.05


Tree=57
num_leaves=7
num_cat=0
split_feature=2 2 58 67 72 10
split_gain=7.86614 19.1606 25.273 14.8222 11.891 11.3343
threshold=85515.000000000015 66474.000000000015 -28763.999999999996 2.9758831262588505 -2603974.1249999995 -0.00096753999241627742
decision_type=2 2 2 2 2 2
left_child=1 3 -3 -1 -2 -6
right_child=4 2 -4 -5 5 -7
leaf_value=-0.00023189081739579339 -0.072173467307515393 0.036407024994719504 -0.041239472932273272 0.031527634069161301 -0.018819745310816986 0.013755961181873326
leaf_weight=301.27776455879211 4.3851905763149253 13.006600216031073 52.827110253274441 41.792079851031303 29.42355552315712 277.42668731510639
leaf_count=786 21 27 177 84 85 648
internal_value=0.00344204 -0.0011061 -0.0258231 0.00362242 0.00943348 0.010616
internal_weight=720.139 408.904 65.8337 343.07 311.235 306.85
internal_count=1828 1074 204 870 754 733
is_linear=0
shrinkage=0.05


Tree=58
num_leaves=8
num_cat=0
split_feature=27 52 3 3 54 59 36
split_gain=7.92958 25.5257 21.4685 21.2821 19.0433 17.2286 4.48235
threshold=-36547.999999999993 -0.007954800967127083 -10831.499999999998 11763.000000000002 -0.10000909864902495 0.88631674647331249 -0.89044159650802601
decision_type=2 2 2 2 2 2 2
left_child=3 5 -3 4 -1 -2 -5
right_child=1 2 -4 6 -6 -7 -8
leaf_value=-0.0039676414743864442 0.0083104596077638454 -0.029863763356007558 0.0076008853711224652 -0.086949329992867586 0.019507884575670677 -0.067866286635974313 -0.0071561694453942852
leaf_weight=141.68175958096981 10.78931540250778 44.518530614674091 270.23958484828472 6.8544111400842667 220.12856963276863 23.032349437475204 2.5582101345062238
leaf_count=376 28 143 662 29 490 93 7
internal_value=0.00327023 -0.00213405 0.0022861 0.00835834 0.0103013 -0.0434176 -0.0657939
internal_weight=719.803 348.58 314.758 371.223 361.81 33.8217 9.41262
internal_count=1828 926 805 902 866 121 36
is_linear=0
shrinkage=0.05


Tree=59
num_leaves=8
num_cat=0
split_feature=34 56 56 34 10 35 19
split_gain=8.11412 16.971 16.1504 11.458 11.1452 10.1364 5.45963
threshold=0.46092693507671362 3.9574885368347172 0.58335551619529735 0.41318914294242864 0.00060500501422211539 -1.8558346033096311 613901.43750000012
decision_type=2 2 2 2 2 2 2
left_child=3 2 -2 4 -1 -5 -3
right_child=1 6 -4 5 -6 -7 -8
leaf_value=0.0070342940123276493 -0.015649847933369637 -0.086050751299333914 0.015178198551214299 0.1028002887235888 -0.020364323229132557 0.018860271564703195 0
leaf_weight=479.37155026197433 97.000756964087486 8.3470902889966947 75.52132785320282 5.5182744264602688 40.155052527785301 10.90021365880966 2.4386598616838446
leaf_count=1143 307 36 184 5 121 24 8
internal_value=0.00310696 -0.00595983 -0.00212593 0.00621737 0.00490699 0.0473772 -0.066821
internal_weight=719.253 183.308 172.522 535.945 519.527 16.4185 10.7858
internal_count=1828 535 491 1293 1264 29 44
is_linear=0
shrinkage=0.05


Tree=60
num_leaves=7
num_cat=0
split_feature=54 58 35 55 57 57
split_gain=7.83616 9.5092 22.5844 13.779 8.74006 7.87071
threshold=-1.6359426379203794 2980.0000000000005 1.5411463379859927 -0.079196657985448823 1.2308312654495241 0.82982110977172863
decision_type=2 2 2 2 2 2
left_child=4 2 -2 -3 5 -1
right_child=1 3 -4 -5 -6 -7
leaf_value=-0.016249900121659805 0.0001813540837047043 -0.003384689726281925 -0.043399199400019434 0.017035077109286464 -0.039143900080359478 0.053052318975682772
leaf_weight=4.9989019781351152 322.90480544418097 148.52607072889805 32.717741139233112 185.2011444568634 4.0760394036769858 20.401080787181854
leaf_count=14 858 384 118 408 13 33
internal_value=0.00295256 0.00186529 -0.00381405 0.00793223 0.0282108 0.0392163
internal_weight=718.826 689.35 355.623 333.727 29.476 25.4
internal_count=1828 1768 976 792 60 47
is_linear=0
shrinkage=0.05


Tree=61
num_leaves=4
num_cat=0
split_feature=41 41 18
split_gain=7.66978 9.34419 10.2558
threshold=-0.95467281341552723 -0.25625973939895624 37784.000000000007
decision_type=2 2 2
left_child=-1 -2 -3
right_child=1 2 -4
leaf_value=-0.070532911803474554 0.072441738973328576 0.0043867953662409731 -0.018730114086239646
leaf_weight=3.5415306463837615 4.8416858613491049 658.32095995545387 51.691733032464981
leaf_count=18 6 1640 164
internal_value=0.0028058 0.00317613 0.00269675
internal_weight=718.396 714.854 710.013
internal_count=1828 1810 1804
is_linear=0
shrinkage=0.05


Tree=62
num_leaves=6
num_cat=0
split_feature=57 57 68 54 69
split_gain=7.5092 14.0641 14.5182 10.2713 7.03241
threshold=0.60609376430511486 0.75760731101036083 65.072044372558608 -1.6359426379203794 28.148400306701664
decision_type=2 2 2 2 2
left_child=4 2 -2 -3 -1
right_child=1 3 -4 -5 -6
leaf_value=-0.012436986467089205 -0.011573604131393607 0.033599069334952186 -0.084744284008001686 0.0024835165987593553 0.058370829880204006
leaf_weight=4.9493113309145 40.009627059102058 27.738335654139519 8.2275849580764753 626.05870085209608 11.212923169136046
leaf_count=14 115 53 35 1595 16
internal_value=0.00266566 0.00188241 -0.0241576 0.00381129 0.0363782
internal_weight=718.196 702.034 48.2372 653.797 16.1622
internal_count=1828 1798 150 1648 30
is_linear=0
shrinkage=0.05


Tree=63
num_leaves=8
num_cat=0
split_feature=28 35 27 50 48 50 10
split_gain=7.4253 14.4519 12.5961 11.8021 8.28676 20.8288 8.42431
threshold=412.31250000000006 -1.3994817733764646 -50943.999999999993 0.0026257700519636278 -1.295711815357208 -0.0019249954493716357 0.00071496499003842484
decision_type=2 2 2 2 2 2 2
left_child=4 2 -2 -3 5 -1 -6
right_child=1 3 -4 -5 6 -7 -8
leaf_value=0.019969340549050547 -0.01443749999798402 0.023519441787312235 -0.074435263277262909 -0.014686451461224562 0.007651628354566062 -0.093342561534017127 -0.014442663216591429
leaf_weight=9.0454584360122698 30.028007850050926 39.127489469945431 12.522651642560957 41.704401627182961 531.35949265211821 7.2744224816560736 46.813837684690952
leaf_count=20 88 94 59 124 1274 30 139
internal_value=0.002533 -0.00861458 -0.0322123 0.00374564 0.004855 -0.0302319 0.00585404
internal_weight=717.876 123.383 42.5507 80.8319 594.493 16.3199 578.173
internal_count=1828 365 147 218 1463 50 1413
is_linear=0
shrinkage=0.05


Tree=64
num_leaves=5
num_cat=0
split_feature=9 50 34 28
split_gain=7.07891 11.6576 9.02127 3.67707
threshold=10161898.500000002 -0.018784556537866589 -1.4580752253532407 -1186.2812499999998
decision_type=2 2 2 2
left_child=1 -1 -3 -2
right_child=3 2 -4 -5
leaf_value=-0.071247413466387272 0.073096684597704881 -0.033004684347585453 0.0031898459541490308 0.018358767124803402
leaf_weight=5.4314285963773719 4.8418573737144461 17.644484132528305 680.04801896959543 9.3690886646509153
leaf_count=27 5 55 1722 19
internal_value=0.00240592 0.00169234 0.00226733 0.0373605
internal_weight=717.335 703.124 697.693 14.2109
internal_count=1828 1804 1777 24
is_linear=0
shrinkage=0.05


Tree=65
num_leaves=7
num_cat=0
split_feature=23 50 31 25 25 51
split_gain=7.08505 11.2762 14.5979 9.89634 12.8057 5.18756
threshold=1813.5000000000002 -0.0025304657174274321 8.196043014526369 143086.00000000003 85096.500000000015 -0.0028192766476422544
decision_type=2 2 2 2 2 2
left_child=3 5 -3 4 -1 -2
right_child=1 2 -4 -5 -6 -7
leaf_value=0.0035984881726629455 -0.0097089663968287603 -0.06476125354476002 0.067312204944835988 0.059163249316503033 -0.045390367546767951 0.066972493189986951
leaf_weight=669.19997101277113 5.0715054124593735 15.133784085512163 2.3919215202331534 7.8362905085086814 13.599747970700262 3.7833013236522692
leaf_count=1673 16 71 3 12 47 6
internal_value=0.00228655 -0.0231208 -0.0464505 0.00326428 0.00261542 0.0224893
internal_weight=717.017 26.3805 17.5257 690.636 682.8 8.85481
internal_count=1828 96 74 1732 1720 22
is_linear=0
shrinkage=0.05


Tree=66
num_leaves=7
num_cat=0
split_feature=26 40 22 41 61 29
split_gain=6.93729 15.1462 12.1975 9.27657 9.26292 3.36451
threshold=0.84807121753692638 0.76941221952438366 8241.7299804687518 0.44224168360233312 113.91492080688478 80.478179931640639
decision_type=2 2 2 2 2 2
left_child=3 2 -2 4 -1 -3
right_child=1 5 -4 -5 -6 -7
leaf_value=-0.0076989119662955116 0.057783515648619402 -0.016266897216227597 0.0067575967777653706 -0.072980671049966972 0.0051786111648413494 -0.096868953298585095
leaf_weight=200.8303314819932 20.485076606273651 2.6929820179939261 27.949339032173157 4.2353181391954413 457.5436941832304 2.8481934517621994
leaf_count=546 31 8 65 21 1145 12
internal_value=0.00217285 0.0194136 0.028442 0.000760885 0.00124286 -0.0585991
internal_weight=716.585 53.9756 48.4344 662.609 658.374 5.54118
internal_count=1828 116 96 1712 1691 20
is_linear=0
shrinkage=0.05


Tree=67
num_leaves=7
num_cat=0
split_feature=34 34 60 10 34 55
split_gain=6.86622 13.9692 13.5554 11.5868 11.0289 2.97874
threshold=-0.20705590397119519 -0.16398309916257856 -0.026902432553470131 -0.00096753999241627742 -0.31257922947406763 -0.43920025229454035
decision_type=2 2 2 2 2 2
left_child=2 -2 5 -3 -4 -1
right_child=1 3 4 -5 -6 -7
leaf_value=-0.083963453988100026 -0.076457960133386849 -0.050149531363091172 0.0049653423946489517 -2.1422938620308243e-05 0.035443363349920154 -0.012099876523321602
leaf_weight=4.9078340232372284 6.4713036566972724 12.03966376185417 382.44926743209362 275.85152388364077 32.27282053232193 2.288985162973403
leaf_count=21 30 44 912 754 60 7
internal_value=0.00206427 -0.00378607 0.00615776 -0.00213516 0.00734914 -0.0618016
internal_weight=716.281 294.362 421.919 287.891 414.722 7.19682
internal_count=1828 828 1000 798 972 28
is_linear=0
shrinkage=0.05


Tree=68
num_leaves=8
num_cat=0
split_feature=2 2 58 34 25 16 34
split_gain=6.88148 17.1477 22.7783 17.4996 11.3906 14.7538 10.4187
threshold=85515.000000000015 66474.000000000015 -28763.999999999996 -1.392977178096771 402.50000000000006 49.899999618530281 -0.96651431918144215
decision_type=2 2 2 2 2 2 2
left_child=1 3 -3 -1 6 -6 -2
right_child=4 2 -4 -5 5 -7 -8
leaf_value=-0.057955625589488913 -0.010602401407052806 0.033349091674610545 -0.040535180458227328 0.0043170462396007001 0.0059889434347034781 -0.066094390243327264 0.049653640440520189
leaf_weight=11.675592169165609 9.5869646966457349 12.956183552742003 52.315758712589741 329.51937614381313 265.34128835052252 7.285538598895072 27.085046887397766
leaf_count=42 27 27 177 828 656 27 44
internal_value=0.00196033 -0.00230687 -0.0257929 0.00217144 0.00758427 0.00404429 0.0337649
internal_weight=715.766 406.467 65.2719 341.195 309.299 272.627 36.672
internal_count=1828 1074 204 870 754 683 71
is_linear=0
shrinkage=0.05


Tree=69
num_leaves=7
num_cat=0
split_feature=57 39 57 50 33 72
split_gain=6.90567 15.0712 11.2135 8.40084 6.76411 4.65911
threshold=0.60609376430511486 -1.3713339567184446 0.75760731101036083 -0.00073304816032759834 -1.282687723636627 -1207018.3749999998
decision_type=2 2 2 2 2 2
left_child=4 2 -2 -3 -1 -6
right_child=1 3 -4 -5 5 -7
leaf_value=-0.030690319519710137 -0.080565834025479066 0.0076173914414413256 0.022508316432243086 -0.0034412361895075705 0.024305424837890083 0.086678262019438485
leaf_weight=3.1210956275463095 9.4986564666032773 346.32653599977493 3.5599354952573767 339.9759413972497 7.5449495315551749 5.3296257257461539
leaf_count=10 42 842 8 906 15 5
internal_value=0.00186283 0.00111248 -0.0520836 0.00213196 0.0343567 0.050514
internal_weight=715.357 699.361 13.0586 686.302 15.9957 12.8746
internal_count=1828 1798 50 1748 30 20
is_linear=0
shrinkage=0.05


Tree=70
num_leaves=8
num_cat=0
split_feature=56 72 25 53 38 27 60
split_gain=6.76789 18.6608 16.5516 16.4575 13.1517 16.7406 11.7593
threshold=0.6730332374572755 -1145740.5624999998 85096.500000000015 -0.45600381493568415 2.0284664630889897 127072.00000000001 -0.0018139532185159621
decision_type=2 2 2 2 2 2 2
left_child=1 3 -3 -1 6 -6 -2
right_child=4 2 -4 -5 5 -7 -8
leaf_value=-0.042331289888548007 -0.0031370077552083709 0.013689088416584795 -0.091609363987708636 -0.0058549534075337632 -0.082963362186401046 0.016229535582310547 0.016691880532829231
leaf_weight=36.924901127815247 119.15487830340862 145.52092392742634 3.8197423219680777 193.62341582775116 8.9505261480808276 7.9733370020985594 199.03647646307945
leaf_count=128 306 345 16 523 39 22 449
internal_value=0.00177024 -0.00278926 0.0109623 -0.0117187 0.00695385 -0.0359352 0.00925073
internal_weight=715.004 379.889 149.341 230.548 335.115 16.9239 318.191
internal_count=1828 1012 361 651 816 61 755
is_linear=0
shrinkage=0.05


Tree=71
num_leaves=8
num_cat=0
split_feature=10 49 60 11 53 58 38
split_gain=6.84373 17.7902 27.8056 11.2777 10.1145 9.20347 3.09736
threshold=0.00071496499003842484 -0.60136809945106495 -0.00077182031236588944 61.440122604370124 -0.62890422344207753 2980.0000000000005 1.4846736192703249
decision_type=2 2 2 2 2 2 2
left_child=3 4 -3 5 -2 -1 -5
right_child=1 2 -4 6 -6 -7 -8
leaf_value=-0.0035861655569753024 0.0068112162800071062 0.036389342421610543 -0.05291674917988938 0.024370965071251121 -0.083082694236241844 0.0083397376143018436 0.073750711139308867
leaf_weight=336.97469448298216 4.11200988292694 23.558874219655991 13.823427990078924 7.0725031197071058 11.886023841798304 310.5974810346961 6.4480995833873749
leaf_count=914 11 45 55 13 53 730 7
internal_value=0.00168104 -0.0155247 0.0032315 0.00307789 -0.0596645 0.00212618 0.0482904
internal_weight=714.473 53.3803 37.3823 661.093 15.998 647.572 13.5206
internal_count=1828 164 100 1664 64 1644 20
is_linear=0
shrinkage=0.05


Tree=72
num_leaves=7
num_cat=0
split_feature=1 20 45 10 72 69
split_gain=6.71655 14.3968 13.7961 9.22998 31.1198 12.9894
threshold=20283.000000000004 202383.64843750003 -0.98751398921012867 -0.00063325997325591732 -1113427.1874999998 93.200481414794936
decision_type=2 2 2 2 2 2
left_child=1 2 -1 4 -2 -5
right_child=3 -3 -4 5 -6 -7
leaf_value=-0.084708102637437221 -0.026045776409874984 -0.087942890622623157 0.0016741382225794509 0.0089841869139818779 0.020814625304431275 -0.018062421510078062
leaf_weight=5.0788920223712912 91.175646096467972 5.9827601164579383 50.394586175680161 454.15167711675167 57.851400226354599 49.094880312681198
leaf_count=22 277 25 134 1098 126 146
internal_value=0.0015984 -0.0141889 -0.00614448 0.00309353 -0.0078213 0.00633568
internal_weight=713.73 61.4562 55.4735 652.274 149.027 503.247
internal_count=1828 181 156 1647 403 1244
is_linear=0
shrinkage=0.05


Tree=73
num_leaves=8
num_cat=0
split_feature=52 3 39 53 58 56 58
split_gain=6.69261 20.4937 21.2712 11.7392 15.8386 14.7679 4.54518
threshold=-0.0091151515953242761 11763.000000000002 0.70150512456893932 -0.83755007386207569 3800.0000000000005 0.048786714673042304 -817.99999999999989
decision_type=2 2 2 2 2 2 2
left_child=1 2 -1 5 -5 -2 -3
right_child=3 6 -4 4 -6 -7 -8
leaf_value=-0.021161429515167064 -0.050384815120335658 -0.005107443832735141 0.010527535643875902 -0.007800827691365371 0.011773493302574588 0.031923682117376867 -0.08430880334435456
leaf_weight=87.354677781462669 5.9477200657129279 2.398927867412568 134.35657248646021 211.20513741672039 202.18283645808697 60.271243736147881 9.6430946886539424
leaf_count=269 22 7 312 596 460 120 42
internal_value=0.00151799 -0.00540894 -0.00193543 0.00490449 0.00176063 0.0244553 -0.0689461
internal_weight=713.36 233.753 221.711 479.607 413.388 66.219 12.042
internal_count=1828 630 581 1198 1056 142 49
is_linear=0
shrinkage=0.05


Tree=74
num_leaves=8
num_cat=0
split_feature=35 60 46 33 51 58 33
split_gain=6.65442 13.706 9.49285 9.26809 13.815 10.9175 4.67806
threshold=2.2843797206878667 0.0017127023893408479 -0.089465994387865053 1.3863354325294497 0.0081251082010567206 115920.00000000001 1.2942907810211184
decision_type=2 2 2 2 2 2 2
left_child=3 2 -2 5 -5 -1 -3
right_child=1 6 -4 4 -6 -7 -8
leaf_value=0.0020142154915648732 -0.044892365730193659 -0.0087808733889104314 0.059382713004283952 -0.047633686680406427 0.049787324834128226 -0.044524387712832861 -0.092037250439190754
leaf_weight=656.76621970534325 3.7125885486602783 2.4175801426172239 5.2118692547082919 4.3818970173597362 20.32935231924057 12.843140855431555 6.88303442299366
leaf_count=1679 12 7 8 15 33 45 29
internal_value=0.00144209 -0.0283618 0.0154439 0.00223161 0.0323099 0.00111414 -0.0709334
internal_weight=712.546 18.2251 8.92446 694.321 24.7112 669.609 9.30061
internal_count=1828 56 20 1772 48 1724 36
is_linear=0
shrinkage=0.05


Tree=75
num_leaves=7
num_cat=0
split_feature=37 26 28 50 57 69
split_gain=6.8103 11.4363 21.6613 9.46294 7.31139 5.68577
threshold=-3.0267213582992549 0.096606869250535979 -1651.0937499999998 -0.018784556537866589 0.60609376430511486 20.457612037658695
decision_type=2 2 2 2 2 2
left_child=1 5 -3 -2 -5 -1
right_child=3 2 -4 4 -6 -7
leaf_value=0.018588071822137574 -0.070419005966127143 0.042201763893081432 -0.091060825629095399 0.03472059255765346 5.0111467155839438e-05 0.079492346557122104
leaf_weight=7.0695461332798066 4.6887130588293067 7.7222903370857257 5.023683756589886 15.570453375577925 663.12543714046478 9.0805484205484372
leaf_count=16 24 13 21 29 1715 10
internal_value=0.00136933 0.0251479 -0.00992992 0.000356565 0.000852879 0.0531417
internal_weight=712.281 28.8961 12.746 683.385 678.696 16.1501
internal_count=1828 60 34 1768 1744 26
is_linear=0
shrinkage=0.05


Tree=76
num_leaves=8
num_cat=0
split_feature=27 52 3 3 54 59 50
split_gain=6.56023 21.8012 18.6442 16.8688 16.3735 15.4841 3.96278
threshold=-36547.999999999993 -0.007954800967127083 -10831.499999999998 11763.000000000002 -0.10000909864902495 0.88631674647331249 0.0063661520835012206
decision_type=2 2 2 2 2 2 2
left_child=3 5 -3 4 -1 -2 -5
right_child=1 2 -4 6 -6 -7 -8
leaf_value=-0.0056182696822019984 0.0069730850464961112 -0.029733625127004577 0.0054196856392218357 -0.082501499143323387 0.016251948404700133 -0.065779249777183746 -0.0077393482966767978
leaf_weight=140.42573419213295 10.668527901172636 43.912784993648529 267.19853737205267 6.441949322819708 218.07215370237827 22.467964842915535 2.6577280163764954
leaf_count=376 28 143 662 28 490 93 8
internal_value=0.00130228 -0.00364879 0.00044179 0.00595246 0.00767131 -0.0422052 -0.0612153
internal_weight=711.845 344.248 311.111 367.598 358.498 33.1365 9.09968
internal_count=1828 926 805 902 866 121 36
is_linear=0
shrinkage=0.05


Tree=77
num_leaves=7
num_cat=0
split_feature=54 59 60 11 41 60
split_gain=6.42425 9.45603 8.3595 7.92541 10.7205 9.28181
threshold=-1.6359426379203794 1.2404531836509707 0.0017127023893408479 56.883689880371101 0.59495979547500621 0.0031135438475757842
decision_type=2 2 2 2 2 2
left_child=1 2 -1 4 -2 -5
right_child=3 -3 -4 5 -6 -7
leaf_value=0.054667131483707679 -9.7507849274893412e-05 -0.043523408038216263 -0.0090657803453864285 -0.024982969779720768 -0.076311168991533326 0.054657699112811889
leaf_weight=17.696809738874443 659.13615717738867 4.3161666840314856 7.0774383395910254 4.9501052200794247 4.6477427408099166 13.28866635262966
leaf_count=26 1711 14 20 14 23 20
internal_value=0.00123627 0.0242491 0.0362583 0.000247373 -0.00063868 0.0327686
internal_weight=711.113 29.0904 24.7742 682.023 663.784 18.2388
internal_count=1828 60 46 1768 1734 34
is_linear=0
shrinkage=0.05


Tree=78
num_leaves=4
num_cat=0
split_feature=41 41 18
split_gain=6.66209 8.62628 8.49693
threshold=-0.95467281341552723 -0.25625973939895624 37784.000000000007
decision_type=2 2 2
left_child=-1 -2 -3
right_child=1 2 -4
leaf_value=-0.068912382331813363 0.068528008551819217 0.0025943582599126406 -0.018634956530000604
leaf_weight=3.3715069517493239 4.7722082138061515 651.77266574651003 50.780533127486706
leaf_count=18 6 1640 164
internal_value=0.00117396 0.0015151 0.00105279
internal_weight=710.697 707.325 702.553
internal_count=1828 1810 1804
is_linear=0
shrinkage=0.05


Tree=79
num_leaves=6
num_cat=0
split_feature=50 40 72 34 1
split_gain=6.52822 14.6877 13.6495 13.1447 12.4441
threshold=1.0000000180025095e-35 3.3121701478958134 -2546903.4999999995 -1.426993668079376 25349.000000000004
decision_type=2 2 2 2 2
left_child=1 3 -2 -1 -4
right_child=2 -3 4 -5 -6
leaf_value=-0.027621575271741267 -0.07347226135811083 -0.084183060998035464 -0.034550774564401851 0.0086146117338198186 0.00051409398821795449
leaf_weight=26.737459018826485 7.0096353441476813 4.5366221517324439 27.952413767576218 379.88490893691778 264.32556942105293
leaf_count=81 34 21 92 923 677
internal_value=0.0011151 0.00520996 -0.00449368 0.0062196 -0.00282228
internal_weight=710.447 411.159 299.288 406.622 292.278
internal_count=1828 1025 803 1004 769
is_linear=0
shrinkage=0.05


Tree=80
num_leaves=8
num_cat=0
split_feature=10 1 60 1 11 41 10
split_gain=6.44818 16.503 13.6416 10.9467 9.64046 11.3818 4.18795
threshold=0.00071496499003842484 27010.500000000004 -0.0063259294256567946 25349.000000000004 56.883689880371101 0.59495979547500621 0.00021145000209799039
decision_type=2 2 2 2 2 2 2
left_child=4 3 -3 -2 5 -1 -6
right_child=1 2 -4 -5 6 -7 -8
leaf_value=0.0020679310615702548 -0.0041491609996126642 0.012011042474674324 -0.053541783216266382 0.082708032122862651 0.014054797137951693 -0.075392773327909154 0.068094732036880892
leaf_weight=637.50487667322159 9.7150464355945569 11.227079451084135 26.182613305747509 5.6959279328584662 7.258790194988249 4.7753120213747016 7.6682353615760803
leaf_count=1616 28 26 104 6 15 24 9
internal_value=0.00105806 -0.0157367 -0.033735 0.027629 0.00241549 0.00148423 0.0421509
internal_weight=710.028 52.8207 37.4097 15.411 657.207 642.28 14.927
internal_count=1828 164 130 34 1664 1640 24
is_linear=0
shrinkage=0.05


Tree=81
num_leaves=8
num_cat=0
split_feature=2 2 58 34 20 48 20
split_gain=6.28964 15.5041 20.599 14.8881 10.2286 13.5845 13.0225
threshold=85515.000000000015 66474.000000000015 -28763.999999999996 -1.392977178096771 76931.335937500015 -0.28539597988128657 434252.57812500006
decision_type=2 2 2 2 2 2 2
left_child=1 3 -3 -1 5 -2 -6
right_child=4 2 -4 -5 6 -7 -8
leaf_value=-0.054716210576551544 0.022767164450277138 0.031059716912805752 -0.03962794594448027 0.0031598706508083776 -0.010839659671534883 -0.037326036040998885 0.016890751629010943
leaf_weight=11.498920336365698 111.35399115085602 12.78802967071533 51.772162280976772 326.8976669088006 119.26673671603203 10.213516920804976 65.605838879942894
leaf_count=42 241 27 177 828 324 32 157
internal_value=0.001006 -0.00309129 -0.0255487 0.00117843 0.00641008 0.0176773 -0.000971907
internal_weight=709.397 402.957 64.5602 338.397 306.44 121.568 184.873
internal_count=1828 1074 204 870 754 273 481
is_linear=0
shrinkage=0.05


Tree=82
num_leaves=8
num_cat=0
split_feature=28 35 31 27 48 50 47
split_gain=6.23236 13.2877 16.9906 11.1353 7.24033 17.7311 7.7607
threshold=412.31250000000006 -1.3994817733764646 7.1470546722412118 -50943.999999999993 -1.295711815357208 -0.0019249954493716357 0.022744660265743736
decision_type=2 2 2 2 2 2 2
left_child=4 3 -3 -2 5 -1 -6
right_child=1 2 -4 -5 6 -7 -8
leaf_value=0.016472617246015418 -0.015544329794704223 0.0088103113042905263 -0.083294777838184883 -0.072844383895915965 0.010011859532645183 -0.088836327418402528 -0.001634818421976033
leaf_weight=8.9452632665634173 29.748390503227711 74.504872918128967 5.364253804087638 12.050942182540892 278.52209617197514 7.1377296298742285 292.77539461106062
leaf_count=20 88 195 23 59 658 30 755
internal_value=0.000955486 -0.0093341 0.00256165 -0.0321838 0.00309536 -0.0299532 0.00403448
internal_weight=709.049 121.668 79.8691 41.7993 587.38 16.083 571.297
internal_count=1828 365 218 147 1463 50 1413
is_linear=0
shrinkage=0.05


Tree=83
num_leaves=5
num_cat=0
split_feature=9 58 69 28
split_gain=6.22678 12.575 8.36401 3.53466
threshold=10161898.500000002 -130735.99999999999 4.2375433444976816 -1186.2812499999998
decision_type=2 2 2 2
left_child=1 -1 -3 -2
right_child=3 2 -4 -5
leaf_value=-0.076822226244802339 0.07018474369191581 -0.026935190294495349 0.0019316277446387903 0.015515928447641948
leaf_weight=5.2525624483823767 4.615986466407775 26.068995028734207 663.30829932540655 9.1706300228834134
leaf_count=25 5 89 1690 19
internal_value=0.000906021 0.000238368 0.000832768 0.0341826
internal_weight=708.416 694.63 689.377 13.7866
internal_count=1828 1804 1779 24
is_linear=0
shrinkage=0.05


Tree=84
num_leaves=6
num_cat=0
split_feature=50 40 72 69 1
split_gain=6.12645 13.5124 12.7693 12.6636 11.6803
threshold=1.0000000180025095e-35 3.3121701478958134 -2546903.4999999995 13.967373847961428 13252.500000000002
decision_type=2 2 2 2 2
left_child=1 3 -2 -1 -4
right_child=2 -3 4 -5 -6
leaf_value=-0.0081854694567867602 -0.072066836499356454 -0.081988715296403031 -0.083995705854416014 0.011377788952203247 -0.0017226067918308437
leaf_weight=115.44397825747728 6.8551245853304854 4.4252870678901663 4.3843670785427085 289.95133782178164 286.92810221016407
leaf_count=327 34 21 19 677 750
internal_value=0.000861115 0.00483436 -0.00458319 0.00579445 -0.00297801
internal_weight=707.988 409.821 298.168 405.395 291.312
internal_count=1828 1025 803 1004 769
is_linear=0
shrinkage=0.05


Tree=85
num_leaves=8
num_cat=0
split_feature=42 49 18 11 53 28 38
split_gain=6.02017 15.7898 13.9704 9.02727 8.35578 6.92038 2.85369
threshold=0.00071496499003842484 -0.60136809945106495 1502.5000000000002 61.440122604370124 -0.62890422344207753 412.31250000000006 1.4846736192703249
decision_type=2 2 2 2 2 2 2
left_child=3 4 -3 5 -2 -1 -5
right_child=1 2 -4 6 -6 -7 -8
leaf_value=0.0036623174553914277 0.002644007352354729 0.031669730598701776 -0.029981861107187265 0.020226092311477595 -0.07961260170223744 -0.010065645933758407 0.068567725196659324
leaf_weight=531.18105182796717 4.0654697418212882 19.312022030353546 17.5075548812747 6.8683468103408796 11.472211316227911 110.88459146767855 6.1250962167978287
leaf_count=1310 11 40 60 13 53 334 7
internal_value=0.000815992 -0.0154876 0.00221886 0.00212673 -0.0577682 0.00128371 0.0433991
internal_weight=707.416 52.3573 36.8196 655.059 15.5377 642.066 12.9934
internal_count=1828 164 100 1664 64 1644 20
is_linear=0
shrinkage=0.05


Tree=86
num_leaves=5
num_cat=0
split_feature=57 39 1 69
split_gain=5.99543 13.0873 6.94717 6.25426
threshold=0.60609376430511486 -1.653309643268585 25349.000000000004 28.148400306701664
decision_type=2 2 2 2
left_child=3 -2 -3 -1
right_child=1 2 -4 -5
leaf_value=-0.015078100632742156 -0.078401796703978219 -0.012404280709790202 0.0026259835329372778 0.052614327339415991
leaf_weight=4.8390174955129615 5.2709272205829611 88.190724611282349 597.60467971116304 10.817429274320601
leaf_count=14 24 254 1520 16
internal_value=0.000775829 7.54014e-05 0.000685857 0.0313729
internal_weight=706.723 691.066 685.795 15.6564
internal_count=1828 1798 1774 30
is_linear=0
shrinkage=0.05


Tree=87
num_leaves=6
num_cat=0
split_feature=23 49 9 69 40
split_gain=5.81842 7.72688 6.74972 6.64989 3.4795
threshold=2274.5000000000005 0.87838855385780346 10161898.500000002 4.2375433444976816 0.76941221952438366
decision_type=2 2 2 2 2
left_child=2 -2 3 -1 -4
right_child=1 -3 4 -5 -6
leaf_value=-0.0244791874973922 0.020882891212669372 -0.067606017682465741 0.012461882303115073 0.001590158564158623 0.065193148194134798
leaf_weight=25.397961601614952 3.7355309501290304 6.877576120197773 7.1778015494346601 657.25511503219604 5.9726946800947189
leaf_count=86 10 38 15 1672 7
internal_value=0.000736519 -0.0359892 0.00130388 0.00061293 0.0367916
internal_weight=706.417 10.6131 695.804 682.653 13.1505
internal_count=1828 48 1780 1758 22
is_linear=0
shrinkage=0.05


Tree=88
num_leaves=7
num_cat=0
split_feature=35 48 23 33 23 58
split_gain=5.78778 13.0217 17.6927 8.34474 10.8402 9.40689
threshold=2.2843797206878667 -0.57869884371757496 376.50000000000006 1.3863354325294497 44.500000000000007 115920.00000000001
decision_type=2 2 2 2 2 2
left_child=3 -2 -3 5 -5 -1
right_child=1 2 -4 4 -6 -7
leaf_value=0.0012102244265711456 -0.089363174811273191 0.041957014542495584 -0.088443675140294775 0.065295343867106698 -0.0010947539043186427 -0.042458136412499806
leaf_weight=650.98225458711386 5.7500040680170086 8.4660969227552396 3.7528031021356574 11.558100789785387 12.827456787228583 12.568604961037634
leaf_count=1679 24 15 17 15 33 45
internal_value=0.000700241 -0.0272993 0.00149772 0.00143886 0.0301673 0.000375548
internal_weight=705.905 17.9689 12.2189 687.936 24.3856 663.551
internal_count=1828 56 32 1772 48 1724
is_linear=0
shrinkage=0.05


Tree=89
num_leaves=8
num_cat=0
split_feature=2 2 36 28 20 69 20
split_gain=5.79548 13.9296 14.3741 13.5374 9.3976 15.8053 12.2978
threshold=85515.000000000015 66474.000000000015 -1.9570807218551634 -1978.1718749999998 76931.335937500015 91.883319854736342 434252.57812500006
decision_type=2 2 2 2 2 2 2
left_child=1 3 -3 -1 5 -2 -6
right_child=4 2 -4 -5 6 -7 -8
leaf_value=-0.098332331105290702 0.021097994803923825 0.039083764693816539 -0.033447644340687505 0.0018024642251165985 -0.010850850114192158 -0.057794495875965059 0.016188073064226895
leaf_weight=3.408967748284339 114.28246489167213 7.7115650922060004 56.388345129787922 333.39249147474766 118.50978650152683 6.6918004155158988 65.14009416103363
leaf_count=15 248 15 189 855 324 25 157
internal_value=0.00066475 -0.00327747 -0.0246437 0.000774095 0.00586934 0.0166927 -0.00123299
internal_weight=705.526 400.901 64.0999 336.801 304.624 120.974 183.65
internal_count=1828 1074 204 870 754 273 481
is_linear=0
shrinkage=0.05


Tree=90
num_leaves=7
num_cat=0
split_feature=37 26 26 50 57 52
split_gain=5.6005 10.5615 12.9562 8.44779 6.2831 3.82203
threshold=-3.0267213582992549 0.096606869250535979 0.20150372385978702 -0.018784556537866589 0.60609376430511486 -0.010601700749248264
decision_type=2 2 2 2 2 2
left_child=1 5 -3 -2 -5 -1
right_child=3 2 -4 4 -6 -7
leaf_value=0.01974371871115263 -0.068843383717556814 -0.088406295122727144 0.021924054806283438 0.031891789455934204 -0.0005536394076448638 0.070728575655572584
leaf_weight=6.6841599345207205 4.4623378440737715 3.8369739651679984 8.5774137824773771 15.266205713152884 657.16225888580084 9.1682731658220309
leaf_count=15 24 16 18 29 1715 11
internal_value=0.000631208 0.0224386 -0.0117735 -0.000272077 0.000175536 0.0495463
internal_weight=705.158 28.2668 12.4144 676.891 672.428 15.8524
internal_count=1828 60 34 1768 1744 26
is_linear=0
shrinkage=0.05


Tree=91
num_leaves=7
num_cat=0
split_feature=54 46 48 58 57 60
split_gain=5.64684 9.16638 18.1091 7.77517 19.7807 12.2594
threshold=-1.6359426379203794 -0.72436323761939991 1.0000000180025095e-35 2980.0000000000005 1.1622629761695864 -0.0016099650529213248
decision_type=2 2 2 2 2 2
left_child=1 -1 -3 4 -2 -5
right_child=3 2 -4 5 -6 -7
leaf_value=0.061879005208347194 -0.015139904442088715 -0.06522934568357272 0.037495646590425355 -0.0044497175842968901 0.0092163610232779206 0.014883728097455265
leaf_weight=9.7033509016037005 211.10510785877705 6.5409850478172329 12.452346310019491 163.57055965065956 137.50356873869896 163.85517122596502
leaf_count=14 636 24 22 423 340 369
internal_value=0.000599921 0.0223259 0.00185563 -0.000314918 -0.00551859 0.00521014
internal_weight=704.731 28.6967 18.9933 676.034 348.609 327.426
internal_count=1828 60 46 1768 976 792
is_linear=0
shrinkage=0.05


Tree=92
num_leaves=7
num_cat=0
split_feature=34 34 60 22 34 55
split_gain=5.71491 12.4515 11.7721 10.3583 9.94125 2.90983
threshold=-0.20705590397119519 -0.16398309916257856 -0.026902432553470131 -34235.275390624993 -0.31257922947406763 -0.43920025229454035
decision_type=2 2 2 2 2 2
left_child=2 -2 5 -3 -4 -1
right_child=1 3 4 -5 -6 -7
leaf_value=-0.081983676911621145 -0.074978838902902772 -0.02791447348450268 0.0031694973327779652 0.0004289742225007131 0.032304963715058872 -0.010309218871894206
leaf_weight=4.7810385674238205 6.1945196986198416 37.042321860790253 376.03026059269905 245.95817200094461 31.825233861804008 2.2535792291164389
leaf_count=21 30 129 912 669 60 7
internal_value=0.000570634 -0.0048167 0.00433787 -0.00326327 0.00545522 -0.0597331
internal_weight=704.085 289.195 414.89 283 407.855 7.03462
internal_count=1828 828 1000 798 972 28
is_linear=0
shrinkage=0.05


Tree=93
num_leaves=8
num_cat=0
split_feature=27 52 3 59 3 33 36
split_gain=5.65355 18.6994 18.4812 14.6191 14.5966 14.5314 3.81236
threshold=-34591.999999999993 -0.010601700749248264 -9453.9999999999982 0.88631674647331249 11763.000000000002 -0.52533099055290211 -0.89044159650802601
decision_type=2 2 2 2 2 2 2
left_child=4 3 -3 -2 5 -1 -6
right_child=1 2 -4 -5 6 -7 -8
leaf_value=0.0045529144190444328 0.010742266325869944 -0.029276815325484453 0.0041211934495338836 -0.080544541264584199 -0.079051454057806558 0.063852614515201286 -0.0038068479920807226
leaf_weight=355.22125715762377 6.3467840105295208 49.27339880168438 259.52688717097044 13.568673782050608 6.3897789418697357 10.659450769424437 2.4795382469892484
leaf_count=882 17 161 655 63 29 14 7
internal_value=0.000541112 -0.00423683 -0.00119173 -0.0512016 0.00474547 0.0062942 -0.0585795
internal_weight=703.466 328.716 308.8 19.9155 374.75 365.881 8.86932
internal_count=1828 896 816 80 932 896 36
is_linear=0
shrinkage=0.05


Tree=94
num_leaves=7
num_cat=0
split_feature=50 40 58 46 6 34
split_gain=5.61588 12.382 11.7726 30.4394 21.174 11.4756
threshold=1.0000000180025095e-35 3.3121701478958134 -14863.999999999998 0.34866136312484747 -503990655.99999994 -1.426993668079376
decision_type=2 2 2 2 2 2
left_child=1 5 3 -2 -4 -1
right_child=2 -3 4 -5 -6 -7
leaf_value=-0.026582323661073676 -0.082894919882889731 -0.080040582948730829 -0.072514638913289395 0.010460402440165863 0.0017758543164871335 0.0074927246502631221
leaf_weight=26.394226744771004 15.971239626407622 4.295136719942092 9.970312871038912 19.085284903645515 250.96333612501621 376.04684633761644
leaf_count=81 70 21 51 51 631 923
internal_value=0.000513139 0.00433256 -0.00471845 -0.0319283 -0.00104363 0.00524548
internal_weight=702.726 406.736 295.99 35.0565 260.934 402.441
internal_count=1828 1025 803 121 682 1004
is_linear=0
shrinkage=0.05


Tree=95
num_leaves=4
num_cat=0
split_feature=41 41 18
split_gain=5.84581 7.49702 7.45993
threshold=-0.95467281341552723 -0.25625973939895624 37784.000000000007
decision_type=2 2 2
left_child=-1 -2 -3
right_child=1 2 -4
leaf_value=-0.067288001434195749 0.06393855390905466 0.0018142183461106077 -0.018287114898588655
leaf_weight=3.165680155158042 4.6709636598825446 644.37429698556662 49.706144519150257
leaf_count=18 6 1640 164
internal_value=0.000485379 0.000799581 0.00036747
internal_weight=701.917 698.751 694.08
internal_count=1828 1810 1804
is_linear=0
shrinkage=0.05


Tree=96
num_leaves=7
num_cat=0
split_feature=37 47 36 31 65 67
split_gain=5.45977 13.5317 12.2833 10.6581 10.3697 9.70406
threshold=-2.2264852523803706 1.8177651762962344 1.3685004115104678 -0.20964827388525006 -1.5846503376960752 1.6037435531616213
decision_type=2 2 2 2 2 2
left_child=2 4 3 -1 -2 -3
right_child=1 5 -4 -5 -6 -7
leaf_value=0.01266159999237494 -0.037036115282164071 -0.086358196517053426 -0.075502518087333229 -0.034636714996316341 0.00044912572104786392 0.0093783395422411594
leaf_weight=178.16055124998093 19.186643838882446 8.0284062996506673 4.3374323025345793 12.71501077711582 475.41155131161213 3.8159842789173117
leaf_count=418 69 36 21 41 1233 10
internal_value=0.000460759 -0.00226997 0.00757073 0.00948467 -0.000994907 -0.055092
internal_weight=701.656 506.443 195.213 190.876 494.598 11.8444
internal_count=1828 1348 480 459 1302 46
is_linear=0
shrinkage=0.05


Tree=97
num_leaves=7
num_cat=0
split_feature=35 48 23 33 23 58
split_gain=5.40173 11.694 16.0284 7.22541 10.0062 7.85457
threshold=2.2843797206878667 -0.57869884371757496 376.50000000000006 1.3863354325294497 44.500000000000007 115920.00000000001
decision_type=2 2 2 2 2 2
left_child=3 -2 -3 5 -5 -1
right_child=1 2 -4 4 -6 -7
leaf_value=0.00091923061353967961 -0.086204355239690486 0.039058285499935147 -0.086191374988651537 0.06226392457839787 -0.0019033395037202352 -0.039409039958157144
leaf_weight=647.08338541537523 5.6471396386623409 8.4002819955348951 3.6694148406386367 11.328953742980959 12.788113653659819 12.302305623888968
leaf_count=1679 24 15 17 15 33 45
internal_value=0.000436472 -0.0268095 0.000565772 0.00115002 0.0280318 0.000159234
internal_weight=701.22 17.7168 12.0697 683.503 24.1171 659.386
internal_count=1828 56 32 1772 48 1724
is_linear=0
shrinkage=0.05


Tree=98
num_leaves=7
num_cat=0
split_feature=56 40 72 47 24 54
split_gain=5.45726 16.3351 14.2226 11.9773 12.2204 9.62447
threshold=0.6730332374572755 2.9110630750656132 -1113427.1874999998 -1.6256754994392393 20.500000000000004 0.38829924166202551
decision_type=2 2 2 2 2 2
left_child=1 2 -1 5 -5 -2
right_child=3 -3 -4 4 -6 -7
leaf_value=-0.0099174246077289481 -0.0244606860315713 -0.080311120699393237 0.010439299876483905 0.026209792176303294 -0.0022425809734340752 0.047390166418531138
leaf_weight=228.73925369977951 5.5857542604208019 6.8372166305780402 137.1685233861208 44.343998916447163 252.24484676122665 25.867789044976234
leaf_count=646 16 31 335 91 664 45
internal_value=0.000414034 -0.00371746 -0.0022726 0.00512377 0.00199457 0.0344714
internal_weight=700.787 372.745 365.908 328.042 296.589 31.4535
internal_count=1828 1012 981 816 755 61
is_linear=0
shrinkage=0.05


Tree=99
num_leaves=8
num_cat=0
split_feature=2 34 69 33 10 38 23
split_gain=5.44302 14.4962 14.5797 14.0192 8.86283 14.5853 11.1869
threshold=85515.000000000015 0.77152386307716381 31.979305267333988 1.2942907810211184 -0.00096753999241627742 -2.9058426618576045 67.500000000000014
decision_type=2 2 2 2 2 2 2
left_child=1 2 -1 -3 5 -2 -6
right_child=4 3 -4 -5 6 -7 -8
leaf_value=-0.012750279601097012 0.055216578510333958 -0.036418554020844068 0.0087029405234425768 0.028468090920249392 0.022373124708288512 -0.037266428714311205 0.00097405677284941202
leaf_weight=127.04692977666855 5.1506168395280865 51.184700034558773 210.17823208868504 9.8535182327032071 92.830782771110535 23.944688029587269 180.087641723454
leaf_count=364 8 190 499 21 199 80 467
internal_value=0.000392872 -0.00343812 0.000605782 -0.0258619 0.00546133 -0.0207227 0.00827108
internal_weight=700.277 398.263 337.225 61.0382 302.014 29.0953 272.918
internal_count=1828 1074 863 211 754 88 666
is_linear=0
shrinkage=0.05


end of trees

feature_importances:
z_btc_4=35
cvd_accel=29
log_ret_1=26
atr_ratio=26
btc_CVD=23
ret_lag1=21
stoch_k=21
Agg._Funding_Rate=20
z_ls=19
Bid_Trades=16
ret_kurt_10=15
ret_kurt_20=15
log_ret_5=14
Buy_Qty=13
Sell_Qty=13
btc_cvd_mom=13
Agg._OI=12
z_btc_20=12
ret_skew_20=12
Candle_Delta=11
z_cvd_10=11
cvd_delta=10
z_cvd_4=10
ret_skew_10=10
RSI=9
total_qty=9
macro_score=9
z_oi=9
z_ask_trades=9
atr_ratio_lag1=9
z_ask_qty=8
z_bid_trades=8
price_atr=8
Ask_Qty=7
vol_regime=7
z_bid_qty=7
pull_ema50=7
Candle=6
atr=6
z_btc_10=6
z_cvd_20=6
Ask_USD=5
Delta_USD=5
ema_slow=5
CVD=4
z_delta_qty=4
log_ret_3=3
ema_8=3
pull_ema8=3
rsi=3
Whale_Ind=2
Bid_USD=2
Ask_Trades=2
funding=2
Mid_Price=1
ema_fast=1

parameters:
[boosting: gbdt]
[objective: binary]
[metric: binary_logloss]
[tree_learner: serial]
[device_type: cpu]
[data_sample_strategy: bagging]
[data: ]
[valid: ]
[num_iterations: 100]
[learning_rate: 0.05]
[num_leaves: 31]
[num_threads: 1]
[seed: 42]
[deterministic: 0]
[force_col_wise: 0]
[force_row_wise: 0]
[histogram_pool_size: -1]
[max_depth: 3]
[min_data_in_leaf: 10]
[min_sum_hessian_in_leaf: 0.001]
[bagging_fraction: 0.8]
[pos_bagging_fraction: 1]
[neg_bagging_fraction: 1]
[bagging_freq: 0]
[bagging_seed: 400]
[bagging_by_query: 0]
[feature_fraction: 0.8]
[feature_fraction_bynode: 1]
[feature_fraction_seed: 30056]
[extra_trees: 0]
[extra_seed: 12879]
[early_stopping_round: 0]
[early_stopping_min_delta: 0]
[first_metric_only: 0]
[max_delta_step: 0]
[lambda_l1: 0.1]
[lambda_l2: 0]
[linear_lambda: 0]
[min_gain_to_split: 0]
[drop_rate: 0.1]
[max_drop: 50]
[skip_drop: 0.5]
[xgboost_dart_mode: 0]
[uniform_drop: 0]
[drop_seed: 17869]
[top_rate: 0.2]
[other_rate: 0.1]
[min_data_per_group: 100]
[max_cat_threshold: 32]
[cat_l2: 10]
[cat_smooth: 10]
[max_cat_to_onehot: 4]
[top_k: 20]
[monotone_constraints: ]
[monotone_constraints_method: basic]
[monotone_penalty: 0]
[feature_contri: ]
[forcedsplits_filename: ]
[refit_decay_rate: 0.9]
[cegb_tradeoff: 1]
[cegb_penalty_split: 0]
[cegb_penalty_feature_lazy: ]
[cegb_penalty_feature_coupled: ]
[path_smooth: 0]
[interaction_constraints: ]
[verbosity: -1]
[saved_feature_importance_type: 0]
[use_quantized_grad: 0]
[num_grad_quant_bins: 4]
[quant_train_renew_leaf: 0]
[stochastic_rounding: 1]
[linear_tree: 0]
[max_bin: 63]
[max_bin_by_feature: ]
[min_data_in_bin: 3]
[bin_construct_sample_cnt: 200000]
[data_random_seed: 175]
[is_enable_sparse: 1]
[enable_bundle: 1]
[use_missing: 1]
[zero_as_missing: 0]
[feature_pre_filter: 1]
[pre_partition: 0]
[two_round: 0]
[header: 0]
[label_column: ]
[weight_column: ]
[group_column: ]
[ignore_column: ]
[categorical_feature: ]
[forcedbins_filename: ]
[precise_float_parser: 0]
[parser_config_file: ]
[objective_seed: 16083]
[num_class: 1]
[is_unbalance: 0]
[scale_pos_weight: 4.42433]
[sigmoid: 1]
[boost_from_average: 1]
[reg_sqrt: 0]
[alpha: 0.9]
[fair_c: 1]
[poisson_max_delta_step: 0.7]
[tweedie_variance_power: 1.5]
[lambdarank_truncation_level: 30]
[lambdarank_norm: 1]
[label_gain: ]
[lambdarank_position_bias_regularization: 0]
[eval_at: ]
[multi_error_top_k: 1]
[auc_mu_weights: ]
[num_machines: 1]
[local_listen_port: 12400]
[time_out: 120]
[machine_list_filename: ]
[machines: ]
[gpu_platform_id: -1]
[gpu_device_id: -1]
[gpu_use_dp: 0]
[num_gpu: 1]

end of parameters

pandas_categorical:[]
