tree
version=v4
num_class=1
num_tree_per_iteration=1
label_index=0
max_feature_idx=72
objective=binary sigmoid:1
feature_names=Candle Buy_Qty Sell_Qty Candle_Delta Agg._Liq_Long Agg._Liq_Short CVD Long/Short_Ratio_(Account) Whale_Ind Agg._OI Agg._Funding_Rate RSI Net_Shorts Net_Longs Price_Low Price_High Mid_Price Bid_Qty Ask_Qty Bid_USD Ask_USD Delta_Qty Delta_USD Bid_Trades Ask_Trades total_qty atr cvd_delta btc_cvd_mom ema_fast ema_slow macro_score macro z_cvd_4 z_btc_4 z_cvd_10 z_btc_10 z_cvd_20 z_btc_20 vol_regime z_oi z_ls funding liq_long_5 liq_short_5 z_bid_qty z_ask_qty z_delta_qty z_bid_trades z_ask_trades log_ret_1 log_ret_3 log_ret_5 ret_skew_10 ret_kurt_10 ret_skew_20 ret_kurt_20 atr_ratio cvd_accel atr_ratio_lag1 ret_lag1 price_atr ema_8 ema_21 ema_50 pull_ema8 pull_ema21 pull_ema50 rsi stoch_k liq_long_5_mean liq_short_5_mean btc_CVD
feature_infos=[304:229786] [135.80599975585938:1879180] [343.80599975585938:2117131.25] [-237951.328125:155831.5625] [0:60299088] [0:7200657] [-179388000:-49184.1796875] [0:6.2023720741271973] [0:7.5850000381469727] [0:2719486.5] [-0.012128000147640705:0.0083429999649524689] [0:94.040000915527344] [0:1165737.25] [0:2234105.5] [33.150001525878906:334.04998779296875] [33.25:334.14999389648438] [33.200000762939453:334.10000610351562] [0:19797.234375] [0:19566.73828125] [0:1427608.875] [0:1599688] [-10459.2294921875:16292.9306640625] [-1227817.375:700680.0625] [0:1816] [0:2252] [0:13756.005859375] [0.071428842842578888:9.8028573989868164] [-521424:143944] [-12389.8125:10841.5] [34.183998107910156:329.3546142578125] [38.246269226074219:340.58432006835938] [-31.582424163818359:16.587520599365234] [-1:1] [-1.5:1.4999061822891235] [-1.4990253448486328:1.499555230140686] [-2.8334677219390869:2.8434548377990723] [-2.828092098236084:2.8399062156677246] [-4.1102652549743652:4.2284302711486816] [-4.1913018226623535:4.0169210433959961] [-3.1195559501647949:7.2021336555480957] [-9.871551513671875:8.5182781219482422] [-6.9073805809020996:5.8648462295532227] [-0.012128000147640705:0.0083429999649524689] [0:62355340] [0:113668456] [-2.0903666019439697:2.8460485935211182] [-2.0267651081085205:2.8304674625396729] [-2.7978594303131104:2.7521345615386963] [-2.2095835208892822:2.8382995128631592] [-2.3627586364746094:2.8235747814178467] [-0.14040286839008331:0.037949942052364349] [-0.25306135416030884:0.12830574810504913] [-0.27180251479148865:0.11363986879587173] [-2.6063785552978516:3.0851981639862061] [-2.1754019260406494:9.6334753036499023] [-3.4739995002746582:4.2599902153015137] [-1.621334433555603:18.672264099121094] [0.43033018708229065:3] [-104448:133912] [0.44026440382003784:3] [-0.084097810089588165:0.066562145948410034] [9.8185653686523438:746.75714111328125] [33.114692687988281:332.77099609375] [33.487823486328125:330.8330078125] [33.878955841064453:326.18038940429688] [-4.4192838668823242:5.1851720809936523] [-5.794248104095459:7.331843376159668] [-6.7600040435791016:8.2862539291381836] [3.478330135345459:100] [0:100] [0:4072944] [0:4681431.5] [-2646919.5:466363.5625]
tree_sizes=853 861 664 968 874 676 973 666 981 992 972 678 874 976 677 981 875 984 879 979 884 879 773 786 979 988 975 878 976 980 988 874 873 975 772 979 990 977 877 885 892 967 891 991 981 884 978 886 990 889 985 779 990 981 680 989 989 875 670 984 991 1000 756 987 993 786 988 988 880 971 898 679 980 983 778 878 887 878 991 993 994 985 993 785 886 985 986 987 993 885 992 986 683 993 986 782 793 984 891 891

Tree=0
num_leaves=7
num_cat=0
split_feature=34 53 29 59 47 65
split_gain=71.2967 42.6986 34.3469 30.7226 56.5577 6.66801
threshold=1.4005063176155093 -1.9270460009574888 181.3028259277344 0.9403837025165559 0.13364458829164508 1.0320215821266177
decision_type=2 2 2 2 2 2
left_child=1 -1 -3 4 -2 -5
right_child=3 2 -4 5 -6 -7
leaf_value=-1.6252070932323861 -1.6248867250215904 -1.460351471374608 -1.4031393118673485 -1.3878512163479964 -1.3538649608430711 -1.3153710320964631
leaf_weight=3.7159622907638541 3.0013541579246539 328.38540494441986 28.90955913066864 4.9936712980270412 5.2492130994796753 13.062429845333098
leaf_count=26 21 1434 100 16 14 27
internal_value=-1.45164 -1.45747 -1.45571 -1.37193 -1.45306 -1.33514
internal_weight=387.318 361.011 357.295 26.3067 8.25057 18.0561
internal_count=1638 1560 1534 78 35 43
is_linear=0
shrinkage=1


Tree=1
num_leaves=7
num_cat=0
split_feature=34 53 41 68 46 59
split_gain=48.4943 34.846 33.4871 22.6234 52.2852 6.1264
threshold=1.4005063176155093 -1.9270460009574888 -2.8442523479461665 67.771675109863295 -0.36294811964035029 0.9743640422821046
decision_type=2 2 2 2 2 2
left_child=1 -1 -3 4 -2 -5
right_child=3 2 -4 5 -6 -7
leaf_value=-0.058444250278602554 0.19988055961180601 0.17676581788407558 0.094753220374951916 0.14725605088766983 -0.059488408869649879 0.2078352991132929
leaf_weight=3.5732240974903098 4.5373813509941101 13.034964472055433 370.34649966657162 6.8219181299209621 3.357926249504092 14.992123588919638
leaf_count=26 9 36 1498 20 23 26
internal_value=0.100859 0.0961012 0.0975547 0.162664 0.0889359 0.18912
internal_weight=416.664 386.955 383.381 29.7093 7.89531 21.814
internal_count=1638 1560 1534 78 32 46
is_linear=0
shrinkage=0.05


Tree=2
num_leaves=5
num_cat=0
split_feature=53 41 41 67
split_gain=32.0688 30.53 39.104 13.6145
threshold=-1.9270460009574888 -2.8442523479461665 -2.0301223993301387 2.5854135751724248
decision_type=2 2 2 2
left_child=-1 3 -3 -2
right_child=1 2 -4 -5
leaf_value=-0.057997672176493188 0.083546838505729901 0.011577650278891974 0.091568573666964748 0.18461870454355941
leaf_weight=3.5883666872978202 4.8351779878139522 16.025735720992088 405.76450775563717 12.480834931135176
leaf_count=27 17 80 1491 23
internal_value=0.0900188 0.0912398 0.0885412 0.156685
internal_weight=442.695 439.106 421.79 17.316
internal_count=1638 1611 1571 40
is_linear=0
shrinkage=0.05


Tree=3
num_leaves=8
num_cat=0
split_feature=34 54 28 10 68 46 28
split_gain=34.0388 27.246 57.6745 30.6837 14.6393 39.1432 4.6312
threshold=1.4005063176155093 -1.3281264305114744 -218.31249999999997 0.0014095000224187972 67.771675109863295 -0.36294811964035029 495.12500000000006
decision_type=2 2 2 2 2 2 2
left_child=1 2 -1 -3 5 -2 -6
right_child=4 3 -4 -5 6 -7 -8
leaf_value=-0.063510388070690246 0.15717403081078835 0.08289119123634317 0.075858760735544623 -0.026300565280022448 0.18003563058331992 -0.059607883602870608 0.13223584089761289
leaf_weight=10.417440205812452 5.3134024143218994 389.35231448709965 25.606570228934288 6.4715923964977256 8.6772938370704669 3.3827770799398404 16.76555235683918
leaf_count=61 9 1373 92 34 11 23 35
internal_value=0.081123 0.0772947 0.0354171 0.0810933 0.129404 0.0722718 0.148734
internal_weight=465.987 431.848 36.024 395.824 34.139 8.69618 25.4428
internal_count=1638 1560 153 1407 78 32 46
is_linear=0
shrinkage=0.05


Tree=4
num_leaves=7
num_cat=0
split_feature=34 60 22 71 47 43
split_gain=27.4157 23.7726 40.0312 27.0779 11.4414 10.2499
threshold=1.4005063176155093 -0.0034648233558982606 73.634998321533217 310.30264282226568 -1.2478247284889219 1.0000000180025095e-35
decision_type=2 2 2 2 2 2
left_child=1 2 -1 -3 -2 -6
right_child=4 3 -4 -5 5 -7
leaf_value=0.13052836195636075 0.039052090509339984 0.11461209888727926 0.063342861576907036 0.060687762730155081 0.16280846167838225 0.10305962106109637
leaf_weight=40.338880106806755 4.4495616555213919 25.276994064450264 50.258183062076569 334.65079149603844 12.300667122006418 19.426761478185654
leaf_count=101 17 70 180 1209 15 46
internal_value=0.0736871 0.0702961 0.0933128 0.0644887 0.115779 0.126382
internal_weight=486.702 450.525 90.5971 359.928 36.177 31.7274
internal_count=1638 1560 281 1279 78 61
is_linear=0
shrinkage=0.05


Tree=5
num_leaves=5
num_cat=0
split_feature=53 47 60 58
split_gain=24.773 24.3646 49.2824 27.4508
threshold=-1.9270460009574888 -0.25918169319629664 0.00032336250296793883 8028.0000000000009
decision_type=2 2 2 2
left_child=-1 2 -2 -3
right_child=1 3 -4 -5
leaf_value=-0.058943882407026929 0.015384888251814883 0.070579077829962769 0.076426416349175769 0.11750819622833064
leaf_weight=3.8106269389390937 58.466226845979691 331.35283069312572 76.826810821890831 34.811195343732834
leaf_count=27 241 1054 237 79
internal_value=0.0673577 0.0683274 0.0500846 0.0750543
internal_weight=505.268 501.457 135.293 366.164
internal_count=1638 1611 478 1133
is_linear=0
shrinkage=0.05


Tree=6
num_leaves=8
num_cat=0
split_feature=34 14 34 60 59 43 19
split_gain=22.2054 21.27 28.2964 24.5651 11.0801 21.2186 4.08232
threshold=1.4005063176155093 42.899999618530281 0.76150658726692211 -0.0034648233558982606 0.9403837025165559 1.0000000180025095e-35 16799.869140625004
decision_type=2 2 2 2 2 2 2
left_child=1 2 -1 -3 5 -2 -6
right_child=4 3 -4 -5 6 -7 -8
leaf_value=-0.0663177499346186 0.11752260247372293 0.083428322099846131 0.092698812744093792 0.054825260359229369 0.13792318019846581 -0.01942274126687784 0.097163574183251042
leaf_weight=7.4913295805454236 6.259864613413809 94.941452383995056 4.4582257717847824 376.08612833917141 12.393219932913782 5.0615186244249344 15.257206097245215
leaf_count=40 11 265 12 1243 15 24 28
internal_value=0.0618842 0.0589289 -0.00657229 0.0606012 0.098382 0.055856 0.115613
internal_weight=521.949 482.977 11.9496 471.028 38.9718 11.3214 27.6504
internal_count=1638 1560 52 1508 78 35 43
is_linear=0
shrinkage=0.05


Tree=7
num_leaves=5
num_cat=0
split_feature=53 63 44 68
split_gain=20.753 20.4368 27.4729 22.6704
threshold=-1.9270460009574888 182.69534301757815 1192011.0625000002 45.823633193969734
decision_type=2 2 2 2
left_child=-1 2 -2 -3
right_child=1 3 -4 -5
leaf_value=-0.0588602409472248 0.056173774613425737 -0.014904427471801705 -0.067276925521507047 0.10348121238578666
leaf_weight=3.7869781553745261 485.41184954345226 4.4359896779060355 4.5121371001005164 38.607006371021271
leaf_count=27 1486 18 23 84
internal_value=0.057121 0.0579545 0.0550266 0.0911643
internal_weight=536.754 532.967 489.924 43.043
internal_count=1638 1611 1509 102
is_linear=0
shrinkage=0.05


Tree=8
num_leaves=8
num_cat=0
split_feature=68 61 48 48 48 68 38
split_gain=19.7457 33.4905 33.0824 29.1716 35.9616 30.8481 20.5197
threshold=67.771675109863295 135.42895507812503 -0.47484613955020899 -0.72819209098815907 -0.58107024431228627 65.165065765380874 2.3010951280593877
decision_type=2 2 2 2 2 2 2
left_child=3 2 -2 5 -5 -1 -3
right_child=1 6 -4 4 -6 -7 -8
leaf_value=0.073129239752493136 -0.047552464737961785 0.068967515308558658 0.057168384235853381 -0.0085198831762861565 0.045119618373564874 -0.067783892544739696 0.11756680362398325
leaf_weight=111.9702887609601 10.618901968002318 83.917438864707947 25.739853635430336 35.567555814981461 248.46590156108141 3.9865584373474112 29.937762141227722
leaf_count=299 48 223 69 144 787 20 48
internal_value=0.0528977 0.0684278 0.0264462 0.047053 0.0383851 0.0682416 0.0817904
internal_weight=550.204 150.214 36.3588 399.99 284.033 115.957 113.855
internal_count=1638 388 117 1250 931 319 271
is_linear=0
shrinkage=0.05


Tree=9
num_leaves=8
num_cat=0
split_feature=47 60 21 65 60 14 54
split_gain=18.9323 38.4511 27.8434 24.2413 21.5557 25.7129 25.5734
threshold=-0.25918169319629664 0.00032336250296793883 -768.76599121093739 -1.1257703900337217 -0.0034648233558982606 44.299999237060554 -1.3281264305114744
decision_type=2 2 2 2 2 2 2
left_child=1 3 -3 -1 5 -2 -6
right_child=4 2 -4 -5 6 -7 -8
leaf_value=0.055303886480207648 -0.066919941378803346 0.028512389378014591 0.085592857003415013 -0.013914364906424503 -0.00077146881728840577 0.082132259650066028 0.052728260598659794
leaf_weight=17.272769823670387 2.9598867148160926 45.282342121005058 41.064272910356522 47.117724373936653 23.929944857954979 83.682195112109184 300.82131931185722
leaf_count=53 15 146 94 193 90 190 857
internal_value=0.0491502 0.0339038 0.0557163 0.0045758 0.0547244 0.0769826 0.0487706
internal_weight=562.13 150.737 86.3466 64.3905 411.393 86.6421 324.751
internal_count=1638 486 240 246 1152 205 947
is_linear=0
shrinkage=0.05


Tree=10
num_leaves=8
num_cat=0
split_feature=41 41 37 34 24 10 53
split_gain=19.1389 22.8389 19.9454 19.7033 11.0502 18.6869 2.5651
threshold=-2.8442523479461665 -2.0301223993301387 2.2611618041992192 1.4005063176155093 146.50000000000003 -0.00034450000384822482 0.6446809470653535
decision_type=2 2 2 2 2 2 2
left_child=4 2 -2 -3 5 -1 -6
right_child=1 3 -4 -5 6 -7 -8
leaf_value=0.093483103909378695 -0.037018294794852961 0.043225247108682946 0.080485134350206003 0.081306526495686357 0.14191637948132316 -0.072325326433256426 0.096288888020408081
leaf_weight=5.5414516031742105 15.048776909708979 493.52397254109383 4.7408390343189231 36.84259070456028 6.512983798980712 2.4185740649700183 8.253250449895857
leaf_count=9 68 1452 12 66 6 11 14
internal_value=0.0457857 0.0439107 -0.00861629 0.04588 0.0909566 0.0424757 0.116753
internal_weight=572.882 550.156 19.7896 530.367 22.7263 7.96003 14.7662
internal_count=1638 1598 80 1518 40 20 20
is_linear=0
shrinkage=0.05


Tree=11
num_leaves=5
num_cat=0
split_feature=53 31 47 60
split_gain=17.2168 16.2903 16.9825 6.36327
threshold=-1.9270460009574888 -16.160525321960446 -0.25918169319629664 0.0010003806673921647
decision_type=2 2 2 2
left_child=-1 3 -3 -2
right_child=1 2 -4 -5
leaf_value=-0.059904778621838101 -0.071064872579754426 0.030080789114416157 0.049629285359225492 0.031404890737060848
leaf_weight=4.0137282013893119 4.2549165189266196 153.43618682026863 418.34461300075054 2.2734160721302032
leaf_count=27 20 474 1110 7
internal_value=0.0427704 0.0434917 0.0443922 -0.0346151
internal_weight=582.323 578.309 571.781 6.52833
internal_count=1638 1611 1584 27
is_linear=0
shrinkage=0.05


Tree=12
num_leaves=7
num_cat=0
split_feature=41 41 13 34 19 10
split_gain=16.5705 19.6645 19.4627 17.5415 9.39776 11.661
threshold=-2.8442523479461665 -2.0301223993301387 714205.96875000012 1.4005063176155093 49020.970703125007 -0.00042850000318139786
decision_type=2 2 2 2 2 2
left_child=4 2 -2 -3 5 -1
right_child=1 3 -4 -5 -6 -7
leaf_value=0.089848150451485614 0.030720716002338729 0.037619852646960023 -0.069282229365972517 0.07307348924539217 0.10776080261349524 -0.021019775742541137
leaf_weight=5.5114549547433853 11.812178492546083 509.63175614178181 8.2433631718158704 37.820389702916145 13.943019360303877 4.0577160269022006
leaf_count=8 39 1452 41 66 18 14
internal_value=0.0400158 0.038295 -0.0101339 0.0400783 0.0813371 0.0423131
internal_weight=591.02 567.508 20.0555 547.452 23.5122 9.56917
internal_count=1638 1598 80 1518 40 22
is_linear=0
shrinkage=0.05


Tree=13
num_leaves=8
num_cat=0
split_feature=68 61 45 2 59 17 60
split_gain=15.4691 26.6195 52.3419 25.8458 24.9002 23.985 14.7356
threshold=67.771675109863295 126.37525177001955 -0.35663448274135584 35681.480468750007 0.92611035704612743 3827.556518554688 -0.0037795412354171272
decision_type=2 2 2 2 2 2 2
left_child=3 2 -2 5 -5 -1 -3
right_child=1 6 -4 4 -6 -7 -8
leaf_value=0.029446293422574318 -0.072720279782803154 0.14247478270276043 0.056234385851376592 -0.0039968268666465767 0.068649761793717873 -0.031061273360194576 0.057615769559773412
leaf_weight=331.19706702232361 11.976459562778471 5.4307022094726554 22.883125811815262 13.909539029002188 73.156704008579254 17.150069072842598 122.8496809899807
leaf_count=966 56 5 51 50 165 69 276
internal_value=0.0375223 0.0507092 0.0117869 0.03257 0.0569865 0.026453 0.0612472
internal_weight=598.553 163.14 34.8596 435.413 87.0662 348.347 128.28
internal_count=1638 388 107 1250 215 1035 281
is_linear=0
shrinkage=0.05


Tree=14
num_leaves=5
num_cat=0
split_feature=53 54 28 10
split_gain=14.9357 15.1663 43.3678 19.3354
threshold=-1.9270460009574888 -1.3281264305114744 -218.31249999999997 0.0017150000203400852
decision_type=2 2 2 2
left_child=-1 2 -2 -3
right_child=1 3 -4 -5
leaf_value=-0.060068589975083943 -0.070561507753866035 0.039097843081661865 0.036334201531993598 -0.070707865669723702
leaf_weight=4.0447140932083121 12.632997632026671 546.68120284378529 37.981022283434868 4.006456419825553
leaf_count=27 61 1430 101 19
internal_value=0.0352301 0.0358795 0.0095548 0.0382899
internal_weight=605.346 601.302 50.614 550.688
internal_count=1638 1611 162 1449
is_linear=0
shrinkage=0.05


Tree=15
num_leaves=8
num_cat=0
split_feature=1 55 61 49 61 53 37
split_gain=15.3169 32.9399 40.909 23.8761 23.4361 24.3203 17.6493
threshold=6278.1254882812509 -0.21023199707269666 150.96043395996097 1.4121064543724062 241.08599853515628 -1.6950584053993223 -2.1774512529373165
decision_type=2 2 2 2 2 2 2
left_child=1 3 -3 -1 5 -2 -6
right_child=4 2 -4 -5 6 -7 -8
leaf_value=0.051524049353582103 -0.067628379545522782 0.077992268567131651 -0.022673303582224996 -0.074004760310564313 0.011710409267707486 0.03267575529384361 0.065053171357826484
leaf_weight=61.701918870210648 6.1174709349870673 12.181517392396925 58.671791702508926 4.0042630285024634 18.640542834997177 350.41763906180859 99.757493898272514
leaf_count=150 35 23 214 18 56 931 211
internal_value=0.0331187 0.0182893 -0.00529572 0.043798 0.0373722 0.0309407 0.0566971
internal_weight=611.493 136.559 70.8533 65.7062 474.933 356.535 118.398
internal_count=1638 405 237 168 1233 966 267
is_linear=0
shrinkage=0.05


Tree=16
num_leaves=7
num_cat=0
split_feature=63 70 33 54 55 54
split_gain=14.6423 20.7007 26.9175 23.4262 14.7369 13.5707
threshold=182.69534301757815 1867.8004150390627 -1.4760496616363523 4.9762337207794198 -0.77112752199172963 3.3318734169006352
decision_type=2 2 2 2 2 2
left_child=1 3 -3 -1 -2 -6
right_child=4 2 -4 -5 5 -7
leaf_value=0.045379644024254845 -0.071494244855244429 -0.053967906987872086 0.024519623199244736 -0.074582126052877951 0.050625240809086341 0.12192215742369464
leaf_weight=180.1173020452261 2.0954946130514136 11.216523662209509 371.42255592346191 4.1326767951250067 39.792194873094559 8.1984490007162076
leaf_count=429 10 47 1038 20 86 8
internal_value=0.0311706 0.0288632 0.0222058 0.0426618 0.0571864 0.0629094
internal_weight=616.975 566.889 382.639 184.25 50.0861 47.9906
internal_count=1638 1534 1085 449 104 94
is_linear=0
shrinkage=0.05


Tree=17
num_leaves=8
num_cat=0
split_feature=34 42 42 52 59 47 66
split_gain=14.1226 14.7411 34.1084 20.6626 8.91055 21.0494 3.12447
threshold=1.4005063176155093 -0.00069850002182647575 -0.00096850001136772324 0.036490149796009071 0.9403837025165559 0.13364458829164508 2.2563961744308476
decision_type=2 2 2 2 2 2 2
left_child=1 2 -1 -3 5 -2 -6
right_child=4 3 -4 -5 6 -7 -8
leaf_value=0.052660803779687654 -0.07046178427244737 0.030706540230704762 -0.031070324582887256 -0.073359592656928513 0.054922813655469166 0.064946476781970505 0.088022632287714758
leaf_weight=19.947469115257263 4.1815221458673468 521.7139897942543 31.150306105613708 4.7858946770429602 15.842811971902849 9.0306117385625821 15.287096023559569
leaf_count=46 21 1377 115 22 27 14 16
internal_value=0.0293664 0.0272621 0.00151865 0.0297511 0.0566643 0.0217125 0.0713379
internal_weight=621.94 577.598 51.0978 526.5 44.342 13.2121 31.1299
internal_count=1638 1560 161 1399 78 35 43
is_linear=0
shrinkage=0.05


Tree=18
num_leaves=7
num_cat=0
split_feature=41 3 10 24 10 53
split_gain=13.6484 17.4749 16.1171 8.56009 14.3695 1.72521
threshold=-2.8442523479461665 29447.582031250004 -0.00072750000981613983 146.50000000000003 -0.00034450000384822482 0.6446809470653535
decision_type=2 2 2 2 2 2
left_child=3 2 -2 4 -1 -5
right_child=1 -3 -4 5 -6 -7
leaf_value=0.065722563505768591 -0.0020881868588725231 -0.073924197019799506 0.029248026019315407 0.10589286581506381 -0.076102384359767211 0.06973384313179519
leaf_weight=5.9752985984087008 44.00043722987175 4.2999297976493827 553.23779232800007 7.0817121267318752 2.5238639563322067 8.9595864713191968
leaf_count=9 141 20 1437 6 11 14
internal_value=0.0277069 0.0262018 0.026931 0.0643969 0.0230187 0.0860086
internal_weight=626.079 601.538 597.238 24.5405 8.49916 16.0413
internal_count=1638 1598 1578 40 20 20
is_linear=0
shrinkage=0.05


Tree=19
num_leaves=8
num_cat=0
split_feature=47 8 65 27 10 24 43
split_gain=13.8758 30.1789 34.7665 17.3478 21.9882 17.5009 13.5073
threshold=-0.25918169319629664 1.57165002822876 1.1923429369926455 -26703.999999999996 -0.00034450000384822482 214.00000000000003 2726.785034179688
decision_type=2 2 2 2 2 2 2
left_child=1 6 -3 4 -2 -5 -1
right_child=3 2 -4 5 -6 -7 -8
leaf_value=0.053369983198166576 0.012147186407434462 -0.038406673832876041 0.043492529257380896 0.020613266318586329 0.081966450349166414 0.043465130994955282 0.016270955484853248
leaf_weight=39.145894631743431 17.275398060679436 43.410268351435661 18.429823040962219 292.49892757833004 33.4858168810606 118.44114296138287 67.319272682070732
leaf_count=86 47 166 41 777 55 273 193
internal_value=0.0261519 0.0138075 -0.0139179 0.030641 0.0583036 0.0272118 0.0299588
internal_weight=630.007 168.305 61.8401 461.701 50.7612 410.94 106.465
internal_count=1638 486 207 1152 102 1050 279
is_linear=0
shrinkage=0.05


Tree=20
num_leaves=7
num_cat=0
split_feature=34 14 34 60 47 43
split_gain=13.0665 13.9016 19.4306 14.8942 7.63565 6.55054
threshold=1.4005063176155093 42.899999618530281 0.76150658726692211 -0.0034648233558982606 -1.2478247284889219 1.0000000180025095e-35
decision_type=2 2 2 2 2 2
left_child=1 2 -1 -3 -2 -6
right_child=4 3 -4 -5 5 -7
leaf_value=-0.073423294445924256 -0.0029471609398262957 0.039922787045973775 0.046277549333762963 0.019846352836728549 0.085261205890530684 0.042215065560122673
leaf_weight=8.5912546366453153 5.5608340948820105 116.62404911220074 5.5503414720296851 458.48975677788258 14.858162984251974 23.852584570646286
leaf_count=40 17 265 12 1243 15 46
internal_value=0.024701 0.0227174 -0.0260891 0.0239262 0.0509892 0.0588664
internal_weight=633.527 589.255 14.1416 575.114 44.2716 38.7107
internal_count=1638 1560 52 1508 78 61
is_linear=0
shrinkage=0.05


Tree=21
num_leaves=7
num_cat=0
split_feature=29 4 48 47 55 60
split_gain=12.956 17.5158 29.0498 18.543 16.3347 11.6786
threshold=181.3028259277344 30191.775390625004 -0.74977833032608021 0.34564454853534704 -0.77112752199172963 -0.0080520166084170324
decision_type=2 2 2 2 2 2
left_child=1 3 -3 -1 -2 -6
right_child=4 2 -4 -5 5 -7
leaf_value=0.016022369359755734 -0.073774493202553415 0.054691820469534053 -0.019461153640793566 0.035241251786073659 -0.083733424456737593 0.058331722308090389
leaf_weight=286.99340899288654 2.604012355208396 17.345647975802422 55.308892995119095 225.14963787794113 1.4635472297668446 47.554585754871368
leaf_count=784 12 36 186 528 6 86
internal_value=0.0233564 0.0212213 -0.00168895 0.0244812 0.0474464 0.053988
internal_weight=636.42 584.798 72.6545 512.143 51.6221 49.0181
internal_count=1638 1534 222 1312 104 92
is_linear=0
shrinkage=0.05


Tree=22
num_leaves=6
num_cat=0
split_feature=31 31 31 53 54
split_gain=12.4938 14.3749 23.6503 13.5553 5.59789
threshold=-16.160525321960446 -11.236411571502684 -10.097908973693846 -0.69044995307922352 1.6369497179985049
decision_type=2 2 2 2 2
left_child=4 3 -3 -2 -1
right_child=1 2 -4 -5 -6
leaf_value=-0.076803038397176449 -0.074472103422219382 -0.076973933218361046 0.022225463119595456 0.068056078297689448 0.01483310489866985
leaf_weight=4.5757279098033896 1.7530570477247263 6.0472685098648062 599.06703908741474 25.26202517747879 2.4936740398406982
leaf_count=20 8 27 1530 46 7
internal_value=0.0220875 0.0228319 0.0212258 0.0586221 -0.0437719
internal_weight=639.199 632.129 605.114 27.0151 7.0694
internal_count=1638 1611 1557 54 27
is_linear=0
shrinkage=0.05


Tree=23
num_leaves=6
num_cat=0
split_feature=54 28 51 10 46
split_gain=12.3071 35.2471 19.8487 15.8087 15.389
threshold=-1.3281264305114744 -218.31249999999997 0.0090698502026498335 0.0017150000203400852 -0.79817926883697499
decision_type=2 2 2 2 2
left_child=1 -1 -3 4 -2
right_child=3 2 -4 -5 -6
leaf_value=-0.073108761136203265 0.038845936626486444 0.033250858694129443 -0.080854277565076849 -0.073642101372810645 0.019304165718385401
leaf_weight=13.164144814014433 130.52709721028805 36.055078417062759 4.2413631528615943 4.1781618148088446 453.69855310022831
leaf_count=61 288 83 18 19 1169
internal_value=0.0208916 -0.00199183 0.0211168 0.0229792 0.0236787
internal_weight=641.864 53.4606 40.2964 588.404 584.226
internal_count=1638 162 101 1476 1457
is_linear=0
shrinkage=0.05


Tree=24
num_leaves=8
num_cat=0
split_feature=41 3 34 10 24 10 53
split_gain=12.3139 15.7143 18.6856 13.6486 7.36224 12.7268 1.59293
threshold=-2.8442523479461665 15380.483398437502 0.80942466855049144 -0.00072750000981613983 146.50000000000003 -0.00034450000384822482 0.6446809470653535
decision_type=2 2 2 2 2 2 2
left_child=4 3 -3 -2 5 -1 -6
right_child=1 2 -4 -5 6 -7 -8
leaf_value=0.056433464488092333 -0.0066137580420136694 -0.078848980524125492 0.01852514264818755 0.021981875589426034 0.093603329150894865 -0.07675060754732399 0.059092225472952842
leaf_weight=5.9989985227584857 44.838630959391594 8.9628483802080172 10.808963328599928 554.7397852987051 7.0513843297958401 2.5398982316255569 9.0734042227268201
leaf_count=9 140 39 27 1392 6 11 14
internal_value=0.019776 0.0183841 -0.0253631 0.0198351 0.0545258 0.0162323 0.074494
internal_weight=644.014 619.35 19.7718 599.578 24.6637 8.5389 16.1248
internal_count=1638 1598 66 1532 40 20 20
is_linear=0
shrinkage=0.05


Tree=25
num_leaves=8
num_cat=0
split_feature=68 18 1 22 60 61 36
split_gain=12.3504 20.8495 20.7308 29.4835 18.7008 16.0188 13.3369
threshold=67.771675109863295 41.361999511718757 25943.467773437504 19780.939453125004 0.0045378208160400399 135.42895507812503 -1.0000000180025095e-35
decision_type=2 2 2 2 2 2 2
left_child=2 6 4 -4 -1 -3 -2
right_child=1 5 3 -5 -6 -7 -8
leaf_value=0.0055097792142627562 0.035734570515400507 0.0058293030675525088 0.051888071735589694 -0.0016618646617454166 0.050511847893428212 0.043156334742122313 -0.081352310664357122
leaf_weight=334.67699885368347 3.7780089974403381 37.707794889807701 73.625764057040215 39.217952132225037 24.844771191477776 125.39729548990726 6.6099257916212064
leaf_count=936 8 103 143 120 51 249 28
internal_value=0.0187314 0.030167 0.0145207 0.0332329 0.00863356 0.0345575 -0.0382874
internal_weight=645.859 173.493 472.365 112.844 359.522 163.105 10.3879
internal_count=1638 388 1250 263 987 352 36
is_linear=0
shrinkage=0.05


Tree=26
num_leaves=8
num_cat=0
split_feature=34 45 35 49 59 47 19
split_gain=11.6926 12.9548 31.2467 20.499 8.32554 21.312 3.03393
threshold=1.4005063176155093 0.8201856017112733 -2.15943431854248 1.0000000180025095e-35 0.9656260907649995 0.13364458829164508 16799.869140625004
decision_type=2 2 2 2 2 2 2
left_child=1 3 -3 -1 5 -2 -6
right_child=4 2 -4 -5 6 -7 -8
leaf_value=0.017055049049190137 -0.07434504766188571 -0.058359265366351366 0.035510113774147221 -0.0094589711990009408 0.075792848848857175 0.053419240784108715 0.042152997124670757
leaf_weight=371.67366223037243 4.8001428693532935 9.4657171070575696 131.96642968058586 90.424704268574715 13.859455674886705 10.126623854041098 15.06349918246269
leaf_count=950 23 36 297 277 15 15 25
internal_value=0.0177513 0.0159268 0.0291923 0.0118559 0.0427485 0.0119979 0.0584456
internal_weight=647.38 603.531 141.432 462.098 43.8497 14.9268 28.923
internal_count=1638 1560 333 1227 78 38 40
is_linear=0
shrinkage=0.05


Tree=27
num_leaves=7
num_cat=0
split_feature=29 43 60 23 55 27
split_gain=11.5776 14.9953 26.2988 19.8057 14.2791 11.0907
threshold=181.3028259277344 82778.410156250015 -0.0034648233558982606 2.5000000000000004 -0.77112752199172963 -5599.9999999999991
decision_type=2 2 2 2 2 2
left_child=1 3 -3 -1 -2 -6
right_child=4 2 -4 -5 5 -7
leaf_value=-0.011555323411051642 -0.07389972389213087 0.031954826582459003 -0.016362904111752865 0.02242399424358496 0.061736350237660477 0.0107588907699449
leaf_weight=47.53920666873455 2.6073104739189139 42.071952670812607 85.16342057287693 421.42918856441975 33.779935479164124 15.97144967317581
leaf_count=143 12 96 270 1025 53 39
internal_value=0.0168315 0.0148383 -0.000346751 0.0189689 0.039432 0.0454718
internal_weight=648.562 596.204 127.235 468.968 52.3587 49.7514
internal_count=1638 1534 366 1168 104 92
is_linear=0
shrinkage=0.05


Tree=28
num_leaves=8
num_cat=0
split_feature=1 55 61 26 53 61 37
split_gain=11.5466 26.17 33.8149 20.6698 17.4542 15.7406 7.57902
threshold=6278.1254882812509 -0.21023199707269666 150.96043395996097 0.15285804867744449 -1.6950584053993223 241.08599853515628 -1.1712938547134397
decision_type=2 2 2 2 2 2 2
left_child=1 3 -3 -1 6 -6 -2
right_child=4 2 -4 -5 5 -7 -8
leaf_value=0.069120164532268991 -0.072428753064421397 0.056289248462921583 -0.032359542678170317 0.0085325196772778871 0.015654652769192656 0.036325808535889223 0.037744998588130525
leaf_weight=19.57545605301857 7.22870734333992 12.977124631404875 62.154393643140793 51.003053307533264 371.70621654391289 123.2889401614666 1.9257203936576823
leaf_count=31 38 23 214 137 931 259 5
internal_value=0.0159558 0.00351677 -0.0169811 0.0254078 0.0195411 0.0208133 -0.0487065
internal_weight=649.86 145.71 75.1315 70.5785 504.15 494.995 9.15443
internal_count=1638 405 237 168 1233 1190 43
is_linear=0
shrinkage=0.05


Tree=29
num_leaves=8
num_cat=0
split_feature=38 14 30 39 21 70 34
split_gain=11.0016 23.8758 18.1869 20.8054 15.9571 7.70336 5.63542
threshold=2.3010951280593877 42.899999618530281 72.857231140136733 1.09257447719574 -865.89401245117176 34758.189453125007 0.85611718893051159
decision_type=2 2 2 2 2 2 2
left_child=1 6 5 -4 -3 -2 -1
right_child=2 4 3 -5 -6 -7 -8
leaf_value=-0.075468290807933533 0.073823507541869629 -0.0076273249920469285 -0.057950000127199731 0.057034057365214996 0.017687455019717174 0.021219128670946767 0.0087849816345133402
leaf_weight=9.2204353213310224 23.984896510839462 70.447535440325737 8.7860807776451093 7.1080218106508246 518.59748250246048 10.226706445217131 2.3981836140155783
leaf_count=42 31 211 34 11 1279 24 6
internal_value=0.0151351 0.0132446 0.0376982 -0.00621325 0.0146514 0.0582449 -0.0576473
internal_weight=650.769 600.664 50.1057 15.8941 589.045 34.2116 11.6186
internal_count=1638 1538 100 45 1490 55 48
is_linear=0
shrinkage=0.05


Tree=30
num_leaves=8
num_cat=0
split_feature=60 51 51 56 53 68 35
split_gain=10.8657 20.4018 21.0412 20.7472 16.2182 17.8841 10.1363
threshold=-0.0034648233558982606 -0.0082723177038133127 -0.0036166068166494365 1.3116489648818972 -0.17522709071636197 17.258673667907718 -1.760895252227783
decision_type=2 2 2 2 2 2 2
left_child=4 3 -3 -2 5 -1 -6
right_child=1 2 -4 -5 6 -7 -8
leaf_value=0.055538614639477617 -0.0686533490799143 0.038251799819488286 0.0093140945754645148 0.01063298138623173 0.058431980552801313 -0.012137660850336561 0.021930232090752091
leaf_weight=13.162213221192358 15.6490171700716 74.225402638316154 415.76365384459496 17.261998131871223 42.143593326210976 37.612457811832428 35.716532677412033
leaf_count=25 62 161 1080 47 70 111 82
internal_value=0.0143602 0.0111415 0.0137079 -0.0269153 0.0274054 0.00530745 0.0417519
internal_weight=651.535 522.9 489.989 32.911 128.635 50.7747 77.8601
internal_count=1638 1350 1241 109 288 136 152
is_linear=0
shrinkage=0.05


Tree=31
num_leaves=7
num_cat=0
split_feature=41 41 9 48 45 44
split_gain=10.956 14.3122 15.4409 13.3007 7.30052 4.9033
threshold=-2.8442523479461665 -2.0301223993301387 1126119.7500000002 -0.79947921633720387 -0.64019089937210072 1176.809997558594
decision_type=2 2 2 2 2 2
left_child=4 2 -2 -3 -1 -6
right_child=1 3 -4 -5 5 -7
leaf_value=-0.0049018312511865149 0.0069852215461352245 0.027575826368291985 -0.076858718277714622 0.0097919456669785295 0.084031057290271424 0.031833762482714627
leaf_weight=5.2200387716293362 13.524455502629282 136.21955937147141 9.1375903189182264 469.29272049665451 10.564444065093996 8.5398435443639737
leaf_count=14 39 305 41 1213 10 16
internal_value=0.0136212 0.0123355 -0.026601 0.013801 0.0466204 0.06096
internal_weight=652.499 628.174 22.662 605.512 24.3243 19.1043
internal_count=1638 1598 80 1518 40 26
is_linear=0
shrinkage=0.05


Tree=32
num_leaves=7
num_cat=0
split_feature=29 33 8 39 55 60
split_gain=10.5468 14.7993 20.8821 15.0848 12.6616 10.121
threshold=181.3028259277344 -1.4760496616363523 3.1984000205993657 3.4488172531127934 -0.77112752199172963 0.00022635281493421647
decision_type=2 2 2 2 2 2
left_child=1 2 -1 -3 -2 -6
right_child=4 3 -4 -5 5 -7
leaf_value=-0.065089724556549253 -0.073090215641770345 0.010868104864338207 0.038103704495126088 0.051366960887670447 0.01390088000740828 0.059728375405606798
leaf_weight=14.223084583878519 2.5694037377834311 554.93401085585356 7.416409194469451 24.0701062977314 21.488411128520966 28.431749865412712
leaf_count=58 12 1418 15 43 49 43
internal_value=0.0129275 0.011037 -0.0294916 0.0125603 0.0344657 0.0401018
internal_weight=653.133 600.644 21.6395 579.004 52.4896 49.9202
internal_count=1638 1534 73 1461 104 92
is_linear=0
shrinkage=0.05


Tree=33
num_leaves=8
num_cat=0
split_feature=34 54 28 10 59 29 66
split_gain=10.3572 11.674 27.4149 14.4312 7.6652 11.743 2.91627
threshold=1.4005063176155093 -1.3281264305114744 -218.31249999999997 0.0014095000224187972 0.9403837025165559 85.241992950439467 2.2563961744308476
decision_type=2 2 2 2 2 2 2
left_child=1 2 -1 -3 5 -2 -6
right_child=4 3 -4 -5 6 -7 -8
leaf_value=-0.074077577843277564 0.030963376164741981 0.013661767988192998 0.009813458671241013 -0.051316145550011419 0.034409138621379315 -0.079977418693647856 0.066879184361533672
leaf_weight=13.295715764164923 9.8336555212736112 553.0117501989007 36.14988686144352 8.6481443196535093 15.338876962661745 3.1436001807451239 14.263081282377241
leaf_count=61 20 1373 92 34 27 15 16
internal_value=0.0122703 0.0105975 -0.0126434 0.0126524 0.0361624 0.00370388 0.0502231
internal_weight=653.685 611.105 49.4456 561.66 42.5792 12.9773 29.602
internal_count=1638 1560 153 1407 78 35 43
is_linear=0
shrinkage=0.05


Tree=34
num_leaves=6
num_cat=0
split_feature=31 31 31 17 24
split_gain=10.2338 12.5339 19.3995 11.4924 5.31959
threshold=-16.160525321960446 -11.236411571502684 -10.097908973693846 0.99600002169609081 371.50000000000006
decision_type=2 2 2 2 2
left_child=4 3 -3 -2 -1
right_child=1 2 -4 -5 -6
leaf_value=-0.079322583432185845 -0.077856585601211795 -0.078138875958358098 0.011720328870451732 0.05359344496156955 0.0089406684116065706
leaf_weight=4.6608728766441336 1.745947122573855 6.0520597845315924 612.62208171933889 26.123039573431015 2.543993353843689
leaf_count=20 8 27 1530 46 7
internal_value=0.0116549 0.0123214 0.0108332 0.0451789 -0.0474634
internal_weight=653.748 646.543 618.674 27.869 7.20487
internal_count=1638 1611 1557 54 27
is_linear=0
shrinkage=0.05


Tree=35
num_leaves=8
num_cat=0
split_feature=2 4 17 41 45 56 69
split_gain=9.95693 25.4501 22.4538 22.359 13.3691 19.0497 15.4985
threshold=6962.0688476562509 959.28500366210949 35.813999176025398 1.4559392929077151 0.8201856017112733 -0.89690732955932606 2.1387400627136235
decision_type=2 2 2 2 2 2 2
left_child=1 3 -3 -1 6 -6 -2
right_child=4 2 -4 -5 5 -7 -8
leaf_value=0.016323519148423005 -0.08318209140646457 0.016228901051393633 -0.08297160558003118 -0.085752514495803955 -0.052581736138780005 0.032585421909872979 0.010518435852350079
leaf_weight=85.967214971780777 4.4507328122854224 8.8002830594778079 15.830897733569143 5.7109143733978263 6.8960213065147391 122.01380933821201 404.6542863920331
leaf_count=212 19 21 67 24 25 257 1013
internal_value=0.0110606 -0.00216779 -0.047326 0.00991035 0.0139297 0.0279906 0.00948683
internal_weight=654.324 116.309 24.6312 91.6781 538.015 128.91 409.105
internal_count=1638 324 88 236 1314 282 1032
is_linear=0
shrinkage=0.05


Tree=36
num_leaves=8
num_cat=0
split_feature=60 51 52 2 55 41 15
split_gain=9.93671 17.996 26.6833 18.7842 16.7736 18.0862 12.965
threshold=-0.0034648233558982606 -0.0082723177038133127 -0.011446530930697916 62044.212890625007 -0.69314399361610401 0.52899926900863659 44.399999618530281
decision_type=2 2 2 2 2 2 2
left_child=4 3 -3 -2 5 -1 -6
right_child=1 2 -4 -5 6 -7 -8
leaf_value=0.010973704004452349 -0.053299504065386041 0.07361300030261668 0.0076977898944543422 0.028562554587920341 -0.073031894792493099 -0.086972186250902653 0.034679956057429621
leaf_weight=18.190463006496433 22.949104115366936 15.888508617877958 476.81383420526981 10.00040380656719 2.8437907695770255 6.334475725889205 101.64958550035954
leaf_count=46 86 23 1218 23 13 27 202
internal_value=0.0104995 0.00743358 0.00983355 -0.0283021 0.0229519 -0.0141206 0.0317007
internal_weight=654.67 525.652 492.702 32.9495 129.018 24.5249 104.493
internal_count=1638 1350 1241 109 288 73 215
is_linear=0
shrinkage=0.05


Tree=37
num_leaves=8
num_cat=0
split_feature=38 14 29 68 21 70 18
split_gain=9.78745 19.8037 16.2207 17.8932 13.9967 6.96762 5.30085
threshold=2.3010951280593877 42.899999618530281 73.504810333251967 71.010143280029311 -865.89401245117176 34758.189453125007 113.65699768066408
decision_type=2 2 2 2 2 2 2
left_child=1 6 5 -4 -3 -2 -1
right_child=2 4 3 -5 -6 -7 -8
leaf_value=0.0014995532866601939 0.065860477380858859 -0.011319172798131487 -0.08430763613278032 0.02799259426593519 0.01230570669648267 0.015834142779882703 -0.076174228571075045
leaf_weight=2.7751458138227454 23.617311000823975 71.016130104660988 5.4048485308885565 10.248366966843603 522.87646682560444 10.281483009457586 8.6635061055421811
leaf_count=9 31 211 24 21 1279 24 39
internal_value=0.00997002 0.00820996 0.0313702 -0.0104638 0.00947229 0.050835 -0.0568926
internal_weight=654.883 605.331 49.552 15.6532 593.893 33.8988 11.4387
internal_count=1638 1538 100 45 1490 55 48
is_linear=0
shrinkage=0.05


Tree=38
num_leaves=7
num_cat=0
split_feature=41 48 23 7 67 19
split_gain=9.56399 12.5093 36.1759 20.6878 6.88882 2.89371
threshold=-2.8442523479461665 -0.72819209098815907 2.5000000000000004 2.777942538261414 2.5854135751724248 49020.970703125007
decision_type=2 2 2 2 2 2
left_child=4 3 -3 -2 -1 -6
right_child=1 2 -4 -5 5 -7
leaf_value=-0.00067747367167160424 0.026634736618647056 -0.06392484698500725 0.006854559369692783 -0.023129996444628778 0.034178620483421733 0.077305417043763591
leaf_weight=6.9267023652792004 149.91922171413898 18.82017770409584 438.10032616555691 24.156430438160896 7.758718982338908 9.1550426781177503
leaf_count=17 324 72 1127 75 14 9
internal_value=0.00947176 0.00828726 0.00392827 0.0197002 0.0406126 0.0578178
internal_weight=654.837 630.996 456.921 174.076 23.8405 16.9138
internal_count=1638 1598 1199 399 40 23
is_linear=0
shrinkage=0.05


Tree=39
num_leaves=7
num_cat=0
split_feature=29 44 33 68 60 44
split_gain=9.7928 13.5359 21.4861 16.7956 12.0362 10.7742
threshold=181.3028259277344 292533.18750000006 -1.2993103861808775 67.771675109863295 -0.0080520166084170324 590892.65625000012
decision_type=2 2 2 2 2 2
left_child=1 3 -3 -1 -2 -6
right_child=4 2 -4 -5 5 -7
leaf_value=0.0041499914864230342 -0.083547870648869538 -0.086565408790606896 -0.0012117708094022276 0.023946574390268881 -0.00079273900968323228 0.04982698553130601
leaf_weight=413.0560690164566 2.2176084071397772 9.3785891681909543 35.067817956209183 145.0980961471796 14.675077140331267 35.414602130651474
leaf_count=1088 10 39 96 311 37 57
internal_value=0.00899687 0.00718457 -0.0193346 0.00930528 0.0297797 0.0348968
internal_weight=654.908 602.601 44.4464 558.154 52.3073 50.0897
internal_count=1638 1534 135 1399 104 94
is_linear=0
shrinkage=0.05


Tree=40
num_leaves=7
num_cat=0
split_feature=60 56 51 55 71 41
split_gain=9.57274 16.6748 16.1115 14.7587 17.0909 16.4776
threshold=-0.0034648233558982606 -1.2324256896972654 -0.0082723177038133127 -0.69314399361610401 676.67929077148449 0.52899926900863659
decision_type=2 2 2 2 2 2
left_child=3 -2 -3 5 -5 -1
right_child=1 2 -4 4 -6 -7
leaf_value=0.0097341419959731616 -0.082181194464173934 -0.027576571068349039 0.0087323668561363945 -0.089402030810569022 0.032460896551209643 -0.084291722354192827
leaf_weight=18.17578494548798 5.3536978214979163 32.536737963557243 488.16729714721441 2.9404531121253958 101.43698823451996 6.2368103563785544
leaf_count=46 23 108 1219 12 203 27
internal_value=0.00854656 0.00554242 0.00645396 0.0207785 0.02898 -0.0140823
internal_weight=654.848 526.058 520.704 128.79 104.377 24.4126
internal_count=1638 1350 1327 288 215 73
is_linear=0
shrinkage=0.05


Tree=41
num_leaves=8
num_cat=0
split_feature=57 37 68 55 64 34 15
split_gain=9.12313 20.0454 19.6925 18.1268 14.5514 21.0894 13.668
threshold=0.98423263430595409 -2.6052681207656856 27.030734062194828 0.71020954847335827 69.83475494384767 1.2812666296958926 69.65000152587892
decision_type=2 2 2 2 2 2 2
left_child=1 3 -3 -1 5 -2 -6
right_child=4 2 -4 -5 6 -7 -8
leaf_value=-0.085234610208978684 -0.0088612961381910865 0.049967505366285005 0.0001682845307510528 0.056163839863117862 0.10453542044040534 0.043640250905063821 0.018756765323835321
leaf_weight=11.305129557847975 112.87878209352493 21.666688516736031 239.4712253510952 2.7904710471630088 4.7648979425430289 23.030026361346245 238.93678790330887
leaf_count=48 320 39 637 4 4 38 548
internal_value=0.0081174 0.00116652 0.00431929 -0.0568876 0.0131439 0 0.0204544
internal_weight=654.844 275.234 261.138 14.0956 379.61 135.909 243.702
internal_count=1638 728 676 52 910 358 552
is_linear=0
shrinkage=0.05


Tree=42
num_leaves=7
num_cat=0
split_feature=54 28 51 46 31 45
split_gain=8.99946 26.2579 16.7566 12.6361 22.5498 18.8632
threshold=-1.3281264305114744 -218.31249999999997 0.0090698502026498335 -0.79817926883697499 -7.2069454193115225 0.8201856017112733
decision_type=2 2 2 2 2 2
left_child=1 -1 -3 4 -2 -5
right_child=3 2 -4 5 -6 -7
leaf_value=-0.073360209773956783 -0.036931748765685293 0.018897308822409625 -0.085146147954352783 -0.0010119985536897445 0.030042692165219844 0.020885305846085001
leaf_weight=13.125407263636587 13.973568499088286 36.686722382903099 4.3171169757843009 325.93420924246311 120.04450395703316 140.6128211915493
leaf_count=61 47 83 18 869 244 316
internal_value=0.00771368 -0.0117716 0.00782108 0.00947822 0.0230222 0.00557692
internal_weight=654.694 54.1292 41.0038 600.565 134.018 466.547
internal_count=1638 162 101 1476 291 1185
is_linear=0
shrinkage=0.05


Tree=43
num_leaves=8
num_cat=0
split_feature=60 37 27 56 57 12 71
split_gain=8.82875 15.5334 25.4273 15.5839 13.9551 15.7327 14.3662
threshold=-0.0034648233558982606 -2.1774512529373165 -31855.999999999996 -1.2324256896972654 1.4294255375862124 321057.81250000006 620.23962402343761
decision_type=2 2 2 2 2 2 2
left_child=4 2 -2 -3 6 -6 -1
right_child=1 3 -4 -5 5 -7 -8
leaf_value=-0.08653751344653908 0.043074742438293401 -0.079858558762074608 -0.033239042462919297 0.0087411747463644641 0.0061322391654012745 -0.089571468713986357 0.030564446844393869
leaf_weight=2.6687285453081122 13.616308659315107 5.0079547315835944 54.253723114728928 453.00824046880007 20.885572299361232 5.3825410753488532 99.560619294643402
leaf_count=11 26 22 177 1125 53 23 201
internal_value=0.00732918 0.00444597 -0.0178551 0.00776151 0.0190901 -0.0132879 0.0274586
internal_weight=654.384 525.886 67.87 458.016 128.497 26.2681 102.229
internal_count=1638 1350 203 1147 288 76 212
is_linear=0
shrinkage=0.05


Tree=44
num_leaves=8
num_cat=0
split_feature=47 8 65 60 58 3 23
split_gain=8.75933 24.7906 25.0816 18.7099 14.0662 19.513 14.1559
threshold=-0.25918169319629664 1.57165002822876 1.1923429369926455 0.00032336250296793883 8028.0000000000009 19229.763671875004 2.5000000000000004
decision_type=2 2 2 2 2 2 2
left_child=1 3 -3 -1 6 -6 -2
right_child=4 2 -4 -5 5 -7 -8
leaf_value=-0.011934347085350124 -0.016006306711043469 -0.047399127435136967 0.021359512788707662 0.029479516134438773 0.050778104082048608 -0.048157424042826504 0.011168652673939624
leaf_weight=47.626085072755814 54.678926922380924 45.497377403080463 18.604784280061722 63.4421167075634 37.635648339986801 5.6933313310146323 381.06012104451656
leaf_count=145 159 166 41 134 59 20 914
internal_value=0.00696278 -0.002582 -0.0273649 0.0116762 0.0104633 0.0376628 0.00774711
internal_weight=654.238 175.17 64.1022 111.068 479.068 43.329 435.739
internal_count=1638 486 207 279 1152 79 1073
is_linear=0
shrinkage=0.05


Tree=45
num_leaves=7
num_cat=0
split_feature=70 54 36 62 57 23
split_gain=8.76927 18.9416 15.7885 29.5927 19.5153 12.1281
threshold=1867.8004150390627 4.9762337207794198 -1.1364486217498777 70.969150543212905 0.66341155767440807 2.5000000000000004
decision_type=2 2 2 2 2 2
left_child=1 5 3 -2 -4 -1
right_child=2 -3 4 -5 -6 -7
leaf_value=-0.026841622211474826 -0.019870021790335084 -0.087239821240282053 -0.051832214175283588 0.032017250276756989 -1.6382578716617911e-05 0.021493985976056194
leaf_weight=13.921994879841803 38.299922406673431 4.3659804314374915 19.334280133247375 96.46338863670826 305.39013853669167 175.91210250556469
leaf_count=42 120 20 69 200 800 387
internal_value=0.00661907 0.0155328 0.00284084 0.0172337 -0.00311692 0.0179228
internal_weight=653.688 194.2 459.488 134.763 324.724 189.834
internal_count=1638 449 1189 320 869 429
is_linear=0
shrinkage=0.05


Tree=46
num_leaves=8
num_cat=0
split_feature=34 61 65 69 59 47 19
split_gain=8.45161 9.43764 34.3877 20.639 6.716 13.3193 3.30971
threshold=1.4005063176155093 374.92822265625006 0.19560132920742038 70.976119995117202 0.9403837025165559 0.13364458829164508 16799.869140625004
decision_type=2 2 2 2 2 2 2
left_child=1 3 -3 -1 5 -2 -6
right_child=4 2 -4 -5 6 -7 -8
leaf_value=0.0097803130740137714 -0.074152019091166324 -0.016830790082340268 0.061644806030110577 -0.010504750777820388 0.061365910563477392 0.034927853354672321 0.025887260636837418
leaf_weight=367.02429846674204 4.2294545471668235 26.419260710477829 29.421831399202347 190.30761624872684 12.622599989175798 8.2585218101739866 15.256066039204596
leaf_count=908 21 79 44 529 15 14 28
internal_value=0.00628713 0.00481842 0.0244273 0.00284477 0.0284731 -0.00161517 0.0421302
internal_weight=653.54 613.173 55.8411 557.332 40.3666 12.488 27.8787
internal_count=1638 1560 123 1437 78 35 43
is_linear=0
shrinkage=0.05


Tree=47
num_leaves=7
num_cat=0
split_feature=44 63 54 60 29 58
split_gain=8.49906 19.7513 19.1713 17.7757 16.3263 15.0369
threshold=253.00000000000003 96.826545715332045 -1.4628403782844541 -0.0034648233558982606 95.572685241699233 -3459.9999999999995
decision_type=2 2 2 2 2 2
left_child=2 3 -1 -2 -4 -3
right_child=1 5 4 -5 -6 -7
leaf_value=-0.080253562967224912 0.018081438551958748 0.032419910402569169 0.025667242206451557 -0.012079648070868983 -0.016483625929899659 0.0037620207733000143
leaf_weight=5.0391533821821204 62.018824599683285 75.488982483744621 136.86567880958319 228.71302375942469 27.455581828951836 117.46401016414165
leaf_count=22 140 151 294 655 81 295
internal_value=0.00597792 0.00259025 0.0156234 -0.0056285 0.018594 0.0149998
internal_weight=653.045 483.685 169.36 290.732 164.321 192.953
internal_count=1638 1241 397 795 375 446
is_linear=0
shrinkage=0.05


Tree=48
num_leaves=8
num_cat=0
split_feature=69 69 61 35 11 55 65
split_gain=8.52168 26.6119 30.1053 24.98 23.3524 14.3036 13.5548
threshold=51.333366394042976 68.518379211425795 374.92822265625006 -1.7272459268569944 38.754999160766609 -0.47446015477180475 -0.28436243534088129
decision_type=2 2 2 2 2 2 2
left_child=3 6 -3 5 -5 -1 -2
right_child=1 2 -4 4 -6 -7 -8
leaf_value=-0.0092588687699207903 -0.046968106183484154 -0.0039008692235950639 0.050549790428960864 0.0079186577299049914 -0.03568508936046929 0.023825700981521439 0.034720126504207874
leaf_weight=48.504847772419453 5.278458595275878 238.03428510576487 28.407244563102722 52.609519302845001 73.225313112139702 98.964024007320404 107.75937986373901
leaf_count=142 18 630 46 130 238 218 216
internal_value=0.00568071 0.0105301 0.00188574 -0.00103426 -0.0174153 0.0129098 0.0308613
internal_weight=652.783 379.479 266.442 273.304 125.835 147.469 113.038
internal_count=1638 910 676 728 368 360 234
is_linear=0
shrinkage=0.05


Tree=49
num_leaves=7
num_cat=0
split_feature=38 9 64 47 52 60
split_gain=8.46115 22.6424 17.8049 28.1875 10.4197 10.3061
threshold=2.3010951280593877 1441779.1250000002 64.638458251953139 -1.0924028158187864 0.014611149206757547 -0.00048034996143542225
decision_type=2 2 2 2 2 2
left_child=2 5 3 -1 -4 -2
right_child=1 -3 4 -5 -6 -7
leaf_value=-0.084868311815569544 -0.024488913648705209 -0.086496728863001027 0.011434841813881037 -0.0046597188987834437 -0.013165959723496165 0.045722756726567886
leaf_weight=11.889261141419409 5.9588770717382422 4.0966113656759253 402.50586282461882 141.95880807191133 48.014115124940872 38.111218139529228
leaf_count=50 19 18 963 391 134 63
internal_value=0.00539773 0.0255836 0.00378069 -0.0108907 0.00880192 0.0361157
internal_weight=652.535 48.1667 604.368 153.848 450.52 44.0701
internal_count=1638 100 1538 441 1097 82
is_linear=0
shrinkage=0.05


Tree=50
num_leaves=8
num_cat=0
split_feature=34 45 35 51 59 47 66
split_gain=7.97844 9.12287 21.0072 17.7158 6.33813 11.8957 3.04524
threshold=1.4005063176155093 0.68566167354583751 -2.15943431854248 -0.000650378904538229 0.9403837025165559 0.13364458829164508 2.2563961744308476
decision_type=2 2 2 2 2 2 2
left_child=1 3 -3 -1 5 -2 -6
right_child=4 2 -4 -5 6 -7 -8
leaf_value=0.0096794508559422433 -0.072517197174574458 -0.049364749482347342 0.019701955522134815 -0.009962767515223174 0.023917554306252739 0.032052686376851332 0.058218879379599499
leaf_weight=237.73514950275421 4.0933932960033408 11.906431406736372 141.04711450636387 221.96328543126583 14.41980202496052 8.0804250836372358 12.912592083215712
leaf_count=583 21 42 316 619 27 14 16
internal_value=0.0051287 0.00371487 0.0142929 0.000184419 0.0269274 -0.00269776 0.0403054
internal_weight=652.158 612.652 152.954 459.698 39.5062 12.1738 27.3324
internal_count=1638 1560 358 1202 78 35 43
is_linear=0
shrinkage=0.05


Tree=51
num_leaves=6
num_cat=0
split_feature=31 31 31 53 27
split_gain=8.29333 11.9645 15.5793 10.2298 5.30245
threshold=-16.160525321960446 -11.236411571502684 -10.097908973693846 -0.69044995307922352 -5265.9999999999991
decision_type=2 2 2 2 2
left_child=4 3 -3 -2 -1
right_child=1 2 -4 -5 -6
leaf_value=-0.07861518904604263 -0.077545324078729619 -0.076634245034880019 0.0048130189772568168 0.045614055267426443 0.011523945863836409
leaf_weight=4.8276358842849731 1.7744224518537546 5.9221290647983542 610.66030672192574 26.040554150938988 2.3294945508241645
leaf_count=21 8 27 1530 46 6
internal_value=0.00487729 0.00547876 0.00402263 0.0375775 -0.0485782
internal_weight=651.555 644.397 616.582 27.815 7.15713
internal_count=1638 1611 1557 54 27
is_linear=0
shrinkage=0.05


Tree=52
num_leaves=8
num_cat=0
split_feature=48 19 33 48 43 54 37
split_gain=8.19979 18.3055 24.8635 21.9757 15.0343 26.1435 15.8693
threshold=-0.79947921633720387 116.22999954223634 -1.4760496616363523 -0.69536411762237538 97367.949218750015 -1.3281264305114744 -2.6052681207656856
decision_type=2 2 2 2 2 2 2
left_child=4 3 -3 -2 5 -1 -6
right_child=1 2 -4 -5 6 -7 -8
leaf_value=-0.080657893170908185 0.0020326472551552197 -0.058727739198720652 0.0060821016805941066 -0.084922186104503014 -0.040267953925300609 0.013095446346309023 0.0577647397051868
leaf_weight=8.0333639383316022 16.105867251753811 15.273941203951834 465.80434086918831 13.077502325177191 4.7349902391433707 98.745619244873524 29.609553083777428
leaf_count=35 42 58 1159 55 17 227 45
internal_value=0.00463338 0.00167215 0.00401404 -0.0367618 0.0153049 0.00599522 0.0441037
internal_weight=651.385 510.262 481.078 29.1834 141.124 106.779 34.3445
internal_count=1638 1314 1217 97 324 262 62
is_linear=0
shrinkage=0.05


Tree=53
num_leaves=8
num_cat=0
split_feature=29 62 44 60 28 4 71
split_gain=8.00297 12.6626 13.1837 11.8296 20.0103 7.26869 4.49356
threshold=181.3028259277344 175.70624542236331 1192011.0625000002 0.00022635281493421647 -128.93749999999997 34313.394531250007 584114.59375000012
decision_type=2 2 2 2 2 2 2
left_child=1 2 -1 4 -2 -5 -3
right_child=3 6 -4 5 -6 -7 -8
leaf_value=0.0042757848588554125 0.020152563818458223 -0.086196383089372733 -0.082238138469673983 0.0032167123892850031 -0.095820732901751221 0.060434568425029415 -0.0040086665148154109
leaf_weight=587.01379356533289 18.325054034590725 5.3428809493780127 4.4319581985473624 7.847098961472514 4.6628088206052771 20.6630008071661 2.6052202433347702
leaf_count=1486 39 22 19 18 19 28 7
internal_value=0.00440318 0.00276861 0.00361904 0.0233311 -0.0031537 0.0448613 -0.0598861
internal_weight=650.892 599.394 591.446 51.498 22.9879 28.5101 7.9481
internal_count=1638 1534 1505 104 58 46 29
is_linear=0
shrinkage=0.05


Tree=54
num_leaves=5
num_cat=0
split_feature=39 52 42 23
split_gain=8.33354 13.1058 10.4285 5.00894
threshold=4.1194794178009042 0.036490149796009071 -0.00069850002182647575 77.500000000000014
decision_type=2 2 2 2
left_child=1 2 -1 -2
right_child=3 -3 -4 -5
leaf_value=-0.01672673473873405 0.0096567350817301049 -0.079247636566364521 0.0059672853739565126 0.070846640715736972
leaf_weight=55.401522070169449 6.5062666088342649 4.7619893848896018 576.59597645699978 7.3789169937372208
leaf_count=167 16 21 1425 9
internal_value=0.00418393 0.0033398 0.00396999 0.0425346
internal_weight=650.645 636.759 631.997 13.8852
internal_count=1638 1613 1592 25
is_linear=0
shrinkage=0.05


Tree=55
num_leaves=8
num_cat=0
split_feature=69 69 35 46 20 1 65
split_gain=7.95224 23.5222 22.5471 21.2799 17.1891 13.8239 11.9972
threshold=51.333366394042976 68.518379211425795 -1.7272459268569944 -0.4322883933782577 3382.299926757813 2081.8530273437505 -0.28436243534088129
decision_type=2 2 2 2 2 2 2
left_child=2 6 5 -4 -3 -1 -2
right_child=1 4 3 -5 -6 -7 -8
leaf_value=0.072403048562547645 -0.045639504817161843 -0.054347670517359808 9.6070377670161603e-05 -0.041294506921777531 0.0034888009286865897 0.0068865481647807387 0.031425711792316936
leaf_weight=8.5754396319389325 5.2473417073488227 13.537311360239981 70.261317029595375 55.309246733784676 251.21209120750427 138.7551022991538 107.57374651730061
leaf_count=12 18 49 178 190 627 348 216
internal_value=0.0039756 0.00867865 -0.00251295 -0.0180951 0.000512589 0.0107339 0.0277971
internal_weight=650.472 377.57 272.901 125.571 264.749 147.331 112.821
internal_count=1638 910 728 368 676 360 234
is_linear=0
shrinkage=0.05


Tree=56
num_leaves=8
num_cat=0
split_feature=2 4 34 48 45 24 53
split_gain=7.80447 21.1273 19.9576 16.8143 11.6575 23.9186 17.022
threshold=6962.0688476562509 959.28500366210949 -1.2437533736228941 -0.72819209098815907 -0.18716401606798169 51.500000000000007 -1.6950584053993223
decision_type=2 2 2 2 2 2 2
left_child=1 2 -1 -3 5 -2 -6
right_child=4 3 -4 -5 6 -7 -8
leaf_value=0.059536409747628763 0.01220726572873658 0.0042170005260725113 -0.0065900193011802187 -0.081396940403056589 -0.075027928323825058 -0.017219914760301266 0.016004792017477565
leaf_weight=13.343284279108046 157.5747978463769 9.0092295557260531 78.440459340810776 15.278442338109015 5.2258662208914748 122.89241022616625 248.31560184061527
leaf_count=21 369 22 215 66 26 357 562
internal_value=0.00377857 -0.0079532 0.00296879 -0.0494336 0.00633794 -0.000669024 0.0141088
internal_weight=650.08 116.071 91.7837 24.2877 534.009 280.467 253.541
internal_count=1638 324 236 88 1314 726 588
is_linear=0
shrinkage=0.05


Tree=57
num_leaves=7
num_cat=0
split_feature=38 9 15 65 70 34
split_gain=7.89429 20.4364 16.2347 12.1315 9.1764 4.6902
threshold=2.3010951280593877 1441779.1250000002 43.000000000000007 2.185532927513123 39303.150390625007 0.85611718893051159
decision_type=2 2 2 2 2 2
left_child=2 4 5 -4 -2 -1
right_child=1 -3 3 -5 -6 -7
leaf_value=-0.073895060710821345 0.048561265220935956 -0.084240902051739772 0.0041422798344692415 -0.050732906995360566 -0.0012842944529585744 0.0030186660320127285
leaf_weight=8.9380151554942113 30.157717540860176 4.0160905122756949 580.73986848443747 10.23847061395645 13.029780253767965 2.3887416124343863
leaf_count=42 47 18 1454 36 35 6
internal_value=0.00359093 0.0232915 0.00203866 0.00318313 0.033407 -0.057233
internal_weight=649.509 47.2036 602.305 590.978 43.1875 11.3268
internal_count=1638 100 1538 1490 82 48
is_linear=0
shrinkage=0.05


Tree=58
num_leaves=5
num_cat=0
split_feature=39 3 68 23
split_gain=7.98669 11.9152 9.9175 4.51603
threshold=4.1194794178009042 29447.582031250004 67.771675109863295 77.500000000000014
decision_type=2 2 2 2
left_child=1 2 -1 -2
right_child=3 -3 -4 -5
leaf_value=-0.00050312085246014123 0.0097580493963599895 -0.077961136698914357 0.013832352490123802 0.068113552242843114
leaf_weight=468.38877215236425 6.4759619832038862 4.5534345135092726 162.22490552067757 7.3172486871480942
leaf_count=1227 16 21 365 9
internal_value=0.003413 0.0025872 0.00317674 0.0410779
internal_weight=648.96 635.167 630.614 13.7932
internal_count=1638 1613 1592 25
is_linear=0
shrinkage=0.05


Tree=59
num_leaves=8
num_cat=0
split_feature=57 37 68 69 12 58 48
split_gain=7.73614 16.9496 16.4618 14.4261 34.1526 15.1764 9.49648
threshold=0.98423263430595409 -2.6052681207656856 27.030734062194828 14.971048831939699 243414.54687500003 -4999.9999999999991 -0.91713401675224293
decision_type=2 2 2 2 2 2 2
left_child=1 6 -3 4 -2 -5 -1
right_child=3 2 -4 5 -6 -7 -8
leaf_value=0.0079432277414341352 -0.087318251951771231 0.041424997354394609 -0.00408356295893951 0.02804896239159051 0.0121767865713121 0.0045071676315058505 -0.083321793708378722
leaf_weight=3.8719272613525382 12.930566757917402 21.68312793970108 237.65060818195343 96.035314902663231 25.712343156337738 240.88508175313473 9.8749700933694822
leaf_count=9 55 39 637 199 61 595 43
internal_value=0.0032439 -0.00314662 -0.000259271 0.00790391 -0.0209865 0.0112323 -0.0572525
internal_weight=648.644 273.081 259.334 375.563 38.6429 336.92 13.7469
internal_count=1638 728 676 910 116 794 52
is_linear=0
shrinkage=0.05


Tree=60
num_leaves=8
num_cat=0
split_feature=44 22 46 54 11 29 48
split_gain=7.55949 18.8357 19.132 16.4049 14.5608 14.4808 2.74285
threshold=253.00000000000003 106530.38281250001 2.1150966882705693 -1.3910208940505979 63.784999847412116 95.572685241699233 -0.097359482198953615
decision_type=2 2 2 2 2 2 2
left_child=3 2 -2 6 -3 -5 -1
right_child=1 4 -4 5 -6 -7 -8
leaf_value=-0.078953826741959415 0.00024380689452937655 -0.084850751596388177 0.053935416276567817 0.022467657744123817 -0.0096218667338645956 -0.017386914125801945 -0.010375544267113866
leaf_weight=5.3656208515167236 436.04099872708321 11.061552286148073 17.256456553936005 133.05606652796268 15.786256194114683 27.359404750168324 2.2466473132371894
leaf_count=24 1123 47 27 285 44 81 7
internal_value=0.00308311 -0.000100866 0.00229881 0.0122112 -0.0408031 0.0156392 -0.0593708
internal_weight=648.173 480.145 453.297 168.028 26.8478 160.415 7.61227
internal_count=1638 1241 1150 397 91 366 31
is_linear=0
shrinkage=0.05


Tree=61
num_leaves=8
num_cat=0
split_feature=48 19 33 48 42 60 26
split_gain=7.26818 16.1156 22.3026 19.5389 14.2331 19.1193 14.0216
threshold=-0.79947921633720387 116.22999954223634 -1.4760496616363523 -0.69536411762237538 -0.00038650000351481134 0.0024323065299540762 0.41678579151630407
decision_type=2 2 2 2 2 2 2
left_child=4 3 -3 -2 5 -1 -6
right_child=1 2 -4 -5 6 -7 -8
leaf_value=0.0035796587310525218 0.00035997530338097009 -0.057457343999581391 0.004286580594584883 -0.082237317826157397 0.0011778938234714028 -0.088122084502876522 0.041511195932758968
leaf_weight=44.150638952851295 15.982241198420526 15.095360666513441 463.53155094385147 12.79726070165634 36.848451435565948 6.5111842527985564 52.794316649436951
leaf_count=109 42 58 1159 55 93 28 94
internal_value=0.00292907 0.00013395 0.0023288 -0.0361945 0.0130019 -0.00810739 0.0249876
internal_weight=647.711 507.406 478.627 28.7795 140.305 50.6618 89.6428
internal_count=1638 1314 1217 97 324 137 187
is_linear=0
shrinkage=0.05


Tree=62
num_leaves=6
num_cat=0
split_feature=71 33 8 10 67
split_gain=7.44858 9.14718 13.5697 10.1684 7.10507
threshold=1193982.2500000002 -1.4760496616363523 3.1984000205993657 0.0017150000203400852 1.0815357565879824
decision_type=2 2 2 2 2
left_child=1 2 -1 -3 -2
right_child=4 3 -4 -5 -6
leaf_value=-0.054763037212442835 0.071233510471854986 0.0036899765404405081 0.026677907447109513 -0.076201462880504653 0
leaf_weight=15.968501687049867 7.6740498989820463 605.52162703126669 7.4314955919980994 4.0041702687740317 6.5461419522762299
leaf_count=64 9 1516 15 18 16
internal_value=0.00278419 0.00197181 -0.0286849 0.00315694 0.0385905
internal_weight=647.146 632.926 23.4 609.526 14.2202
internal_count=1638 1613 79 1534 25
is_linear=0
shrinkage=0.05


Tree=63
num_leaves=8
num_cat=0
split_feature=29 44 39 68 60 28 4
split_gain=7.18851 11.4815 16.8215 12.6592 10.6265 17.7144 6.15005
threshold=181.3028259277344 292533.18750000006 4.1194794178009042 67.771675109863295 0.00022635281493421647 -128.93749999999997 34313.394531250007
decision_type=2 2 2 2 2 2 2
left_child=1 3 -3 -1 5 -2 -6
right_child=4 2 -4 -5 6 -7 -8
leaf_value=-0.0013594363122280239 0.017530625531382803 -0.032920193446169088 0.077656281382668058 0.015988419449070587 0.0028417566840019254 -0.09218758911899877 0.055846569676792447
leaf_weight=410.78419104218483 18.128305569291118 40.365981452167034 3.7367699295282355 141.16062115132809 7.7754901051521328 4.6094297170639029 20.263992324471474
leaf_count=1088 39 131 4 311 18 19 28
internal_value=0.00264595 0.00109862 -0.0234378 0.00306824 0.0207108 -0.00449173 0.0413264
internal_weight=646.825 596.048 44.1028 551.945 50.7772 22.7377 28.0395
internal_count=1638 1534 135 1399 104 58 46
is_linear=0
shrinkage=0.05


Tree=64
num_leaves=8
num_cat=0
split_feature=60 60 23 24 22 8 4
split_gain=7.09972 14.0671 24.3499 16.0164 12.4578 21.5475 14.2223
threshold=-0.0034648233558982606 -0.0026057605864480133 40.500000000000007 214.00000000000003 73.634998321533217 1.2171499729156496 34313.394531250007
decision_type=2 2 2 2 2 2 2
left_child=4 2 -2 -3 6 -6 -1
right_child=1 3 -4 -5 5 -7 -8
leaf_value=0.042914683586109059 0.015399657053129678 -0.0049196835523615465 -0.07245037106316897 0.013821836924750228 0.018623084810085736 -0.039697004325363321 -0.023996624784747306
leaf_weight=45.085340023040771 14.380223214626314 306.9600446075201 17.265740796923637 181.19835931807756 48.168261110782623 23.593393512070179 9.5372121930122358
leaf_count=73 34 820 70 426 108 78 29
internal_value=0.00251677 -5.79274e-05 -0.0323725 0.00202669 0.0131458 -0.000481391 0.0311403
internal_weight=646.189 519.804 31.646 488.158 126.384 71.7617 54.6226
internal_count=1638 1350 104 1246 288 186 102
is_linear=0
shrinkage=0.05


Tree=65
num_leaves=6
num_cat=0
split_feature=10 10 3 46 71
split_gain=7.0737 18.3165 23.5326 10.144 8.05949
threshold=-0.0011449999874457715 -0.00072750000981613983 -3126.162963867187 -0.79817926883697499 68837.085937500015
decision_type=2 2 2 2 2
left_child=4 2 -2 -3 -1
right_child=1 3 -4 -5 -6
leaf_value=-0.021498741090673221 -0.072494113072468822 0.016179770629701704 0.007990979507891351 0.00033114784921645741 0.067038715074741281
leaf_weight=3.5822710841894141 18.417895533144474 128.94727074354887 17.719900533556938 468.44084291905165 8.482647165656088
leaf_count=12 76 287 45 1206 12
internal_value=0.00239242 0.00166192 -0.0328905 0.00376047 0.0403361
internal_weight=645.591 633.526 36.1378 597.388 12.0649
internal_count=1638 1614 121 1493 24
is_linear=0
shrinkage=0.05


Tree=66
num_leaves=8
num_cat=0
split_feature=2 70 37 22 45 24 72
split_gain=7.14295 19.0298 23.2985 12.9152 10.1199 20.949 15.1159
threshold=6962.0688476562509 726.55502319335949 -1.2893055677413938 -8333.5698242187482 -0.18716401606798169 51.500000000000007 -1137254.6874999998
decision_type=2 2 2 2 2 2 2
left_child=1 3 -3 -1 5 -2 -6
right_child=4 2 -4 -5 6 -7 -8
leaf_value=-0.043400335322136857 0.010282260550364346 0.004237920336936 -0.046893440756404142 0.045322472091294218 0.020399270895064617 -0.01736472416718739 -0.0058429109792825012
leaf_weight=5.0220574885606792 156.20939441025257 46.590496972203255 42.413651391863823 21.352263897657394 171.34144958108664 121.97986376285553 80.353164732456207
leaf_count=17 369 121 149 37 373 357 215
internal_value=0.00227363 -0.00898518 -0.0200718 0.0282388 0.00473459 -0.00182236 0.0120016
internal_weight=645.262 115.378 89.0041 26.3743 529.884 278.189 251.695
internal_count=1638 324 270 54 1314 726 588
is_linear=0
shrinkage=0.05


Tree=67
num_leaves=8
num_cat=0
split_feature=57 37 55 61 58 72 2
split_gain=6.97784 15.9932 20.373 14.4359 11.7634 14.403 10.6629
threshold=0.98423263430595409 -2.1774512529373165 0.71020954847335827 241.08599853515628 -5479.9999999999991 -2543689.8749999995 15504.077148437502
decision_type=2 2 2 2 2 2 2
left_child=1 2 -1 -3 6 -6 -2
right_child=4 3 -4 -5 5 -7 -8
leaf_value=-0.049890406017078628 0.058055228996843816 -0.011185274069955543 0.042116251237905425 0.013795012910333363 -0.047370174260698186 0.0037356426862788748 0.013845525291831398
leaf_weight=32.886679157614708 16.14737394452095 117.24596191942692 7.3054371476173392 114.06554740667343 14.586714416742323 250.14127513766289 92.322445653378963
leaf_count=118 25 333 12 265 49 620 216
internal_value=0.00216102 -0.00392608 -0.0330426 0.00111152 0.00660281 0.000900786 0.0204729
internal_weight=644.701 271.504 40.1921 231.312 373.198 264.728 108.47
internal_count=1638 728 130 598 910 669 241
is_linear=0
shrinkage=0.05


Tree=68
num_leaves=7
num_cat=0
split_feature=41 3 34 37 45 44
split_gain=6.79336 11.8863 13.1932 10.1885 6.17522 4.2474
threshold=-2.8442523479461665 15380.483398437502 0.80942466855049144 2.114745140075684 -0.64019089937210072 1176.809997558594
decision_type=2 2 2 2 2 2
left_child=4 3 -3 -2 -1 -6
right_child=1 2 -4 -5 5 -7
leaf_value=-0.018138923986780641 0.00014599801950490623 -0.082104382502373535 0.00074247477788806551 0.021878144779446246 0.067617424753325411 0.01656570875855173
leaf_weight=5.1286613047122982 543.12469218671322 8.9280749410390872 10.151573359966276 59.938121750950813 8.9997203499078768 8.0237517952918989
leaf_count=14 1404 39 27 128 10 16
internal_value=0.00205428 0.00107714 -0.0377626 0.00231424 0.0292716 0.0438487
internal_weight=644.295 622.142 19.0796 603.063 22.1521 17.0235
internal_count=1638 1598 66 1532 40 26
is_linear=0
shrinkage=0.05


Tree=69
num_leaves=8
num_cat=0
split_feature=29 14 6 44 44 22 39
split_gain=6.81072 11.1635 11.4175 10.6944 10.0555 16.451 8.68508
threshold=181.3028259277344 171.30000305175784 -60637697.999999993 1192011.0625000002 590892.65625000012 4223.0397949218759 1.1687283515930178
decision_type=2 2 2 2 2 2 2
left_child=1 3 -3 -1 5 -2 -6
right_child=4 2 -4 -5 6 -7 -8
leaf_value=0.001991730461195362 -0.09321457903604273 0.022096257625075336 -0.083774307613965676 -0.079095009078800183 0.048416305132897852 0.019656551288512 -0.0092661155347247681
leaf_weight=577.96237529814243 4.6041688024997702 3.723572850227356 7.6360575854778272 4.092911720275878 26.65683801472187 10.678836509585379 8.4604561924934369
leaf_count=1476 19 8 32 18 41 22 22
internal_value=0.0019539 0.000446548 -0.0486308 0.00141295 0.0196023 -0.0140199 0.0343771
internal_weight=643.815 593.415 11.3596 582.055 50.4003 15.283 35.1173
internal_count=1638 1534 40 1494 104 41 63
is_linear=0
shrinkage=0.05


Tree=70
num_leaves=7
num_cat=0
split_feature=60 71 51 52 56 22
split_gain=6.80256 16.1011 12.8748 21.5854 15.3867 11.2934
threshold=-0.0034648233558982606 620.23962402343761 -0.0082723177038133127 -0.011446530930697916 1.3116489648818972 73.634998321533217
decision_type=2 2 2 2 2 2
left_child=1 -1 4 -4 -2 -3
right_child=2 5 3 -5 -6 -7
leaf_value=-0.087954861281071606 -0.067943825821231207 0.032948756329838499 0.058761380123868757 -0.00056963598570758758 0.00095858575977214372 0.0021311519506192413
leaf_weight=3.8668006360530844 15.158067926764486 52.737890928983688 15.842951968312262 469.64703533798456 17.105274342000484 68.999944008886814
leaf_count=16 62 96 23 1218 47 176
internal_value=0.00185669 0.0122973 -0.000666484 0.00135621 -0.0312584 0.0155227
internal_weight=643.358 125.605 517.753 485.49 32.2633 121.738
internal_count=1638 288 1350 1241 109 272
is_linear=0
shrinkage=0.05


Tree=71
num_leaves=5
num_cat=0
split_feature=53 50 31 69
split_gain=6.84469 7.65067 10.1057 9.48421
threshold=-1.9270460009574888 -0.010969442781060932 -4.6205635070800772 51.333366394042976
decision_type=2 2 2 2
left_child=-1 2 -2 -3
right_child=1 3 -4 -5
leaf_value=-0.061806638214016676 -0.029444941853233472 -0.0068933004256735292 0.038723281975815191 0.005928054828042568
leaf_weight=4.2011023834347716 6.694269821047782 237.51656824350357 27.464725270867348 366.91255091875792
leaf_count=27 22 645 50 894
internal_value=0.00176506 0.00219111 0.0252177 0.000881501
internal_weight=642.789 638.588 34.159 604.429
internal_count=1638 1611 72 1539
is_linear=0
shrinkage=0.05


Tree=72
num_leaves=8
num_cat=0
split_feature=54 71 4 44 22 29 56
split_gain=6.6197 14.3325 9.17919 8.23005 15.9584 11.9477 5.57238
threshold=-1.5500464439392088 44211.513671875007 6971.3349609375009 253.00000000000003 106530.38281250001 95.572685241699233 0.73153364658355724
decision_type=2 2 2 2 2 2 2
left_child=1 6 -3 5 -5 -2 -1
right_child=3 2 -4 4 -6 -7 -8
leaf_value=-0.080018159606113623 0.018477303142123938 0.059248600811960928 -0.025740043950244887 0.0015268098326131326 -0.039179724626289603 -0.017643222499599223 0.0055885217673071518
leaf_weight=9.6030630469322222 135.16711287945509 5.8233824670314771 6.9049934893846512 429.78760968893766 25.500701814889908 27.424666091799736 2.2366072684526435
leaf_count=43 296 9 23 1092 87 82 6
internal_value=0.0016766 -0.0237556 0.0127504 0.00269592 -0.000742181 0.012354 -0.0634241
internal_weight=642.448 24.568 12.7284 617.88 455.288 162.592 11.8397
internal_count=1638 81 32 1557 1179 378 49
is_linear=0
shrinkage=0.05


Tree=73
num_leaves=8
num_cat=0
split_feature=5 55 11 47 58 39 22
split_gain=6.57373 12.2769 12.7055 12.2038 18.9728 17.6287 4.80719
threshold=140089.75000000003 -0.56357747316360463 64.579998016357436 -0.30423833429813379 9160.0000000000018 1.09257447719574 24732.530273437504
decision_type=2 2 2 2 2 2 2
left_child=3 6 -3 5 -5 -1 -2
right_child=1 2 -4 4 -6 -7 -8
leaf_value=-0.0031643818741547793 -0.084707615562975042 0.046010793821672918 -0.013156994223086294 0.0010933021477659371 0.038815887728694758 -0.045654180059537544 0.002231726717037611
leaf_weight=109.177002646029 3.5317354053258887 30.690700635313988 12.717181921005247 415.35669415444136 36.275263443589211 31.55827596783638 2.6939602792263031
leaf_count=304 15 50 37 1046 64 114 8
internal_value=0.00159276 0.0190724 0.0285613 0.000119726 0.00413427 -0.0127278 -0.0462844
internal_weight=642.001 49.6336 43.4079 592.367 451.632 140.735 6.2257
internal_count=1638 110 87 1528 1110 418 23
is_linear=0
shrinkage=0.05


Tree=74
num_leaves=6
num_cat=0
split_feature=31 31 31 17 35
split_gain=6.48865 10.8991 12.9006 8.26092 4.77802
threshold=-16.160525321960446 -11.236411571502684 -10.097908973693846 0.99600002169609081 -1.3045171499252317
decision_type=2 2 2 2 2
left_child=4 3 -3 -2 -1
right_child=1 2 -4 -5 -6
leaf_value=-0.07580829359718344 -0.075201092069464973 -0.074495544084301452 0.0013603800411499094 0.039863179736397095 0.010587379525012456
leaf_weight=4.6492296308279037 1.6318817362189317 5.6565540283918372 601.2297590225935 25.851678729057312 2.2971924990415564
leaf_count=21 8 27 1530 46 6
internal_value=0.00151438 0.00204821 0.000645117 0.0328491 -0.0465173
internal_weight=641.316 634.37 606.886 27.4836 6.94642
internal_count=1638 1611 1557 54 27
is_linear=0
shrinkage=0.05


Tree=75
num_leaves=7
num_cat=0
split_feature=38 9 16 65 60 34
split_gain=6.4732 17.7279 13.6563 10.6763 8.55549 4.48191
threshold=2.3010951280593877 1441779.1250000002 42.95000076293946 2.185532927513123 -0.00048034996143542225 0.85611718893051159
decision_type=2 2 2 2 2 2
left_child=2 4 5 -4 -2 -1
right_child=1 -3 3 -5 -6 -7
leaf_value=-0.072109088741652089 -0.026892816666418393 -0.08162579849730689 0.0019800121735916976 -0.05016462342085435 0.038213666096805009 0.0035957023177785197
leaf_weight=8.583886079490183 5.7708293348550788 3.9336865544319144 574.14070266485214 9.9827993363141996 36.180521994829178 2.3716178387403479
leaf_count=42 19 18 1454 36 63 6
internal_value=0.00143827 0.0195337 3.4573e-05 0.00108029 0.0291384 -0.0552643
internal_weight=640.964 45.885 595.079 584.124 41.9514 10.9555
internal_count=1638 100 1538 1490 82 48
is_linear=0
shrinkage=0.05


Tree=76
num_leaves=7
num_cat=0
split_feature=48 24 58 33 40 57
split_gain=6.35765 21.3696 22.5748 15.6747 15.5103 13.6151
threshold=-0.79947921633720387 22.500000000000004 -1343.9999999999998 -1.4760496616363523 -2.2359305620193477 0.68245813250541698
decision_type=2 2 2 2 2 2
left_child=4 2 -2 -3 -1 -6
right_child=1 3 -4 -5 5 -7
leaf_value=-0.086349173267691481 -0.0085045440659765794 -0.051550730483972351 -0.084651529648138435 0.0035315383534141433 -0.042449560516620452 0.018252183121841101
leaf_weight=3.9733609259128562 28.514989450573921 13.295159228146074 14.915736630558966 444.80377931892872 9.93193171918392 124.87691210955381
leaf_count=17 81 51 64 1118 34 273
internal_value=0.00136635 -0.00124555 -0.0347714 0.001922 0.0108413 0.0137429
internal_weight=640.312 501.53 43.4307 458.099 138.782 134.809
internal_count=1638 1314 145 1169 324 307
is_linear=0
shrinkage=0.05


Tree=77
num_leaves=7
num_cat=0
split_feature=39 57 57 3 35 47
split_gain=6.25252 15.2413 16.7277 13.3406 6.76016 13.3268
threshold=3.4488172531127934 1.4294255375862124 1.1451872587203982 -2832.693969726562 1.3501407504081728 0.3776224553585053
decision_type=2 2 2 2 2 2
left_child=1 2 -1 -3 5 -2
right_child=4 3 -4 -5 -6 -7
leaf_value=-0.002312224985066834 -0.051307768326840468 -0.0088834234550997839 0.01720138723254095 -0.059389434451785385 0.058440345705156244 0.044993876127718907
leaf_weight=393.18893601000309 6.1696076393127468 52.185274504125118 152.23188218474388 17.596960246562958 9.741938188672064 8.572628974914549
leaf_count=1040 23 144 338 66 13 14
internal_value=0.0012964 0.000302016 0.00312503 -0.0216912 0.0260776 0.0043526
internal_weight=639.687 615.203 545.421 69.7822 24.4842 14.7422
internal_count=1638 1588 1378 210 50 37
is_linear=0
shrinkage=0.05


Tree=78
num_leaves=8
num_cat=0
split_feature=58 21 19 8 44 46 21
split_gain=6.17031 15.4654 18.3846 13.0164 17.7325 17.5559 9.87161
threshold=-5479.9999999999991 815.29202270507824 510521.12500000006 2.3335499763488774 1.0000000180025095e-35 1.5284684896469118 322.78297424316412
decision_type=2 2 2 2 2 2 2
left_child=1 6 -3 4 -2 -5 -1
right_child=3 2 -4 5 -6 -7 -8
leaf_value=0.0096217107945237058 0.024645689755322445 -0.090850444759501742 0.043127421189392716 -0.0096511927432023775 -0.0023370067909005911 -0.078194390512937112 0.049489386510522371
leaf_weight=117.55092088133097 77.276132009923458 7.5827918350696546 3.8080497533082962 118.69754722714424 286.09627195447683 10.177739441394804 18.014872401952744
leaf_count=286 163 32 6 321 759 42 29
internal_value=0.00123187 0.0102269 -0.0456216 -0.00144338 0.00338747 -0.0151031 0.0149565
internal_weight=639.204 146.957 11.3908 492.248 363.372 128.875 135.566
internal_count=1638 353 38 1285 922 363 315
is_linear=0
shrinkage=0.05


Tree=79
num_leaves=8
num_cat=0
split_feature=29 14 23 6 55 38 10
split_gain=6.18394 10.1771 10.2132 9.93623 9.17726 11.4434 6.61136
threshold=181.3028259277344 171.30000305175784 2.5000000000000004 -60637697.999999993 0.58876207470893871 1.0000000180025095e-35 0.00078299999586306523
decision_type=2 2 2 2 2 2 2
left_child=1 2 -1 -3 5 -2 -6
right_child=4 3 -4 -5 6 -7 -8
leaf_value=-0.017868667242167239 0.021131046050154059 0.01869017777770501 0.0030450183780955601 -0.080826408813186312 0.067295963485105581 -0.046274897244490354 0.0082312186709344558
leaf_weight=65.869678318500519 20.356389760971073 3.6681042164564133 512.03981880843639 7.4687822759151441 12.193328797817232 9.1153817772865278 8.0905242860317212
leaf_count=199 42 8 1295 32 14 30 18
internal_value=0.00117023 -0.000251169 0.000652641 -0.0476001 0.0180984 0.000113276 0.0439836
internal_weight=638.802 589.046 577.909 11.1369 49.7556 29.4718 20.2839
internal_count=1638 1534 1494 40 104 72 32
is_linear=0
shrinkage=0.05


Tree=80
num_leaves=8
num_cat=0
split_feature=46 31 5 46 55 19 33
split_gain=6.18002 18.3285 16.2758 15.3037 12.9086 20.8807 15.9411
threshold=-0.79817926883697499 -7.2069454193115225 18261.365234375004 -0.99877753853797901 -0.34888632595539087 30390.300781250004 1.1874297857284548
decision_type=2 2 2 2 2 2 2
left_child=1 2 -1 -3 5 -2 -6
right_child=4 3 -4 -5 6 -7 -8
leaf_value=-0.066518534387764325 -0.042882635729920709 -0.0072698509761111628 0.066703861133795297 0.029612497085515888 0.0086988377925003666 -0.0010560847994475881 -0.017564351231960103
leaf_weight=12.26961963623762 44.106651037931442 42.80901001393795 2.7839456349611273 80.954981088638306 290.28023080527782 93.038841433823109 72.058093428611755
leaf_count=50 155 111 4 159 698 249 212
internal_value=0.00111293 0.0104497 -0.0415488 0.0168148 -0.00147196 -0.0145442 0.00346209
internal_weight=638.301 138.818 15.0536 123.764 499.484 137.145 362.338
internal_count=1638 324 54 270 1314 404 910
is_linear=0
shrinkage=0.05


Tree=81
num_leaves=8
num_cat=0
split_feature=34 55 40 50 59 47 23
split_gain=6.22936 7.3659 16.9966 12.1396 5.94632 12.6314 2.69874
threshold=1.4005063176155093 1.5099571347236636 3.0783852338790898 -0.0031450920505449171 0.9656260907649995 0.13364458829164508 83.500000000000014
decision_type=2 2 2 2 2 2 2
left_child=1 2 -1 -3 5 -2 -6
right_child=4 3 -4 -5 6 -7 -8
leaf_value=-0.00064476862085330159 -0.074514454256271553 0.067865054436682851 -0.089331261673044171 0.0023540159117399037 0.04805213386662522 0.029810510747527191 0.011527883699721983
leaf_weight=562.19861651957035 4.4410969391465178 10.283410459756849 5.4567812681198111 23.189112469553947 15.737810164690019 8.3213204592466337 8.05011437833309
leaf_count=1467 23 13 23 57 23 15 17
internal_value=0.00105648 -0.00015384 -0.00150611 0.0226297 0.0210989 -0.00610097 0.0359021
internal_weight=637.678 601.128 567.655 33.4725 36.5503 12.7624 23.7879
internal_count=1638 1560 1490 70 78 38 40
is_linear=0
shrinkage=0.05


Tree=82
num_leaves=8
num_cat=0
split_feature=60 37 54 56 57 12 2
split_gain=5.96837 12.5049 26.7197 12.0047 11.7704 12.3636 9.75169
threshold=-0.0034648233558982606 -2.1774512529373165 0.37441298365592962 -1.2324256896972654 1.4294255375862124 321057.81250000006 21972.268554687504
decision_type=2 2 2 2 2 2 2
left_child=4 2 -2 -3 6 -6 -1
right_child=1 3 -4 -5 5 -7 -8
leaf_value=-1.0663563459757025e-05 -0.053411878181545483 -0.077058279303153454 0.010182158207162379 0.0024846958592177884 -0.0013893654534023205 -0.088074372526692368 0.031832083092596594
leaf_weight=40.50976075232029 33.10533069819212 4.7921267896890631 32.750621788203716 442.5037524625659 20.033616229891781 5.2170979753136626 58.046520456671715
leaf_count=101 123 22 80 1125 53 23 111
internal_value=0.00100548 -0.00136321 -0.0217102 0.00162133 0.0108635 -0.0194975 0.018693
internal_weight=636.959 513.152 65.856 447.296 123.807 25.2507 98.5563
internal_count=1638 1350 203 1147 288 76 212
is_linear=0
shrinkage=0.05


Tree=83
num_leaves=6
num_cat=0
split_feature=10 10 3 21 1
split_gain=6.05151 15.5658 20.7119 8.51982 6.62015
threshold=-0.0011449999874457715 -0.00072750000981613983 -3126.162963867187 -4039.8757324218745 9933.0449218750018
decision_type=2 2 2 2 2
left_child=4 2 -2 -3 -1
right_child=1 3 -4 -5 -6
leaf_value=0.077436939325246729 -0.069777474389904517 -0.053287454157864726 0.0064194059270329899 0.0028781610185870791 0.0015575071898859963
leaf_weight=5.369091331958769 17.892608053982258 6.8239645510911933 17.563697546720505 582.17253629118204 6.4849265217781067
leaf_count=7 76 25 45 1468 17
internal_value=0.00095405 0.000274163 -0.0318914 0.00221895 0.0363477
internal_weight=636.307 624.453 35.4563 588.997 11.854
internal_count=1638 1614 121 1493 24
is_linear=0
shrinkage=0.05


Tree=84
num_leaves=7
num_cat=0
split_feature=70 54 36 62 9 23
split_gain=6.01391 14.431 12.2761 22.3997 18.3046 9.42666
threshold=1867.8004150390627 4.9762337207794198 -1.1364486217498777 70.969150543212905 949908.28125000012 2.5000000000000004
decision_type=2 2 2 2 2 2
left_child=1 5 3 -2 -4 -1
right_child=2 -3 4 -5 -6 -7
leaf_value=-0.029510009045971838 -0.022175145980194627 -0.083153913417964756 -0.0006728980962680594 0.023632677918855486 -0.028592909747158779 0.013695028529715795
leaf_weight=13.564381808042524 37.184241257607937 4.1972152590751639 237.76947523653507 93.90400142967701 78.121310956776142 171.21202857792377
leaf_count=42 120 20 623 200 246 387
internal_value=0.000906326 0.00838981 -0.00224635 0.0106008 -0.00759348 0.0104963
internal_weight=635.953 188.974 446.979 131.088 315.891 184.776
internal_count=1638 449 1189 320 869 429
is_linear=0
shrinkage=0.05


Tree=85
num_leaves=8
num_cat=0
split_feature=48 23 33 7 30 57 5
split_gain=6.12507 23.9852 16.2493 15.9284 19.6151 16.6801 9.86075
threshold=-0.72819209098815907 2.5000000000000004 -1.4760496616363523 2.777942538261414 114.93850708007814 0.68245813250541698 386559.93750000006
decision_type=2 2 2 2 2 2 2
left_child=3 6 -3 5 -5 -1 -2
right_child=1 2 -4 4 -6 -7 -8
leaf_value=-0.062385731101750885 -0.077791084006086544 -0.053249454713884127 0.0018477458466991091 -0.055703534380005915 0.04968291964019745 0.018837785171807384 0.016129159769115654
leaf_weight=6.5949824601411811 14.174066737294199 13.806842364370821 434.23413602262735 17.593066908419136 5.8477390259504309 139.78398748487234 3.3768514394760123
leaf_count=25 64 55 1106 66 10 304 8
internal_value=0.000859792 -0.00209626 0.000138709 0.0089938 -0.0291996 0.0151442 -0.0594357
internal_weight=635.412 465.592 448.041 169.82 23.4408 146.379 17.5509
internal_count=1638 1233 1161 405 76 329 72
is_linear=0
shrinkage=0.05


Tree=86
num_leaves=8
num_cat=0
split_feature=38 64 47 29 39 72 49
split_gain=6.05118 13.5829 23.1437 11.0679 12.8613 9.24843 5.77109
threshold=2.3010951280593877 64.638458251953139 -1.0924028158187864 73.504810333251967 1.09257447719574 -2547923.3749999995 -0.62619173526763905
decision_type=2 2 2 2 2 2 2
left_child=1 2 -1 6 -5 -3 -2
right_child=3 5 -4 4 -6 -7 -8
leaf_value=-0.081705011852898191 0.064150678095084124 -0.083212843946014858 -0.0078146324916583913 -0.058269658983236508 0.037630441886378353 0.0045234679780100035 0.018579759005606124
leaf_weight=11.501424223184584 11.274787917733194 3.0193137228488913 138.92633258551359 8.270695745944975 5.9983423352241507 436.30304712057114 19.307903483510017
leaf_count=50 14 13 391 34 11 1084 41
internal_value=0.000815923 -0.000522298 -0.0134974 0.0185235 -0.0176053 0.0039091 0.0355437
internal_weight=634.602 589.75 150.428 44.8517 14.269 439.322 30.5827
internal_count=1638 1538 441 100 45 1097 55
is_linear=0
shrinkage=0.05


Tree=87
num_leaves=8
num_cat=0
split_feature=26 49 1 28 30 54 39
split_gain=5.87385 19.7148 10.6706 16.13 9.39491 8.7423 8.68303
threshold=0.13964258134365085 -0.58937615156173695 4238.3439941406259 567.40625000000011 56.482675552368171 0.29022888839244848 -0.091941710561513887
decision_type=2 2 2 2 2 2 2
left_child=1 6 3 -2 -4 -3 -1
right_child=2 5 4 -5 -6 -7 -8
leaf_value=-0.083419431931233523 -0.028683779061802112 0.011590567622191447 -0.015859973781900148 0.054835167951778375 0.0043468732555183567 0.067577374101658913 0.025539917628731246
leaf_weight=5.564649760723114 55.862142525613308 14.063061624765398 65.495230503380299 6.4125911444425574 469.45073624700308 14.339729636907576 2.6343443393707258
leaf_count=24 181 34 193 12 1171 18 5
internal_value=0.000775153 0.0202209 -0.000408244 -0.0200033 0.00186353 0.0400327 -0.0478009
internal_weight=633.822 36.6018 597.221 62.2747 534.946 28.4028 8.19899
internal_count=1638 81 1557 193 1364 52 29
is_linear=0
shrinkage=0.05


Tree=88
num_leaves=8
num_cat=0
split_feature=46 31 71 46 26 2 56
split_gain=5.82482 15.9925 13.9039 13.4691 11.5206 17.9608 12.4541
threshold=-0.79817926883697499 -7.2069454193115225 134718.67187500003 -0.99877753853797901 0.13964258134365085 4578.3144531250009 -0.37622071802616114
decision_type=2 2 2 2 2 2 2
left_child=1 2 -1 -3 6 -6 -2
right_child=4 3 -4 -5 5 -7 -8
leaf_value=-0.062978946487200121 -0.04227874958546568 -0.0068923643754611455 0.060331831646718459 0.027866096820127396 -0.043917661172506534 -0.0013043995264688541 0.043178699706766327
leaf_weight=11.933870814740656 5.0978334397077587 42.416661858558655 2.7880413383245459 80.173020854592323 26.222367331385612 440.05801469087601 24.655495181679726
leaf_count=50 18 111 4 159 95 1158 43
internal_value=0.000737053 0.00985629 -0.0392867 0.0157987 -0.00177725 -0.00371158 0.0283687
internal_weight=633.345 137.312 14.7219 122.59 496.034 466.28 29.7533
internal_count=1638 324 54 270 1314 1253 61
is_linear=0
shrinkage=0.05


Tree=89
num_leaves=7
num_cat=0
split_feature=39 27 52 48 7 43
split_gain=5.77461 11.3312 8.72189 8.28577 9.09997 3.50287
threshold=3.4488172531127934 -63415.999999999993 0.036490149796009071 -0.50384169816970814 2.1025316715240483 330.87500000000006
decision_type=2 2 2 2 2 2
left_child=1 -1 -3 4 -2 -5
right_child=3 2 -4 5 -6 -7
leaf_value=-0.087842269605589413 0.025302310656336841 0.00077807849358817443 -0.07366678833219345 0.079791472596229623 -0.085539209367744617 0.028618142996428737
leaf_weight=3.6695032790303221 4.6913136541843441 600.95770463347435 3.9598267674446097 5.1385228633880642 3.0199305266141891 11.131811380386351
leaf_count=17 10 1552 19 5 13 22
internal_value=0.000699541 -0.000240644 0.000282492 0.0247674 -0.0174578 0.0450871
internal_weight=632.569 608.587 604.918 23.9816 7.71124 16.2703
internal_count=1638 1588 1571 50 23 27
is_linear=0
shrinkage=0.05


Tree=90
num_leaves=8
num_cat=0
split_feature=69 69 61 35 18 45 49
split_gain=5.68676 19.4648 23.6516 18.3958 17.3169 12.4775 10.7792
threshold=51.333366394042976 68.518379211425795 374.92822265625006 -1.7272459268569944 578.42297363281261 -1.1280686259269712 1.3008913993835451
decision_type=2 2 2 2 2 2 2
left_child=3 6 -3 5 -5 -1 -2
right_child=1 2 -4 4 -6 -7 -8
leaf_value=-0.088422379649514993 0.02694128142472392 -0.0080445810013921887 0.041360703843179331 -0.004555307110767101 -0.043492511481234258 0.0095851458395742467 -0.030620787908945315
leaf_weight=3.3169454932212821 101.23410651832819 229.66480872780085 27.066373690962791 76.926911562681198 45.730611875653267 139.48086109012365 8.7639362812042219
leaf_count=14 206 630 46 205 163 346 28
internal_value=0.00066473 0.00470632 -0.00281646 -0.00489993 -0.0191131 0.00727359 0.0223097
internal_weight=632.185 366.729 256.731 265.455 122.658 142.798 109.998
internal_count=1638 910 676 728 368 360 234
is_linear=0
shrinkage=0.05


Tree=91
num_leaves=8
num_cat=0
split_feature=34 55 52 50 19 43 5
split_gain=5.8059 6.70889 16.4629 10.6514 5.75686 15.7192 2.81898
threshold=1.4005063176155093 1.5099571347236636 0.019224685616791252 -0.0031450920505449171 16799.869140625004 6165.8698730468759 2213.2399902343755
decision_type=2 2 2 2 2 2 2
left_child=1 2 -1 -3 6 -6 -2
right_child=4 3 -4 -5 5 -7 -8
leaf_value=3.2964039487069666e-05 0.017795678025182018 0.064186048543145149 -0.041008266463348313 0.0022966115738442942 0.021674985178346626 -0.10038422717398082 0.061782885321553377
leaf_weight=537.4258703738451 6.8558166623115531 10.091583326458929 25.586533837020397 22.931154161691666 16.617503173649315 3.1333479136228553 8.8504089862108213
leaf_count=1400 15 13 90 57 38 14 11
internal_value=0.000630748 -0.000530406 -0.00182331 0.0213611 0.0202908 0.00205791 0.0429007
internal_weight=631.492 596.035 563.012 33.0227 35.4571 19.7509 15.7062
internal_count=1638 1560 1490 70 78 52 26
is_linear=0
shrinkage=0.05


Tree=92
num_leaves=5
num_cat=0
split_feature=53 50 44 68
split_gain=5.85338 6.21952 9.11739 7.74331
threshold=-1.9270460009574888 -0.010969442781060932 30576.785156250004 67.771675109863295
decision_type=2 2 2 2
left_child=-1 2 -2 -3
right_child=1 3 -4 -5
leaf_value=-0.060633715283189608 0.051227557357689413 -0.0036770255947285099 -0.0012012699109020765 0.0091587505189315577
leaf_weight=3.8759087696671477 14.82640118896961 432.46677934378386 18.406276345252991 161.3048799932003
leaf_count=27 22 1158 50 381
internal_value=0.000601633 0.000988142 0.0220388 -0.000181619
internal_weight=630.88 627.004 33.2327 593.772
internal_count=1638 1611 72 1539
is_linear=0
shrinkage=0.05


Tree=93
num_leaves=8
num_cat=0
split_feature=49 46 59 18 53 53 41
split_gain=5.62563 19.5492 18.5778 11.2151 11.1944 13.7979 5.84556
threshold=-0.98468264937400807 -0.99877753853797901 0.9743640422821046 63.194999694824226 -1.6950584053993223 -1.1851647496223447 -1.0168388485908506
decision_type=2 2 2 2 2 2 2
left_child=1 2 -1 -3 6 -6 -2
right_child=4 3 -4 -5 5 -7 -8
leaf_value=-0.068717870139404127 0.020735183282917874 0.053832709768991731 0.012968206780842701 -0.0019119790701294598 0.029416261507426145 -0.0022793132825864692 -0.073371661020144516
leaf_weight=10.968477323651316 1.9904662445187566 28.271089941263199 18.858737051486969 13.002177260816095 36.799603879451752 512.67209190875292 7.8787617757916433
leaf_count=43 5 42 43 34 74 1354 43
internal_value=0.000571099 0.0138239 -0.0169029 0.0361505 -0.00110458 -0.000147475 -0.0538852
internal_weight=630.441 71.1005 29.8272 41.2733 559.341 549.472 9.86923
internal_count=1638 162 86 76 1476 1428 48
is_linear=0
shrinkage=0.05


Tree=94
num_leaves=8
num_cat=0
split_feature=44 22 46 70 30 11 29
split_gain=5.64673 13.5993 16.1345 14.9544 9.70645 18.1012 14.4319
threshold=253.00000000000003 106530.38281250001 2.1150966882705693 1151.835144042969 56.482675552368171 50.645000457763679 95.572685241699233
decision_type=2 2 2 2 2 2 2
left_child=4 2 -2 -3 5 -1 -6
right_child=1 3 -4 -5 6 -7 -8
leaf_value=0.0034902589684274836 -0.0020890949351054164 0.039405592802989997 0.048189043897243593 -0.056714019426612472 0.023362669855703663 -0.086025733312876065 -0.017663916037175664
leaf_weight=26.704165332019329 424.35633086413145 4.9770794957876232 16.579050540924072 20.521010354161263 102.64724688977003 7.1312686651945105 26.952880211174488
leaf_count=67 1123 9 27 82 218 30 82
internal_value=0.000542106 -0.00225176 -0.000187311 -0.0377559 0.00854619 -0.0152287 0.0147918
internal_weight=629.869 466.433 440.935 25.4981 163.436 33.8354 129.6
internal_count=1638 1241 1150 91 397 97 300
is_linear=0
shrinkage=0.05


Tree=95
num_leaves=6
num_cat=0
split_feature=31 31 31 33 54
split_gain=5.52319 10.0355 10.5773 6.93548 4.72437
threshold=-16.160525321960446 -11.236411571502684 -10.097908973693846 -1.4041841626167295 1.7686207294464114
decision_type=2 2 2 2 2
left_child=4 3 -3 -2 -1
right_child=1 2 -4 -5 -6
leaf_value=-0.074162055652306103 -0.032596702054610051 -0.070947342480150416 0.00028795853158508606 0.041021239090029277 0.013626921369627433
leaf_weight=4.4992011040449134 3.6329253017902401 5.2567651867866507 590.33574067056179 23.25634378939867 2.1923895180225372
leaf_count=21 12 27 1530 42 6
internal_value=0.000514686 0.00100826 -0.000332377 0.030889 -0.0446522
internal_weight=629.173 622.482 595.593 26.8893 6.69159
internal_count=1638 1611 1557 54 27
is_linear=0
shrinkage=0.05


Tree=96
num_leaves=6
num_cat=0
split_feature=71 48 24 10 67
split_gain=5.46184 6.42538 22.6617 11.7594 5.76299
threshold=1193982.2500000002 -0.79947921633720387 22.500000000000004 -0.00038650000351481134 1.0815357565879824
decision_type=2 2 2 2 2
left_child=1 3 -3 -1 -2
right_child=4 2 -4 -5 -6
leaf_value=-0.010132650232420604 0.062771922465672883 -0.040135545952414392 0.00024458708432987446 0.020484910959028654 -0.0020517483694673416
leaf_weight=48.885149605572224 7.1472574025392515 37.688016578555107 442.08255476504564 86.703428626060486 6.3126538544893265
leaf_count=136 9 136 1154 187 16
internal_value=0.000488168 -0.000192937 -0.00291702 0.00940917 0.0319984
internal_weight=628.819 615.359 479.771 135.589 13.4599
internal_count=1638 1613 1290 323 25
is_linear=0
shrinkage=0.05


Tree=97
num_leaves=8
num_cat=0
split_feature=58 21 19 8 46 68 72
split_gain=5.40391 13.7837 16.3455 10.8882 15.3638 13.9295 9.0993
threshold=-5479.9999999999991 815.29202270507824 510521.12500000006 2.3335499763488774 1.5284684896469118 67.771675109863295 -895195.99999999988
decision_type=2 2 2 2 2 2 2
left_child=1 6 -3 5 -5 -2 -1
right_child=3 2 -4 4 -6 -7 -8
leaf_value=0.019163683408946936 -0.004188060150837441 -0.087562813232464939 0.04062214317339783 -0.0095728903643718267 -0.07495849679527046 0.017166573894620309 -0.016503115168027844
leaf_weight=111.91406383365393 246.97004221379757 7.3989938274025899 3.6846263557672501 117.03905799984932 9.7712276726961118 110.43537501990795 21.132881589233875
leaf_count=250 675 32 6 321 42 247 65
internal_value=0.000463695 0.00896915 -0.044498 -0.00205769 -0.0146505 0.00239636 0.0134609
internal_weight=628.346 144.131 11.0836 484.216 126.81 357.405 133.047
internal_count=1638 353 38 1285 363 922 315
is_linear=0
shrinkage=0.05


Tree=98
num_leaves=7
num_cat=0
split_feature=45 35 35 69 10 13
split_gain=5.29269 18.7303 19.1747 11.5397 10.1558 6.05557
threshold=0.8201856017112733 -2.15943431854248 -1.2310527563095091 2.1387400627136235 -0.00096850001136772324 889179.06250000012
decision_type=2 2 2 2 2 2
left_child=3 5 -3 -1 -5 -2
right_child=1 2 -4 4 -6 -7
leaf_value=-0.07907653143554462 -0.084019941733092435 0.029041786646623127 -0.0091949323846179983 0.037783687332945091 -0.0026486080410265595 0.0084069986362172843
leaf_weight=4.8181115984916678 6.8413744270801526 80.731597565114498 54.947815127670765 16.062670305371284 462.05513298511505 2.2638950943946838
leaf_count=22 30 160 154 33 1233 6
internal_value=0.000439166 0.00883083 0.0135197 -0.00206631 -0.0012798 -0.0604902
internal_weight=627.721 144.785 135.679 482.936 478.118 9.10527
internal_count=1638 350 314 1288 1266 36
is_linear=0
shrinkage=0.05


Tree=99
num_leaves=7
num_cat=0
split_feature=34 45 3 49 43 59
split_gain=5.24717 6.37641 16.4569 13.3585 5.1451 12.5992
threshold=1.4005063176155093 0.68566167354583751 8506.8945312500018 -0.064203757792711244 1.0000000180025095e-35 0.9656260907649995
decision_type=2 2 2 2 2 2
left_child=1 3 -3 -1 -2 -6
right_child=4 2 -4 -5 5 -7
leaf_value=0.00063245764765320223 0.04763498318419529 0.012301602773408223 -0.062201875281859553 -0.021038214593018988 -0.056937158723429408 0.027178539890817852
leaf_weight=356.44237389415503 11.004922449588774 139.60487630218267 7.8108172118663779 88.715536907315254 5.9223069623112705 17.789992272853851
leaf_count=926 19 327 31 276 26 33
internal_value=0.000416171 -0.000682557 0.00832012 -0.00367506 0.0193139 0.00595921
internal_weight=627.291 592.574 147.416 445.158 34.7172 23.7123
internal_count=1638 1560 358 1202 78 59
is_linear=0
shrinkage=0.05


end of trees

feature_importances:
ret_lag1=28
z_btc_4=25
macro_score=20
ret_skew_10=20
Agg._Funding_Rate=19
z_delta_qty=18
ret_kurt_10=18
z_ls=17
z_bid_trades=17
ema_fast=16
ret_skew_20=16
rsi=16
liq_short_5=15
z_ask_qty=15
z_bid_qty=12
atr_ratio_lag1=12
Bid_USD=11
Bid_Trades=11
z_cvd_20=11
vol_regime=11
price_atr=11
stoch_k=11
Delta_USD=10
Ask_Trades=10
z_cvd_4=10
z_cvd_10=10
atr_ratio=10
liq_short_5_mean=10
Candle_Delta=9
btc_cvd_mom=9
liq_long_5=9
cvd_accel=9
pull_ema8=9
Sell_Qty=8
z_btc_20=8
log_ret_3=8
ret_kurt_20=8
liq_long_5_mean=8
Agg._Liq_Long=7
Whale_Ind=7
Price_Low=7
Delta_Qty=7
z_ask_trades=7
log_ret_5=7
Buy_Qty=6
Agg._OI=5
cvd_delta=5
Agg._Liq_Short=4
RSI=4
Bid_Qty=4
Ask_Qty=4
atr=4
ema_slow=4
funding=4
log_ret_1=4
pull_ema50=4
btc_CVD=4
Long/Short_Ratio_(Account)=3
Net_Shorts=3
Price_High=3
z_btc_10=3
ema_8=3
ema_21=3
ema_50=3
pull_ema21=3
CVD=2
Net_Longs=2
z_oi=2
Mid_Price=1
Ask_USD=1

parameters:
[boosting: gbdt]
[objective: binary]
[metric: binary_logloss]
[tree_learner: serial]
[device_type: cpu]
[data_sample_strategy: bagging]
[data: ]
[valid: ]
[num_iterations: 100]
[learning_rate: 0.05]
[num_leaves: 31]
[num_threads: 1]
[seed: 42]
[deterministic: 0]
[force_col_wise: 0]
[force_row_wise: 0]
[histogram_pool_size: -1]
[max_depth: 3]
[min_data_in_leaf: 10]
[min_sum_hessian_in_leaf: 0.001]
[bagging_fraction: 0.8]
[pos_bagging_fraction: 1]
[neg_bagging_fraction: 1]
[bagging_freq: 0]
[bagging_seed: 400]
[bagging_by_query: 0]
[feature_fraction: 0.8]
[feature_fraction_bynode: 1]
[feature_fraction_seed: 30056]
[extra_trees: 0]
[extra_seed: 12879]
[early_stopping_round: 0]
[early_stopping_min_delta: 0]
[first_metric_only: 0]
[max_delta_step: 0]
[lambda_l1: 0.1]
[lambda_l2: 0]
[linear_lambda: 0]
[min_gain_to_split: 0]
[drop_rate: 0.1]
[max_drop: 50]
[skip_drop: 0.5]
[xgboost_dart_mode: 0]
[uniform_drop: 0]
[drop_seed: 17869]
[top_rate: 0.2]
[other_rate: 0.1]
[min_data_per_group: 100]
[max_cat_threshold: 32]
[cat_l2: 10]
[cat_smooth: 10]
[max_cat_to_onehot: 4]
[top_k: 20]
[monotone_constraints: ]
[monotone_constraints_method: basic]
[monotone_penalty: 0]
[feature_contri: ]
[forcedsplits_filename: ]
[refit_decay_rate: 0.9]
[cegb_tradeoff: 1]
[cegb_penalty_split: 0]
[cegb_penalty_feature_lazy: ]
[cegb_penalty_feature_coupled: ]
[path_smooth: 0]
[interaction_constraints: ]
[verbosity: -1]
[saved_feature_importance_type: 0]
[use_quantized_grad: 0]
[num_grad_quant_bins: 4]
[quant_train_renew_leaf: 0]
[stochastic_rounding: 1]
[linear_tree: 0]
[max_bin: 63]
[max_bin_by_feature: ]
[min_data_in_bin: 3]
[bin_construct_sample_cnt: 200000]
[data_random_seed: 175]
[is_enable_sparse: 1]
[enable_bundle: 1]
[use_missing: 1]
[zero_as_missing: 0]
[feature_pre_filter: 1]
[pre_partition: 0]
[two_round: 0]
[header: 0]
[label_column: ]
[weight_column: ]
[group_column: ]
[ignore_column: ]
[categorical_feature: ]
[forcedbins_filename: ]
[precise_float_parser: 0]
[parser_config_file: ]
[objective_seed: 16083]
[num_class: 1]
[is_unbalance: 0]
[scale_pos_weight: 4.78799]
[sigmoid: 1]
[boost_from_average: 1]
[reg_sqrt: 0]
[alpha: 0.9]
[fair_c: 1]
[poisson_max_delta_step: 0.7]
[tweedie_variance_power: 1.5]
[lambdarank_truncation_level: 30]
[lambdarank_norm: 1]
[label_gain: ]
[lambdarank_position_bias_regularization: 0]
[eval_at: ]
[multi_error_top_k: 1]
[auc_mu_weights: ]
[num_machines: 1]
[local_listen_port: 12400]
[time_out: 120]
[machine_list_filename: ]
[machines: ]
[gpu_platform_id: -1]
[gpu_device_id: -1]
[gpu_use_dp: 0]
[num_gpu: 1]

end of parameters

pandas_categorical:[]
