tree
version=v4
num_class=1
num_tree_per_iteration=1
label_index=0
max_feature_idx=72
objective=binary sigmoid:1
feature_names=Candle Buy_Qty Sell_Qty Candle_Delta Agg._Liq_Long Agg._Liq_Short CVD Long/Short_Ratio_(Account) Whale_Ind Agg._OI Agg._Funding_Rate RSI Net_Shorts Net_Longs Price_Low Price_High Mid_Price Bid_Qty Ask_Qty Bid_USD Ask_USD Delta_Qty Delta_USD Bid_Trades Ask_Trades total_qty atr cvd_delta btc_cvd_mom ema_fast ema_slow macro_score macro z_cvd_4 z_btc_4 z_cvd_10 z_btc_10 z_cvd_20 z_btc_20 vol_regime z_oi z_ls funding liq_long_5 liq_short_5 z_bid_qty z_ask_qty z_delta_qty z_bid_trades z_ask_trades log_ret_1 log_ret_3 log_ret_5 ret_skew_10 ret_kurt_10 ret_skew_20 ret_kurt_20 atr_ratio cvd_accel atr_ratio_lag1 ret_lag1 price_atr ema_8 ema_21 ema_50 pull_ema8 pull_ema21 pull_ema50 rsi stoch_k liq_long_5_mean liq_short_5_mean btc_CVD
feature_infos=[201:114377] [118026.796875:55299708] [214241.203125:64490492] [-9190785:5633002.5] [0:4519884.5] [0:1055342] [-6140361216:-24326368] [0:5.159761905670166] [0:3.825700044631958] [0:127017816] [-0.0043839998543262482:0.0084260003641247749] [0:91.889999389648438] [0:56379796] [0:85811784] [0.37000000476837158:5.3000001907348633] [0.37000000476837158:5.3000001907348633] [0.37000000476837158:5.3000001907348633] [0:571867.6875] [0:1224947.25] [0:425492.8125] [0:1097422] [-757851.9375:407766.5] [-242975.1875:678926.625] [0:1023] [0:1055] [0:361111.8125] [0.0007142850081436336:0.29642853140830994] [-24876032:12998400] [-12251.625:6733.875] [0.38175344467163086:5.0810546875] [0.39420300722122192:4.7734789848327637] [-38.955047607421875:19.188671112060547] [-1:1] [-1.5:1.5] [-1.4992080926895142:1.499639630317688] [-2.8341484069824219:2.8377916812896729] [-2.8068037033081055:2.8376624584197998] [-4.147341251373291:4.0559248924255371] [-4.183351993560791:4.1573562622070312] [-2.6591720581054688:8.9339122772216797] [-5.4421248435974121:5.4527802467346191] [-4.655207633972168:6.4295916557312012] [-0.0043839998543262482:0.0084260003641247749] [0:6293688.5] [0:3468975.25] [-1.4108594655990601:2.8185346126556396] [-1.4310462474822998:2.8383870124816895] [-2.8371806144714355:2.820453405380249] [-1.6040887832641602:2.8087997436523438] [-1.4466338157653809:2.7417879104614258] [-0.31481072306632996:0.039220679551362991] [-0.4855077862739563:0.19885088503360748] [-0.4855077862739563:0.097163811326026917] [-3.1622776985168457:3.1622776985168457] [-3:10] [-4.4721360206604004:4.4721360206604004] [-3:20] [0.30000001192092896:3] [-5593184:7748096] [0.30000001192092896:3] [-0.11697165668010712:0.063591085374355316] [8.2313270568847656:1189.9940185546875] [0.37047374248504639:5.2538528442382812] [0.37274309992790222:5.2339963912963867] [0.37504434585571289:5.2189459800720215] [-11.03034782409668:5.8856611251831055] [-13.494111061096191:8.4825010299682617] [-15.649369239807129:11.04521369934082] [0:100] [0:100] [0:1810093.75] [0:2696062.75] [-2642617:-964111.4375]
tree_sizes=753 659 863 972 970 765 966 965 871 766 969 871 975 766 979 660 767 968 972 767 774 975 661 767 875 975 764 967 977 771 978 774 770 970 983 866 863 771 771 770 972 772 873 771 978 878 769 880 770 771 875 667 772 671 773 973 975 985 880 976 679 771 769 873 981 982 881 862 775 879 981 656 668 778 772 977 749 976 665 669 670 774 769 953 970 863 882 676 975 679 984 774 754 983 879 669 751 875 975 769

Tree=0
num_leaves=6
num_cat=0
split_feature=26 55 58 59 45
split_gain=74.2402 41.5902 39.2533 21.6005 2.32474
threshold=0.0020285717328079049 0.81220874190330516 -490495.99999999994 1.806229889392853 -0.46505317091941828
decision_type=2 2 2 2 2
left_child=4 2 -2 -3 -1
right_child=1 3 -4 -5 -6
leaf_value=-1.2761395268716951 -1.4149224184456251 -1.4889874361417372 -1.3509894084360887 -1.3074359306486634 -1.216407201607975
leaf_weight=3.403356060385704 32.076338693499565 10.754969507455824 99.515328377485275 1.9299122691154469 6.9107504785060865
leaf_count=9 154 64 380 6 12
internal_value=-1.36555 -1.37487 -1.36654 -1.46176 -1.23563
internal_weight=154.591 144.277 131.592 12.6849 10.3141
internal_count=625 604 534 70 21
is_linear=0
shrinkage=1


Tree=1
num_leaves=5
num_cat=0
split_feature=26 56 70 34
split_gain=51.218 34.624 38.1447 1.5149
threshold=0.0020285717328079049 -1.3072846531867979 242595.67968750003 -0.55724358558654774
decision_type=2 2 2 2
left_child=3 -2 -3 -1
right_child=1 2 -4 -5
leaf_value=0.21934160939308592 0.18669032627185145 0.066576431368132613 0.13581585127611479 0.17422665861012004
leaf_weight=4.5686145424842834 7.8103499710559836 120.90457734465599 24.042208731174469 7.2556234151124936
leaf_count=6 18 510 76 15
internal_value=0.091499 0.0836807 0.0780956 0.192081
internal_weight=164.581 152.757 144.947 11.8242
internal_count=625 604 586 21
is_linear=0
shrinkage=0.05


Tree=2
num_leaves=7
num_cat=0
split_feature=18 49 56 12 23 12
split_gain=38.9262 48.5034 33.6916 35.2475 23.5457 12.4946
threshold=88251.699218750015 0.74994662404060375 -1.3072846531867979 21834608.000000004 518.00000000000011 24848520.000000004
decision_type=2 2 2 2 2 2
left_child=2 5 -1 -4 -3 -2
right_child=1 4 3 -5 -6 -7
leaf_value=0.16078151919434258 0.094433480077609572 -0.027185325922160247 0.095543594972017754 0.041482525891805413 0.1224072737938201 0.18190300911278517
leaf_weight=9.5576825588941556 5.3989427387714413 6.0302926748990995 50.426142409443855 76.335007712244987 4.6133057475090027 21.058981657028198
leaf_count=19 17 32 176 330 13 38
internal_value=0.0823575 0.127927 0.0699182 0.0630277 0.0371835 0.164243
internal_weight=173.42 37.1015 136.319 126.761 10.6436 26.4579
internal_count=625 100 525 506 45 55
is_linear=0
shrinkage=0.05


Tree=3
num_leaves=8
num_cat=0
split_feature=24 6 40 19 71 55 49
split_gain=39.3281 38.0666 44.5945 35.0501 49.5701 33.3093 18.8297
threshold=113.50000000000001 -3657894015.9999995 0.22848863899707797 527.37500000000011 71045.035156250015 0.81220874190330516 0.74994662404060375
decision_type=2 2 2 2 2 2 2
left_child=3 2 -2 5 -5 -1 -3
right_child=1 6 -4 4 -6 -7 -8
leaf_value=0.11286699163129135 -0.013076384808571496 0.14969954754401635 0.11230567906095795 0.077659104191597522 -0.0053787291793124621 -0.061529611176368848 0.078982867937942625
leaf_weight=30.440254017710686 12.725005537271501 34.016373425722122 15.837579160928724 34.957627922296524 36.774949818849564 2.9700095355510703 13.515606060624121
leaf_count=87 63 67 45 121 178 18 46
internal_value=0.0747468 0.102202 0.0562713 0.0548295 0.0350186 0.0972143 0.129697
internal_weight=181.237 76.0946 28.5626 105.143 71.7326 33.4103 47.532
internal_count=625 221 108 404 299 105 113
is_linear=0
shrinkage=0.05


Tree=4
num_leaves=8
num_cat=0
split_feature=24 13 40 17 71 44 12
split_gain=31.7429 31.2436 32.7572 28.8503 41.3454 23.0169 17.1878
threshold=113.50000000000001 48095986.000000007 0.41434566676616674 244.34999847412112 71045.035156250015 1489.2849731445315 27966606.000000004
decision_type=2 2 2 2 2 2 2
left_child=3 6 -3 5 -5 -1 -2
right_child=1 2 -4 4 -6 -7 -8
leaf_value=-0.016407568214580705 0.08590705761305327 -0.037446682469526225 0.090719071516007055 0.070131562418961832 -0.0049499646336012178 0.10350531908485799 0.14068501932663272
leaf_weight=4.524024933576583 32.496214494109154 8.3032916039228457 12.328839838504789 36.580926045775414 36.531238794326782 30.557605862617493 26.806215792894363
leaf_count=22 94 45 35 122 177 83 47
internal_value=0.0682976 0.0922682 0.0388971 0.0505417 0.0325479 0.0878992 0.110752
internal_weight=188.128 79.9346 20.6321 108.194 73.1122 35.0816 59.3024
internal_count=625 221 80 404 299 105 141
is_linear=0
shrinkage=0.05


Tree=5
num_leaves=6
num_cat=0
split_feature=26 55 69 57 24
split_gain=26.5701 23.5617 25.4308 19.0249 5.14462
threshold=0.0021428593900054698 0.81220874190330516 6.6666612625122079 2.8809524774551396 170.50000000000003
decision_type=2 2 2 2 2
left_child=4 2 -2 -3 -1
right_child=1 3 -4 -5 -6
leaf_value=0.082998907463741653 0.018593558270420776 -0.028273271531021511 0.071278358633470762 0.1357887980017761 0.13932500773105633
leaf_weight=6.9749440997839001 28.01411871612072 12.305783390998839 132.62598699331284 2.0610038489103308 12.131222397089003
leaf_count=17 115 66 409 3 15
internal_value=0.0627999 0.0566331 0.0621218 -0.00438954 0.119024
internal_weight=194.113 175.007 160.64 14.3668 19.1062
internal_count=625 593 524 69 32
is_linear=0
shrinkage=0.05


Tree=6
num_leaves=8
num_cat=0
split_feature=24 23 71 13 40 44 45
split_gain=23.8779 32.0227 37.0821 24.237 26.969 20.2495 14.5204
threshold=113.50000000000001 5.5000000000000009 75737.347656250015 48095986.000000007 0.41434566676616674 1489.2849731445315 0.63814407587051403
decision_type=2 2 2 2 2 2 2
left_child=1 5 -3 6 -5 -1 -2
right_child=3 2 -4 4 -6 -7 -8
leaf_value=-0.0194275954782775 0.10981084122732424 0.055064317099857978 -0.017578663379041109 -0.03792910349564399 0.076391231138124363 0.089045499779145165 0.057922654585350855
leaf_weight=4.7638594359159461 43.825655803084373 38.704798489809036 32.028647854924202 8.3758634477853793 13.267107874155043 38.30786058306694 20.206714332103729
leaf_count=23 82 126 157 45 35 98 59
internal_value=0.0580036 0.0428963 0.0221003 0.0780126 0.0319181 0.076932 0.0935146
internal_weight=199.481 113.805 70.7334 85.6753 21.643 43.0717 64.0324
internal_count=625 404 283 221 80 121 141
is_linear=0
shrinkage=0.05


Tree=7
num_leaves=8
num_cat=0
split_feature=44 0 70 3 44 21 38
split_gain=21.7395 33.8849 30.5923 26.5035 24.2447 20.094 8.7511
threshold=243690.54687500003 55006.500000000007 141830.77343750003 -1453359.3749999998 17085.650390625004 2663.299926757813 1.9292098283767702
decision_type=2 2 2 2 2 2 2
left_child=3 2 -2 5 -5 -1 -3
right_child=1 6 -4 4 -6 -7 -8
leaf_value=-0.066693285716413045 -0.066010206865190907 -0.066071148503951807 0.10483442220778472 0.04193025562018083 0.081105451955638716 0.067968822880964383 0.052968100927761823
leaf_weight=6.9516211897134763 3.4055041223764446 10.632210239768026 10.962110072374342 67.050958022475243 98.655065923929214 4.5858532041311264 1.759071111679076
leaf_count=37 18 58 22 214 258 12 6
internal_value=0.0538283 0.0115887 0.0639917 0.0601771 0.0652839 -0.0127351 -0.0487688
internal_weight=204.002 26.7589 14.3676 177.243 165.706 11.5375 12.3913
internal_count=625 104 40 521 472 49 64
is_linear=0
shrinkage=0.05


Tree=8
num_leaves=7
num_cat=0
split_feature=26 44 40 72 36 41
split_gain=20.7451 18.3669 44.0833 26.7105 6.00379 8.24784
threshold=0.0021428593900054698 17085.650390625004 0.6952558457851411 -1789942.5624999998 -1.5686002969741819 0.86423632502555858
decision_type=2 2 2 2 2 2
left_child=4 2 -2 -3 -1 -6
right_child=1 3 -4 -5 5 -7
leaf_value=0.13638203131499027 -0.031563923239049323 0.036209297932539707 0.056582295083788009 0.082713227050148025 0.031550360928899304 0.11173113398458266
leaf_weight=7.018199265003207 23.450424805283546 75.636840999126434 35.719317764043808 52.914106905460358 5.8412230461835843 7.7333837598562241
leaf_count=7 107 258 105 123 16 9
internal_value=0.0500297 0.0447545 0.0215633 0.0553901 0.0978744 0.0775973
internal_weight=208.313 187.721 59.1697 128.551 20.5928 13.5746
internal_count=625 593 212 381 32 25
is_linear=0
shrinkage=0.05


Tree=9
num_leaves=6
num_cat=0
split_feature=56 24 23 41 69
split_gain=19.6219 22.1885 28.2943 19.8445 3.07733
threshold=-1.3072846531867979 120.50000000000001 5.5000000000000009 0.75023311376571666 28.571404457092289
decision_type=2 2 2 2 2
left_child=4 2 -2 -3 -1
right_child=1 3 -4 -5 -6
leaf_value=0.072816935808641764 0.060632449036256253 0.041433280951625275 0.0090770639735267711 0.091281477104663944 0.12344886495980734
leaf_weight=5.652636006474494 42.425507619976997 48.518330261111259 72.170494884252548 34.656003475189209 8.5612902790307981
leaf_count=11 115 139 282 67 11
internal_value=0.0466764 0.0425553 0.0282074 0.0622635 0.103665
internal_weight=211.984 197.77 114.596 83.1743 14.2139
internal_count=625 603 397 206 22
is_linear=0
shrinkage=0.05


Tree=10
num_leaves=8
num_cat=0
split_feature=44 0 3 68 54 21 34
split_gain=18.3489 27.9843 21.7169 20.8896 20.3715 17.4641 7.60256
threshold=243690.54687500003 55006.500000000007 -1453359.3749999998 62.500013351440437 -1.0838459134101865 2663.299926757813 1.3651430606842043
decision_type=2 2 2 2 2 2 2
left_child=2 3 5 -2 -4 -1 -3
right_child=1 6 4 -5 -6 -7 -8
leaf_value=-0.067034113700873171 0.079452070317467927 -0.066177200612812001 0.086053495030462723 -0.069717024752775622 0.044624956893637796 0.05644236612797341 0.041112716844416142
leaf_weight=6.9676010310649854 12.406159266829492 10.648490384221073 38.37051697075367 2.8595775961875907 137.2270439863205 4.8311191350221634 1.8938568234443671
leaf_count=37 26 58 75 14 397 12 6
internal_value=0.0436598 0.00555623 0.0492874 0.0511822 0.0537061 -0.0160515 -0.0495781
internal_weight=215.204 27.8081 187.396 15.2657 175.598 11.7987 12.5423
internal_count=625 104 521 40 472 49 64
is_linear=0
shrinkage=0.05


Tree=11
num_leaves=7
num_cat=0
split_feature=26 44 40 44 36 41
split_gain=17.2603 16.2421 37.2948 21.4394 4.96706 6.59236
threshold=0.0021428593900054698 17085.650390625004 0.6952558457851411 243690.54687500003 -1.5686002969741819 0.86423632502555858
decision_type=2 2 2 2 2 2
left_child=4 2 -2 -3 -1 -6
right_child=1 3 -4 -5 5 -7
leaf_value=0.11789095156789405 -0.033682203731546755 0.056032525840583491 0.045912473224194249 0.006213575771574404 0.024696687477532134 0.095436115839193703
leaf_weight=7.3651301860809353 24.036046162247658 107.53708091378212 37.802558764815331 27.312663778662682 5.9925739020109159 7.9882321208715439
leaf_count=7 107 279 105 102 16 9
internal_value=0.0409108 0.0362315 0.014894 0.0459792 0.0837932 0.0654728
internal_weight=218.034 196.688 61.8386 134.85 21.3459 13.9808
internal_count=625 593 212 381 32 25
is_linear=0
shrinkage=0.05


Tree=12
num_leaves=8
num_cat=0
split_feature=24 23 71 6 40 2 49
split_gain=16.2679 21.8623 27.7447 16.6835 23.0648 15.5598 10.6476
threshold=113.50000000000001 5.5000000000000009 75737.347656250015 -3657894015.9999995 0.22848863899707797 3407724.1250000005 0.74994662404060375
decision_type=2 2 2 2 2 2 2
left_child=1 5 -3 4 -2 -1 -5
right_child=3 2 -4 6 -6 -7 -8
leaf_value=0.027227845533494766 -0.022800443368629034 0.036765954520895254 -0.023468757699167429 0.08321607256419826 0.060434417205516081 0.084622731360142964 0.036065492893460345
leaf_weight=26.851763740181923 14.099095687270163 43.024393633008003 34.315085411071777 43.374622762203217 20.093307510018349 21.594974592328072 17.144781157374382
leaf_count=77 63 126 157 67 45 44 46
internal_value=0.0384162 0.0265533 0.00997551 0.0541185 0.0259666 0.0529146 0.0699412
internal_weight=220.498 125.786 77.3395 94.7118 34.1924 48.4467 60.5194
internal_count=625 404 283 221 108 121 113
is_linear=0
shrinkage=0.05


Tree=13
num_leaves=6
num_cat=0
split_feature=56 56 55 48 45
split_gain=15.6454 17.8227 20.2187 10.5068 3.07461
threshold=-1.3072846531867979 5.64491891860962 0.81220874190330516 -0.48951132595539087 -0.26432646811008448
decision_type=2 2 2 2 2
left_child=4 2 -2 -3 -1
right_child=1 3 -4 -5 -6
leaf_value=0.060872518377612719 0.031553215706285345 0.023981960678268965 -0.033783612230458657 0.092784082177702926 0.10874877495754945
leaf_weight=7.2437665909528732 168.39704939723015 8.3458677083253878 12.663141578435896 17.969641759991646 7.6776636838912946
leaf_count=13 490 25 61 27 9
internal_value=0.0361858 0.0325887 0.026956 0.0711537 0.0858418
internal_weight=222.297 207.376 181.06 26.3155 14.9214
internal_count=625 603 551 52 22
is_linear=0
shrinkage=0.05


Tree=14
num_leaves=8
num_cat=0
split_feature=23 48 36 70 69 39 38
split_gain=13.951 22.265 24.5999 23.9612 18.5077 20.5545 18.0486
threshold=89.500000000000014 -0.61898878216743458 -1.7421724200248716 133208.52343750003 6.6666612625122079 -0.32221592962741846 -1.0253288745880125
decision_type=2 2 2 2 2 2 2
left_child=1 3 -3 -1 5 -2 -6
right_child=4 2 -4 -5 6 -7 -8
leaf_value=0.013533329972818545 0.047093915237217454 0.053137101263108513 -0.014929621774021608 0.070429065584406869 0.092121089257827582 -0.071456235523434011 0.039303216470089206
leaf_weight=35.738093629479408 9.4060063213109952 18.216786816716194 48.818807646632195 38.954812481999397 28.515540882945061 5.9797629714012137 38.57563054561615
leaf_count=112 21 47 193 81 47 29 95
internal_value=0.0340761 0.0244929 0.00349278 0.0432733 0.0504832 0.000693778 0.0618267
internal_weight=224.205 141.729 67.0356 74.6929 82.4769 15.3858 67.0912
internal_count=625 433 240 193 192 50 142
is_linear=0
shrinkage=0.05


Tree=15
num_leaves=5
num_cat=0
split_feature=56 72 56 21
split_gain=14.065 16.2013 17.4917 3.89387
threshold=-1.3072846531867979 -2580078.4999999995 5.64491891860962 -51.44990158081054
decision_type=2 2 2 2
left_child=3 -2 -3 -1
right_child=1 2 -4 -5
leaf_value=0.055509465603811786 -0.068848663227952162 0.025184931671159424 0.069314000817986818 0.10875254192801882
leaf_weight=8.5657493472099286 4.1367075890302649 180.67970521748066 25.848320528864861 6.550021067261695
leaf_count=15 21 534 48 7
internal_value=0.0321332 0.028753 0.0307322 0.0789117
internal_weight=225.781 210.665 206.528 15.1158
internal_count=625 603 582 22
is_linear=0
shrinkage=0.05


Tree=16
num_leaves=6
num_cat=0
split_feature=26 36 2 9 31
split_gain=13.5398 15.2705 21.8203 13.7825 1.31577
threshold=0.0020285717328079049 1.6011901497840884 3144781.8750000005 85302324.000000015 -5.9751739501953116
decision_type=2 2 2 2 2
left_child=4 3 -3 -2 -1
right_child=1 2 -4 -5 -6
leaf_value=0.054202672606309621 0.038826968472894893 -0.073948125479266671 0.035907525892634559 0.0080389592254678094 0.086057730360684051
leaf_weight=6.5223576724529293 143.33452613651752 8.72867099940777 9.3144218623638135 49.288586914539337 10.133589446544645
leaf_count=10 369 41 25 169 11
internal_value=0.0303141 0.0268456 -0.01696 0.0309749 0.0738837
internal_weight=227.322 210.666 18.0431 192.623 16.6559
internal_count=625 604 66 538 21
is_linear=0
shrinkage=0.05


Tree=17
num_leaves=8
num_cat=0
split_feature=24 23 71 41 71 55 58
split_gain=12.97 18.0097 23.0014 13.6597 31.2498 13.1086 7.82729
threshold=113.50000000000001 5.5000000000000009 75737.347656250015 0.75023311376571666 53737.031250000007 0.67507797479629528 -857581.99999999988
decision_type=2 2 2 2 2 2 2
left_child=1 5 -3 4 -2 -1 -5
right_child=3 2 -4 6 -6 -7 -8
leaf_value=0.050462709876128331 -0.044441495339647627 0.027276779898529176 -0.02656270309132543 -0.015216861147462216 0.045794330915281754 -0.031570036098462727 0.071255738847713412
leaf_weight=45.298625305294991 12.087488308548926 45.061524376273155 35.400390625 2.7158892303705207 45.75662599503994 5.3788465261459342 36.892102301120758
leaf_count=98 47 126 157 9 103 23 62
internal_value=0.0286342 0.0183003 0.00352717 0.0424891 0.0268516 0.0416572 0.0652001
internal_weight=228.591 131.139 80.4619 97.4521 57.8441 50.6775 39.608
internal_count=625 404 283 221 150 121 71
is_linear=0
shrinkage=0.05


Tree=18
num_leaves=8
num_cat=0
split_feature=44 0 3 44 55 21 38
split_gain=13.1053 20.8585 17.5264 15.6609 14.2022 13.5917 6.86433
threshold=243690.54687500003 55006.500000000007 -1453359.3749999998 17085.650390625004 -0.14675186574459073 2663.299926757813 1.9292098283767702
decision_type=2 2 2 2 2 2 2
left_child=2 4 5 -4 -2 -1 -3
right_child=1 6 3 -5 -6 -7 -8
leaf_value=-0.069910894954739219 0.084133482394085482 -0.067491409715582193 0.017564590853743633 0.04719599461992615 -0.0094361490881838608 0.036329176947301638 0.032554768172681922
leaf_weight=7.2670269757509214 7.4649115949869183 10.892856538295744 74.616758927702904 113.34311290085316 8.6966870725154894 5.0728459358215332 1.9619637131690968
leaf_count=37 11 58 214 258 29 12 6
internal_value=0.0271062 -0.00414652 0.0316586 0.0354595 0.0334735 -0.0258311 -0.0518329
internal_weight=229.316 29.0164 200.3 187.96 16.1616 12.3399 12.8548
internal_count=625 104 521 472 40 49 64
is_linear=0
shrinkage=0.05


Tree=19
num_leaves=6
num_cat=0
split_feature=56 54 3 71 21
split_gain=12.639 14.3543 19.3307 13.5118 3.43711
threshold=-1.3072846531867979 1.4982115030288699 -1568717.0624999998 30910.477539062504 -51.44990158081054
decision_type=2 2 2 2 2
left_child=4 2 -2 -3 -1
right_child=1 3 -4 -5 -6
leaf_value=0.047801678832075201 -0.067616794220336951 -0.015747908984959553 0.017824136974520437 0.050646571531715014 0.097647468710304455
leaf_weight=8.5776361227035505 6.9237471073865882 8.710501626133917 141.62559124827385 57.685085207223892 6.6279940754175177
leaf_count=15 37 29 409 128 7
internal_value=0.0256476 0.0224968 0.0138082 0.0418609 0.0698578
internal_weight=230.151 214.945 148.549 66.3956 15.2056
internal_count=625 603 446 157 22
is_linear=0
shrinkage=0.05


Tree=20
num_leaves=6
num_cat=0
split_feature=26 44 40 51 67
split_gain=12.2073 12.6995 32.3019 17.8322 1.10807
threshold=0.0020285717328079049 17085.650390625004 0.6952558457851411 0.021609970368444923 -0.10804666206240653
decision_type=2 2 2 2 2
left_child=4 2 -2 -3 -1
right_child=1 3 -4 -5 -6
leaf_value=0.047703182282126909 -0.040601802512563408 0.033338208627961385 0.030349261310198279 -0.046785752924588496 0.077437565928947821
leaf_weight=6.3649705499410656 25.98934867978096 139.56240268051624 41.868241727352142 7.257145255804061 9.9346709549427015
leaf_count=10 110 356 107 31 11
internal_value=0.0242736 0.021072 0.00310143 0.0293437 0.0661331
internal_weight=230.977 214.677 67.8576 146.82 16.2996
internal_count=625 604 217 387 21
is_linear=0
shrinkage=0.05


Tree=21
num_leaves=8
num_cat=0
split_feature=44 6 18 71 36 55 38
split_gain=11.7413 18.4477 14.8951 18.4474 14.0989 12.485 6.25807
threshold=243690.54687500003 -3006107263.9999995 658.85000610351574 111227.26562500001 1.6011901497840884 -0.14675186574459073 1.9292098283767702
decision_type=2 2 2 2 2 2 2
left_child=2 6 3 -1 -4 -3 -2
right_child=1 5 4 -5 -6 -7 -8
leaf_value=-0.077340082494114004 -0.067039131203032828 0.075551368759417717 0.035121921527284237 0.036479229492109307 -0.014418618991095415 -0.011737727115388901 0.027541049369713584
leaf_weight=7.323061451315878 10.746188282966616 7.5696507096290615 172.71290649473667 6.8634049445390701 15.513838991522787 8.7516837120056135 2.0066064745187751
leaf_count=33 58 11 420 16 52 29 6
internal_value=0.0230049 -0.00656867 0.0272775 -0.0219219 0.0310122 0.0284396 -0.0517652
internal_weight=231.487 29.0741 202.413 14.1865 188.227 16.3213 12.7528
internal_count=625 104 521 49 472 40 64
is_linear=0
shrinkage=0.05


Tree=22
num_leaves=5
num_cat=0
split_feature=56 72 56 21
split_gain=11.2051 13.0751 14.0527 3.13539
threshold=-1.3072846531867979 -2580078.4999999995 5.64491891860962 -51.44990158081054
decision_type=2 2 2 2
left_child=3 -2 -3 -1
right_child=1 2 -4 -5
leaf_value=0.04236543176357313 -0.06913065118435599 0.015763457340275362 0.055138560831149479 0.090096535213557094
leaf_weight=8.5051715075969678 4.1151506304740897 186.77642342448235 25.960507825016975 6.608277976512908
leaf_count=15 21 534 48 7
internal_value=0.0218002 0.0188662 0.0205919 0.0635664
internal_weight=231.966 216.852 212.737 15.1134
internal_count=625 603 582 22
is_linear=0
shrinkage=0.05


Tree=23
num_leaves=6
num_cat=0
split_feature=26 1 44 5 31
split_gain=11.0822 12.3089 17.9177 8.89387 1.42473
threshold=0.0020285717328079049 5073328.5000000009 17085.650390625004 441.48001098632818 -5.9751739501953116
decision_type=2 2 2 2 2
left_child=4 2 -2 -3 -1
right_child=1 3 -4 -5 -6
leaf_value=0.040433081123108304 -0.012088265956746853 0.056831417310158908 0.022496629886807104 0.001569951647177769 0.073741832640664057
leaf_weight=6.136069491505622 53.501378819346428 29.437087506055832 123.71295657753944 9.9234831631183607 9.7113183140754682
leaf_count=10 183 58 332 31 11
internal_value=0.0206699 0.017684 0.0120272 0.0430261 0.0611603
internal_weight=232.422 216.575 177.214 39.3606 15.8474
internal_count=625 604 515 89 21
is_linear=0
shrinkage=0.05


Tree=24
num_leaves=7
num_cat=0
split_feature=24 33 60 41 71 30
split_gain=10.8664 16.4086 17.7505 12.3301 26.1864 7.27048
threshold=113.50000000000001 -1.490830063819885 -0.0083812903612852079 0.75023311376571666 53737.031250000007 0.82594740390777599
decision_type=2 2 2 2 2 2
left_child=1 -1 -3 4 -2 -5
right_child=3 2 -4 5 -6 -7
leaf_value=-0.075819540257523785 -0.047607862458678762 -0.036960531989257639 0.020654069923144381 0.076682756945047115 0.034772472791165819 0.033105277983585132
leaf_weight=5.2910175025463095 12.138080254197119 15.084855392575262 114.33976152539253 18.777493640780449 46.3829385638237 20.740731030702591
leaf_count=25 47 58 321 23 103 48
internal_value=0.0196103 0.0103394 0.0139003 0.0322985 0.0176002 0.0539381
internal_weight=232.755 134.716 129.425 98.0392 58.521 39.5182
internal_count=625 404 379 221 150 71
is_linear=0
shrinkage=0.05


Tree=25
num_leaves=8
num_cat=0
split_feature=38 48 27 1 57 70 13
split_gain=10.8854 21.3714 21.1305 16.7641 23.4605 13.3543 5.28532
threshold=-0.8084728717803954 -0.8926013410091399 -2583679.9999999995 1457675.2500000002 0.96182748675346386 65009.468750000007 51422578.000000007
decision_type=2 2 2 2 2 2 2
left_child=1 6 -3 4 -2 -5 -1
right_child=3 2 -4 5 -6 -7 -8
leaf_value=-0.078969557886988506 0.012978199262001083 -0.010218181010258712 0.046516292273929463 -0.04634629047485337 -0.058454100763580596 0.030135455826830495 0.010856540993641847
leaf_weight=5.2634913623332968 29.551674887537956 20.156711101531982 85.219344288110733 6.2044578045606604 18.734320804476738 65.466124139726162 2.2443040907382965
leaf_count=23 81 68 183 24 78 161 7
internal_value=0.0186203 0.0297813 0.0356165 0.00807565 -0.014633 0.0234447 -0.0514519
internal_weight=232.84 112.884 105.376 119.957 48.286 71.6706 7.5078
internal_count=625 281 251 344 159 185 30
is_linear=0
shrinkage=0.05


Tree=26
num_leaves=6
num_cat=0
split_feature=56 1 52 43 21
split_gain=10.3618 12.1768 16.1805 11.1357 2.75349
threshold=-1.3072846531867979 5073328.5000000009 0.021989516913890842 218435.39062500003 -51.44990158081054
decision_type=2 2 2 2 2
left_child=4 2 -2 -3 -1
right_child=1 3 -4 -5 -6
leaf_value=0.03805579173582669 0.012744747603330995 0.056567801337934681 -0.055390042590192992 -0.00047432693561439717 0.08321313456754531
leaf_weight=8.358505576848982 168.44441927969456 28.616707339882851 9.1667826622724515 11.958323672413824 6.5114738792181006
leaf_count=15 474 53 39 37 7
internal_value=0.0176656 0.0148824 0.00920006 0.039633 0.0581662
internal_weight=233.056 218.186 177.611 40.575 14.87
internal_count=625 603 513 90 22
is_linear=0
shrinkage=0.05


Tree=27
num_leaves=8
num_cat=0
split_feature=44 0 68 3 2 59 38
split_gain=10.2785 15.8376 13.8038 13.653 14.1345 11.0808 5.51648
threshold=243690.54687500003 55006.500000000007 62.500013351440437 -1453359.3749999998 5733518.5000000009 0.97418341040611278 1.9292098283767702
decision_type=2 2 2 2 2 2 2
left_child=3 2 -2 5 -5 -1 -3
right_child=1 6 -4 4 -6 -7 -8
leaf_value=0.025196026146460916 0.043521464884488451 -0.067077798274051276 -0.074907651245865167 0.019495422351474768 0.065193746287568383 -0.070748006127693178 0.020609351588564372
leaf_weight=5.1095617562532407 13.347857952117925 10.75752481818199 2.993353694677352 172.98202292621136 18.896776467561722 7.1285491436719894 2.0543234795331946
leaf_count=13 26 58 14 441 31 36 6
internal_value=0.0167667 -0.0108928 0.0215219 0.0207416 0.024022 -0.0302816 -0.0526273
internal_weight=233.27 29.1531 16.3412 204.117 191.879 12.2381 12.8118
internal_count=625 104 40 521 472 49 64
is_linear=0
shrinkage=0.05


Tree=28
num_leaves=8
num_cat=0
split_feature=23 48 7 1 13 40 44
split_gain=10.1648 17.0284 32.3949 15.2135 10.398 15.1061 9.5209
threshold=89.500000000000014 -0.61898878216743458 2.1059925556182866 1407674.9375000002 48095986.000000007 0.41434566676616674 25747.330078125004
decision_type=2 2 2 2 2 2 2
left_child=1 3 -3 -1 6 -6 -2
right_child=4 2 -4 -5 5 -7 -8
leaf_value=-0.010779185883767216 0.018083089762093062 -0.053954656883549883 0.016106291785625861 0.037992264249107649 -0.048000318982123251 0.037861247092255523 0.05740808711226935
leaf_weight=22.154618620872498 28.280942976474762 26.114569067955017 44.665283069014549 56.169617012143135 9.3402349352836627 11.339246615767477 35.037610933184624
leaf_count=70 70 111 129 123 43 24 55
internal_value=0.0159348 0.00805204 -0.00967239 0.024133 0.0298678 -0.000677785 0.0399227
internal_weight=233.102 149.104 70.7799 78.3242 83.998 20.6795 63.3186
internal_count=625 433 240 193 192 67 125
is_linear=0
shrinkage=0.05


Tree=29
num_leaves=6
num_cat=0
split_feature=38 23 34 40 64
split_gain=9.78495 12.6782 25.89 11.0322 5.5436
threshold=-3.088088750839233 89.500000000000014 -1.2655609250068662 1.0000000180025095e-35 1.0584204792976382
decision_type=2 2 2 2 2
left_child=4 2 -2 -3 -1
right_child=1 3 -4 -5 -6
leaf_value=0.018714540155401672 -0.057558154962697644 0.0091247947782449445 0.011162171240034895 0.046341098561659404 0.087835400193352578
leaf_weight=5.2929142862558347 15.393504485487936 38.751201301813126 124.37581615149975 41.841391503810883 7.0489140450954437
leaf_count=13 64 107 354 78 9
internal_value=0.0151611 0.0127057 0.00355788 0.0285085 0.0585974
internal_weight=232.704 220.362 139.769 80.5926 12.3418
internal_count=625 603 418 185 22
is_linear=0
shrinkage=0.05


Tree=30
num_leaves=8
num_cat=0
split_feature=38 48 27 2 28 58 13
split_gain=9.74695 18.5973 18.2249 16.6158 14.9134 6.49973 4.86645
threshold=-0.8084728717803954 -0.8926013410091399 -2583679.9999999995 5733518.5000000009 -201.74999999999997 1114944.0000000002 51422578.000000007
decision_type=2 2 2 2 2 2 2
left_child=1 6 -3 4 -2 -5 -1
right_child=3 2 -4 5 -6 -7 -8
leaf_value=-0.077896775435970969 -0.043417156816914604 -0.012395442008980828 0.040441295163739566 0.072709071642429665 0.0058055174878940095 0.0079190518626622262 0.0083189120625597884
leaf_weight=5.1939397901296607 18.835278123617172 20.006767362356186 85.46311628818512 11.102835372090341 83.685817867517471 6.225934922695159 2.2448312342166901
leaf_count=23 72 68 183 17 238 17 7
internal_value=0.0144011 0.0249523 0.0303712 0.00441924 -0.00318895 0.0497196 -0.0512069
internal_weight=232.759 112.909 105.47 119.85 102.521 17.3288 7.43877
internal_count=625 281 251 344 310 34 30
is_linear=0
shrinkage=0.05


Tree=31
num_leaves=6
num_cat=0
split_feature=26 44 40 51 45
split_gain=9.75105 10.7697 24.9782 14.4241 1.05448
threshold=0.0020285717328079049 17085.650390625004 0.6952558457851411 0.021609970368444923 -0.46505317091941828
decision_type=2 2 2 2 2
left_child=4 2 -2 -3 -1
right_child=1 3 -4 -5 -6
leaf_value=0.0324730234508641 -0.043588358082187043 0.022120020538725773 0.018232372433496905 -0.050213183252343099 0.063287013793081756
leaf_weight=5.073620304465293 26.371882133185863 141.46356935799122 42.854470103979111 7.2058527022600165 9.7186357229948026
leaf_count=9 110 356 107 31 12
internal_value=0.0136836 0.0109877 -0.0052461 0.0185805 0.0530561
internal_weight=232.688 217.896 69.2264 148.669 14.7923
internal_count=625 604 217 387 21
is_linear=0
shrinkage=0.05


Tree=32
num_leaves=6
num_cat=0
split_feature=56 70 18 60 45
split_gain=9.67392 11.1398 19.7711 16.3016 2.63352
threshold=-1.3072846531867979 242595.67968750003 658.85000610351574 -0.0029027829878032203 -0.26432646811008448
decision_type=2 2 2 2 2
left_child=4 2 -2 -3 -1
right_child=1 3 -4 -5 -6
leaf_value=0.029415031182754639 -0.059168105676587236 -0.034142599042083249 0.0094815273960078498 0.051257300510478922 0.07369099645987795
leaf_weight=7.0226007997989655 11.166180819272993 6.787773221731185 169.73379041999578 30.117713093757629 7.496919780969618
leaf_count=13 48 24 477 54 9
internal_value=0.0130192 0.0103563 0.00521644 0.0354148 0.0526206
internal_weight=232.325 217.805 180.9 36.9055 14.5195
internal_count=625 603 525 78 22
is_linear=0
shrinkage=0.05


Tree=33
num_leaves=8
num_cat=0
split_feature=44 2 29 3 54 59 56
split_gain=9.05892 13.4971 14.3154 11.9082 12.336 9.65188 5.25274
threshold=243690.54687500003 3144781.8750000005 1.9107441306114199 -1453359.3749999998 -1.0838459134101865 0.97418341040611278 4.350149631500245
decision_type=2 2 2 2 2 2 2
left_child=3 6 -3 5 -5 -1 -2
right_child=1 2 -4 4 -6 -7 -8
leaf_value=0.020055263297261865 -0.071041199935030802 0.040394195642449421 -0.066094716975402715 0.043708001318192191 0.012529729947959223 -0.07014987262066251 0.015261717427075617
leaf_weight=5.0294701009988767 9.5917262136936206 12.942790821194651 4.1515265405178061 40.488894760608673 150.87974888086319 6.9953290671110153 2.0490883737802497
leaf_count=13 49 26 23 75 397 36 6
internal_value=0.0123794 -0.0138059 0.0142398 0.0161034 0.0191524 -0.032005 -0.0554201
internal_weight=232.129 28.7351 17.0943 203.393 191.369 12.0248 11.6408
internal_count=625 104 49 521 472 49 55
is_linear=0
shrinkage=0.05


Tree=34
num_leaves=8
num_cat=0
split_feature=38 48 3 2 37 64 31
split_gain=8.87662 16.3282 15.7102 15.0336 19.1168 10.3721 4.15788
threshold=-0.8084728717803954 -0.8926013410091399 -551329.31249999988 1734674.5625000002 -1.9213674068450926 1.9081386327743532 -0.94341817498207081
decision_type=2 2 2 2 2 2 2
left_child=1 6 -3 4 -2 -5 -1
right_child=3 2 -4 5 -6 -7 -8
leaf_value=-0.075820480772126359 -0.064596154876033693 0.003923823843260032 0.043288987901876803 0.028659401809731512 0.0017776344949978389 -0.017017599449767867 0.0038765805511115216
leaf_weight=5.0080889910459518 15.473027363419531 43.752463325858116 61.234481438994408 51.78776815533638 35.837641969323158 16.205753542482853 2.2588611990213385
leaf_count=23 67 130 121 117 102 58 7
internal_value=0.0117859 0.0218834 0.0269315 0.00224327 -0.0181403 0.0176991 -0.0503594
internal_weight=231.558 112.254 104.987 119.304 51.3107 67.9935 7.26695
internal_count=625 281 251 344 169 175 30
is_linear=0
shrinkage=0.05


Tree=35
num_leaves=7
num_cat=0
split_feature=36 36 41 54 72 70
split_gain=9.57781 15.0586 12.1295 11.4521 14.156 4.02762
threshold=1.6011901497840884 2.4179753065109257 1.6587280631065371 -1.6761750578880308 -2540493.9999999995 87870.191406250015
decision_type=2 2 2 2 2 2
left_child=3 2 -2 5 -5 -1
right_child=1 -3 -4 4 -6 -7
leaf_value=0.078123416040074167 -0.066730511988102634 0.048455360632343195 0.051552275580651168 -0.035969126103058677 0.014887338040187862 0.02784695621413745
leaf_weight=8.6812572628259677 12.808390498161318 5.6563970148563376 2.5604873299598685 14.769338548183439 178.51208488643169 8.1249511986970884
leaf_count=10 56 10 4 61 467 17
internal_value=0.011216 -0.020862 -0.046699 0.0144501 0.0109753 0.0541148
internal_weight=231.113 21.0253 15.3689 210.088 193.281 16.8062
internal_count=625 70 60 555 528 27
is_linear=0
shrinkage=0.05


Tree=36
num_leaves=7
num_cat=0
split_feature=36 9 36 18 4 56
split_gain=8.67326 14.1177 12.3187 11.2583 14.4321 9.8028
threshold=1.6011901497840884 74147340.000000015 2.4179753065109257 658.85000610351574 167636.49218750003 5.64491891860962
decision_type=2 2 2 2 2 2
left_child=3 -2 -3 4 -1 -5
right_child=1 2 -4 5 -6 -7
leaf_value=-0.059050288536018548 -0.079119309832955856 -0.024700426215872456 0.074466651268569092 0.012849006407479647 0.052981800052826392 0.048196252597027381
leaf_weight=10.618953928351401 6.8139307498931911 9.2505110353231412 4.714445397257804 173.19313390552998 3.8987126499414435 22.291790217161179
leaf_count=46 32 32 6 462 7 40
internal_value=0.0106712 -0.0200461 0.00841946 0.0137343 -0.0286197 0.0169053
internal_weight=230.781 20.7789 13.965 210.003 14.5177 195.485
internal_count=625 70 38 555 53 502
is_linear=0
shrinkage=0.05


Tree=37
num_leaves=6
num_cat=0
split_feature=26 36 12 44 23
split_gain=8.46441 10.0095 12.8835 8.88564 1.39211
threshold=0.0020285717328079049 1.6011901497840884 32335472.000000004 17085.650390625004 154.00000000000003
decision_type=2 2 2 2 2
left_child=4 3 -3 -2 -1
right_child=1 2 -4 -5 -6
leaf_value=0.028386451098356177 -0.0044699444278572991 -0.074752948429637686 0.0098050699258975336 0.018189861336173559 0.062488607738159202
leaf_weight=6.0027050971984846 63.122183173894882 8.1018702834844607 9.949254557490347 135.37497776001692 7.865842267870903
leaf_count=11 194 39 27 344 10
internal_value=0.0101518 0.00769904 -0.02787 0.0109588 0.0480887
internal_weight=230.417 216.548 18.0511 198.497 13.8685
internal_count=625 604 66 538 21
is_linear=0
shrinkage=0.05


Tree=38
num_leaves=6
num_cat=0
split_feature=39 43 61 11 50
split_gain=8.49891 10.4551 9.53918 16.3767 10.8597
threshold=2.8276703357696538 244433.29687500003 252.742301940918 19.420000076293949 -0.00252342433668673
decision_type=2 2 2 2 2
left_child=2 -2 3 -1 -4
right_child=1 -3 4 -5 -6
leaf_value=-0.073445500690236962 0.068308749356823045 -0.014840526000356877 -0.021318463819901684 0.0054096354880250825 0.048185950001477185
leaf_weight=6.8391308039426795 12.363721564412119 5.3170559257268897 7.188246056437495 173.93364246934652 24.411922693252563
leaf_count=34 19 18 22 490 42
internal_value=0.00966003 0.0430209 0.00685908 0.00239867 0.0322172
internal_weight=230.054 17.6808 212.373 180.773 31.6002
internal_count=625 37 588 524 64
is_linear=0
shrinkage=0.05


Tree=39
num_leaves=6
num_cat=0
split_feature=38 23 34 46 64
split_gain=8.19629 9.18592 23.2799 10.314 4.6842
threshold=-3.088088750839233 89.500000000000014 -1.2655609250068662 0.59711390733718883 1.0584204792976382
decision_type=2 2 2 2 2
left_child=4 2 -2 -3 -1
right_child=1 3 -4 -5 -6
leaf_value=0.011819868006916992 -0.059568252708324776 0.031927229121395027 0.0063252500385050994 -0.0082214932321799383 0.075821686162695814
leaf_weight=5.1647399216890317 15.02807806432247 56.517431661486626 123.88055554032326 22.063345372676849 7.0352442860603333
leaf_count=13 64 121 354 64 9
internal_value=0.00919024 0.00692645 -0.000767561 0.0205909 0.049137
internal_weight=229.689 217.489 138.909 78.5808 12.2
internal_count=625 603 418 185 22
is_linear=0
shrinkage=0.05


Tree=40
num_leaves=8
num_cat=0
split_feature=44 6 40 1 55 27 36
split_gain=8.17583 11.8307 10.136 9.7518 9.33182 5.87422 5.28857
threshold=243690.54687500003 -3006107263.9999995 -2.3664505481719966 5073328.5000000009 -0.14675186574459073 -774271.99999999988 1.8833017349243166
decision_type=2 2 2 2 2 2 2
left_child=2 6 5 -4 -3 -1 -2
right_child=1 4 3 -5 -6 -7 -8
leaf_value=0.018775327142328206 -0.066486194814424665 0.053977416030498229 0.0044671440346292449 0.03474821568705385 -0.022978527579093376 0.094494390880656934 0.025612600373145174
leaf_weight=4.9875387996435165 10.62535548210144 7.2413116693496695 158.43622923642397 32.100351199507713 8.5407656729221326 5.7236084342002851 1.7409684211015708
leaf_count=13 59 11 434 67 29 7 5
internal_value=0.00874227 -0.0164214 0.0122867 0.00959494 0.0120145 0.0597034 -0.0531159
internal_weight=229.396 28.1484 201.248 190.537 15.7821 10.7111 12.3663
internal_count=625 104 521 501 40 20 64
is_linear=0
shrinkage=0.05


Tree=41
num_leaves=6
num_cat=0
split_feature=56 1 3 48 21
split_gain=8.09557 9.73274 15.1635 12.15 2.46499
threshold=-1.3072846531867979 3162887.8750000005 -1267685.5624999998 0.61928242444992077 -51.44990158081054
decision_type=2 2 2 2 2
left_child=4 2 -2 -3 -1
right_child=1 3 -4 -5 -6
leaf_value=0.025849108191984972 -0.074526023051510001 0.027922696607634981 0.0021802282337558738 -0.047661340878567382 0.070044419080819487
leaf_weight=7.7413493394851685 6.7511271238327017 62.708055838942528 140.02186192572117 5.7644896060228339 6.0224882960319501
leaf_count=15 34 145 401 23 7
internal_value=0.00831987 0.00591594 -0.00131397 0.0214865 0.0455504
internal_weight=229.009 215.246 146.773 68.4725 13.7638
internal_count=625 603 435 168 22
is_linear=0
shrinkage=0.05


Tree=42
num_leaves=7
num_cat=0
split_feature=36 34 54 72 41 70
split_gain=7.54558 11.9763 9.77591 11.7538 7.15084 3.69882
threshold=1.6011901497840884 1.3089494705200198 -1.6761750578880308 -2540493.9999999995 0.5469895899295808 87870.191406250015
decision_type=2 2 2 2 2 2
left_child=2 -2 5 -4 -3 -1
right_child=1 4 3 -5 -6 -7
leaf_value=0.071407990196620669 -0.073450727263998941 -0.030434192128329103 -0.035526387608079212 0.011154371517793318 0.043077153855694356 0.022375547788308567
leaf_weight=8.4069271832704562 7.1129111200571087 6.4471732527017576 14.552168771624563 177.56237134337425 6.7406092882156372 7.7988726347684851
leaf_count=10 35 23 61 467 12 17
internal_value=0.00791764 -0.0210976 0.0107692 0.0075924 0.00676018 0.0481202
internal_weight=228.621 20.3007 208.32 192.115 13.1878 16.2058
internal_count=625 70 555 528 35 27
is_linear=0
shrinkage=0.05


Tree=43
num_leaves=6
num_cat=0
split_feature=39 43 61 11 50
split_gain=7.33226 9.18613 8.84281 14.6207 9.64762
threshold=2.8276703357696538 244433.29687500003 252.742301940918 19.420000076293949 -0.00252342433668673
decision_type=2 2 2 2 2
left_child=2 -2 3 -1 -4
right_child=1 -3 4 -5 -6
leaf_value=-0.072006504655945852 0.062592873856199341 -0.015849729132052879 -0.020996260829549803 0.0034749900197176449 0.044928853863167202
leaf_weight=6.661196567118167 12.204733595252039 5.2462172657251349 7.1173253804445293 173.06037017703056 23.844533786177635
leaf_count=34 19 18 22 490 42
internal_value=0.00753671 0.0387244 0.00492969 0.000649525 0.0296129
internal_weight=228.134 17.451 210.683 179.722 30.9619
internal_count=625 37 588 524 64
is_linear=0
shrinkage=0.05


Tree=44
num_leaves=8
num_cat=0
split_feature=44 2 29 44 1 51 44
split_gain=7.42716 11.0859 11.1818 9.70477 16.8379 13.44 4.20651
threshold=243690.54687500003 3144781.8750000005 1.9107441306114199 61250.974609375007 871709.59375000012 -0.0059172597248107186 873678.31250000012
decision_type=2 2 2 2 2 2 2
left_child=3 6 -3 4 -1 -5 -2
right_child=1 2 -4 5 -6 -7 -8
leaf_value=-0.031385990073327839 -0.069844715072855293 0.03210577452156093 -0.064739382084219699 -0.0040710006622708536 0.012126819107929348 0.039628320526785554 0.0081964203993578379
leaf_weight=29.128203362226486 9.1965286880731583 12.521401450037958 3.8951976597309104 26.708475083112717 93.749891489744186 50.479657024145126 1.9887709915637977
leaf_count=103 49 26 23 77 242 99 6
internal_value=0.00717348 -0.017071 0.00882257 0.0105433 0.00177143 0.0244428 -0.0555218
internal_weight=227.668 27.6019 16.4166 200.066 122.878 77.1881 11.1853
internal_count=625 104 49 521 345 176 55
is_linear=0
shrinkage=0.05


Tree=45
num_leaves=7
num_cat=0
split_feature=38 28 36 28 24 24
split_gain=7.26975 14.4887 14.1434 13.2738 17.4116 10.8571
threshold=-0.8084728717803954 207.06250000000003 -0.28797489404678339 -201.74999999999997 184.50000000000003 36.500000000000007
decision_type=2 2 2 2 2 2
left_child=1 2 -1 4 -2 -5
right_child=3 -3 -4 5 -6 -7
leaf_value=0.014675695220262484 -0.076777253732869741 -0.08289559640853425 0.090747458543052065 0.031447113362703942 0.014403378931391993 -0.0050742551401156601
leaf_weight=100.19725904613733 12.164043068885805 3.5619969069957724 6.5448383539915076 29.284603200852871 9.0531556457281095 66.208581335842609
leaf_count=258 58 16 7 65 21 200
internal_value=0.00683018 0.0160386 0.0193868 -0.0018299 -0.0376358 0.00607328
internal_weight=227.014 110.304 106.742 116.71 21.2172 95.4932
internal_count=625 281 265 344 79 265
is_linear=0
shrinkage=0.05


Tree=46
num_leaves=6
num_cat=0
split_feature=26 36 41 39 23
split_gain=7.33114 8.75205 11.422 8.11865 1.48804
threshold=0.0020285717328079049 1.6011901497840884 1.2696551680564883 2.8276703357696538 154.00000000000003
decision_type=2 2 2 2 2
left_child=4 3 -3 -2 -1
right_child=1 2 -4 -5 -6
leaf_value=0.022589427588289752 0.0041924516246393097 -0.050553019196950592 0.047884817734502316 0.04085062623009536 0.058779234739339575
leaf_weight=5.6677606850862485 179.65708208829165 13.838387802243235 3.6948589980602256 16.554716899991035 7.1873800009489059
leaf_count=11 505 60 6 33 10
internal_value=0.00649748 0.00426597 -0.0295236 0.00731085 0.0432123
internal_weight=226.6 213.745 17.5332 196.212 12.8551
internal_count=625 604 66 538 21
is_linear=0
shrinkage=0.05


Tree=47
num_leaves=7
num_cat=0
split_feature=24 33 60 13 58 13
split_gain=7.01329 11.6961 12.0926 9.83198 11.9349 8.2151
threshold=113.50000000000001 -1.490830063819885 -0.0083812903612852079 48095986.000000007 353152.00000000006 40871568.000000007
decision_type=2 2 2 2 2 2
left_child=1 -1 -3 5 -5 -2
right_child=3 2 -4 4 -6 -7
leaf_value=-0.075375074941391729 0.016548309685843487 -0.040777637047599125 0.0073614431929969904 0.0061706168554574855 -0.083548997046310719 0.057218017843185857
leaf_weight=5.1004436090588561 51.154814079403877 14.722891405224798 113.90394432842731 20.023727625608448 4.529460906982421 16.67829355597496
leaf_count=25 116 58 321 59 21 25
internal_value=0.00618998 -0.00109412 0.00181247 0.0167877 -0.0101768 0.0266216
internal_weight=226.114 133.727 128.627 92.3863 24.5532 67.8331
internal_count=625 404 379 221 80 141
is_linear=0
shrinkage=0.05


Tree=48
num_leaves=6
num_cat=0
split_feature=38 23 23 24 64
split_gain=7.22603 8.41367 20.9594 11.6931 3.93472
threshold=-3.088088750839233 64.500000000000014 29.500000000000004 60.500000000000007 1.0584204792976382
decision_type=2 2 2 2 2
left_child=4 2 -2 -3 -1
right_child=1 3 -4 -5 -6
leaf_value=0.0092538968054137385 0.0063042036768524686 -0.079152937972417431 -0.043614392656996182 0.018261168205405093 0.068595566907335939
leaf_weight=5.0737240016460401 92.13883039355278 3.1714642494916907 27.211721375584602 91.09953735023737 6.8632312119007111
leaf_count=13 258 14 107 224 9
internal_value=0.00589351 0.0037524 -0.00503526 0.0149309 0.0437916
internal_weight=225.559 213.622 119.351 94.271 11.937
internal_count=625 603 365 238 22
is_linear=0
shrinkage=0.05


Tree=49
num_leaves=6
num_cat=0
split_feature=61 39 33 57 38
split_gain=6.81625 9.19811 10.7192 9.20635 2.10872
threshold=57.286777496337898 2.2175996303558354 -1.3479983210563657 1.647909462451935 1.2963678240776064
decision_type=2 2 2 2 2
left_child=4 3 -3 -2 -1
right_child=1 2 -4 -5 -6
leaf_value=-0.07670294138896222 0.0053472073872893782 -0.043983631314416988 0.049184641057757342 -0.054524337421341509 -0.0079124088995864254
leaf_weight=3.1637081354856482 188.53098326921463 3.5550143420696285 21.275161042809486 6.6372839659452429 1.9885415285825727
leaf_count=15 525 13 38 27 7
internal_value=0.005609 0.00696037 0.0356441 0.00328548 -0.0511233
internal_weight=225.151 219.998 24.8302 195.168 5.15225
internal_count=625 603 51 552 22
is_linear=0
shrinkage=0.05


Tree=50
num_leaves=7
num_cat=0
split_feature=71 18 38 30 1 38
split_gain=6.8121 15.1901 12.4928 13.7021 13.2211 12.2104
threshold=71045.035156250015 658.85000610351574 -1.4371781945228574 1.5855253934860232 1588513.2500000002 -1.2904802560806272
decision_type=2 2 2 2 2 2
left_child=1 -1 3 -2 -4 -3
right_child=2 5 4 -5 -6 -7
leaf_value=-0.078532682028478129 -0.0030717630329470768 0.036570089755361739 -0.019447889942505805 -0.076092623059327624 0.020063342843338744 0.0018059945345696216
leaf_weight=4.1894013732671729 16.0060098618269 48.55872654914856 32.914591826498508 10.90444729477167 59.051891945302486 53.305252984166145
leaf_count=19 50 96 111 53 149 147
internal_value=0.00532967 0.0145499 -0.00285384 -0.0328465 0.005868 0.0184272
internal_weight=224.93 106.053 118.877 26.9105 91.9665 101.864
internal_count=625 262 363 103 260 243
is_linear=0
shrinkage=0.05


Tree=51
num_leaves=5
num_cat=0
split_feature=56 72 56 21
split_gain=6.86852 8.36338 9.23895 2.48249
threshold=-1.3072846531867979 -2580078.4999999995 5.64491891860962 -51.44990158081054
decision_type=2 2 2 2
left_child=3 -2 -3 -1
right_child=1 2 -4 -5
leaf_value=0.020108567807135155 -0.069070992233895359 0.0005147490213110495 0.034138380855686157 0.065545453413971486
leaf_weight=7.3175773173570633 3.9554835408926001 184.29919171333313 23.025048121809959 5.6892602443695051
leaf_count=15 21 534 48 7
internal_value=0.00507274 0.00287627 0.00427304 0.0403673
internal_weight=224.287 211.28 207.324 13.0068
internal_count=625 603 582 22
is_linear=0
shrinkage=0.05


Tree=52
num_leaves=6
num_cat=0
split_feature=26 44 40 12 23
split_gain=6.40233 8.61642 19.003 11.5851 1.48047
threshold=0.0020285717328079049 17085.650390625004 0.6952558457851411 16103066.000000002 154.00000000000003
decision_type=2 2 2 2 2
left_child=4 2 -2 -3 -1
right_child=1 3 -4 -5 -6
leaf_value=0.019380236517771217 -0.0456549786495343 0.04071729170965642 0.0087980071634415936 0.0031802975135959387 0.05633280699242893
leaf_weight=5.4454378634691221 25.83069372177124 24.946906447410583 41.915886417031288 119.01776766777039 6.6961778700351715
leaf_count=11 110 45 107 342 10
internal_value=0.00483133 0.00278095 -0.0118902 0.00971962 0.0401716
internal_weight=223.853 211.711 67.7466 143.965 12.1416
internal_count=625 604 217 387 21
is_linear=0
shrinkage=0.05


Tree=53
num_leaves=5
num_cat=0
split_feature=61 51 70 56
split_gain=6.41006 8.1537 8.55651 1.78543
threshold=57.286777496337898 -0.034496428444981568 263023.74218750006 2.3607679605484013
decision_type=2 2 2 2
left_child=3 -2 -3 -1
right_child=1 2 -4 -5
leaf_value=-0.076318250901454263 0.057199558307457404 9.1345846471572117e-05 0.029773038797212038 -0.012946172828761475
leaf_weight=2.956923082470893 7.5007713586091986 182.50148238986731 28.068016536533833 2.1258018016815186
leaf_count=14 14 531 58 8
internal_value=0.00460757 0.00592186 0.00407153 -0.0507972
internal_weight=223.153 218.07 210.569 5.08272
internal_count=625 603 589 22
is_linear=0
shrinkage=0.05


Tree=54
num_leaves=6
num_cat=0
split_feature=56 70 20 60 22
split_gain=6.42387 7.85937 17.1861 13.4195 2.41528
threshold=-1.3072846531867979 242595.67968750003 2828.295043945313 -0.0029027829878032203 448.12500000000006
decision_type=2 2 2 2 2
left_child=4 2 -2 -3 -1
right_child=1 3 -4 -5 -6
leaf_value=0.064014468844231828 -0.047433177472384555 -0.040778802389755786 0.0033400913794508907 0.038692323995668035 0.018787997177401122
leaf_weight=5.5512052327394468 18.643604457378387 6.4674281328916541 156.46605656296015 28.583134926855564 7.2336070239543915
leaf_count=7 78 24 447 54 15
internal_value=0.00438118 0.00226256 -0.00203709 0.0238859 0.0388166
internal_weight=222.945 210.16 175.11 35.0506 12.7848
internal_count=625 603 525 78 22
is_linear=0
shrinkage=0.05


Tree=55
num_leaves=8
num_cat=0
split_feature=44 2 21 3 7 59 44
split_gain=6.46022 9.33592 10.0457 8.94126 11.0414 7.16427 3.52033
threshold=243690.54687500003 3144781.8750000005 -17698.200195312496 -1453359.3749999998 1.538615942001343 0.97418341040611278 873678.31250000012
decision_type=2 2 2 2 2 2 2
left_child=3 6 -3 5 -5 -1 -2
right_child=1 2 -4 4 -6 -7 -8
leaf_value=0.010811671839687715 -0.06837208054274857 0.036085815720376765 -0.04655030181833654 -0.020931160056749179 0.014834514041853673 -0.069228700556869638 0.0036876741745095289
leaf_weight=4.6654828339815122 8.8097202479839325 9.9453024268150312 5.8157863691449156 24.845508396625519 159.71818743646145 6.6366028413176537 1.93819908797741
leaf_count=13 49 20 29 78 394 36 6
internal_value=0.00417431 -0.0189382 0.00527614 0.00732795 0.00999274 -0.0357458 -0.0549122
internal_weight=222.375 26.509 15.7611 195.866 184.564 11.3021 10.7479
internal_count=625 104 49 521 472 49 55
is_linear=0
shrinkage=0.05


Tree=56
num_leaves=8
num_cat=0
split_feature=44 2 64 3 7 68 57
split_gain=5.89396 8.69633 9.05873 8.17075 9.97108 6.76679 3.43171
threshold=243690.54687500003 3144781.8750000005 1.9081386327743532 -1453359.3749999998 1.538615942001343 16.333316802978519 1.8030845522880556
decision_type=2 2 2 2 2 2 2
left_child=3 6 -3 5 -5 -1 -2
right_child=1 2 -4 4 -6 -7 -8
leaf_value=0.0099512141249481004 -0.06721759881931709 0.026417924902709701 -0.063400492226504165 -0.019898633990873452 0.014096811627882393 -0.068254956512149662 0.0045213468298538079
leaf_weight=4.7057869061827642 8.5478852465748805 11.948081746697424 3.6583256870508185 24.828419975936413 159.67371653020382 6.384002648293972 1.9117797017097462
leaf_count=14 49 26 23 78 394 35 6
internal_value=0.00397327 -0.0183081 0.00504305 0.00696822 0.00949495 -0.0346185 -0.0536274
internal_weight=221.658 26.0661 15.6064 195.592 184.502 11.0898 10.4597
internal_count=625 104 49 521 472 49 55
is_linear=0
shrinkage=0.05


Tree=57
num_leaves=8
num_cat=0
split_feature=38 48 3 2 60 55 13
split_gain=6.19648 11.6825 12.5391 11.6257 11.5742 7.20089 4.04162
threshold=-0.8084728717803954 -0.8926013410091399 -551329.31249999988 5733518.5000000009 -0.0076726719271391621 0.34944759309291845 51422578.000000007
decision_type=2 2 2 2 2 2 2
left_child=1 6 -3 4 -2 -5 -1
right_child=3 2 -4 5 -6 -7 -8
leaf_value=-0.075135179686472306 -0.068447885039282938 -0.0040497132276494869 0.03177010084141501 0.061543903051268778 -0.0056247485864996463 -0.0063028047728190236 0.006782660463637312
leaf_weight=4.8672863245010367 8.0155137777328473 41.615243546664715 58.40674801170826 9.8903690278530139 89.823831900954247 6.2627568766474715 2.0252030789852142
leaf_count=23 33 130 121 14 277 20 7
internal_value=0.00378181 0.0124407 0.0168169 -0.00429557 -0.0108227 0.0349294 -0.05034
internal_weight=220.907 106.914 100.022 113.992 97.8393 16.1531 6.89249
internal_count=625 281 251 344 310 34 30
is_linear=0
shrinkage=0.05


Tree=58
num_leaves=7
num_cat=0
split_feature=36 9 36 23 19 56
split_gain=6.37584 10.0819 9.76425 7.99965 16.2156 10.6893
threshold=1.6011901497840884 74147340.000000015 2.4179753065109257 5.5000000000000009 2158.9899902343755 1.0000000180025095e-35
decision_type=2 2 2 2 2 2
left_child=3 -2 -3 5 -5 -1
right_child=1 2 -4 4 -6 -7
leaf_value=0.046312796807869247 -0.076143272089926384 -0.029652669664656239 0.061632077300252913 -0.077590625435001795 0.0041709500105829838 -0.0021112687561264474
leaf_weight=25.361349940299988 6.2304828539490726 8.683258578181265 4.4182981997728339 6.3202287405729285 148.95267858356237 20.351742789149284
leaf_count=44 32 32 6 30 419 62
internal_value=0.00359884 -0.0237731 0.000750071 0.00625651 0.000810725 0.0246447
internal_weight=220.318 19.332 13.1016 200.986 155.273 45.7131
internal_count=625 70 38 555 449 106
is_linear=0
shrinkage=0.05


Tree=59
num_leaves=8
num_cat=0
split_feature=38 69 0 38 17 58 13
split_gain=6.17607 10.8793 20.412 11.624 10.7637 5.66763 3.10264
threshold=-2.5403356552124019 6.6666612625122079 34091.500000000007 -1.711886405944824 1736.7500000000002 -331775.99999999994 54767602.000000007
decision_type=2 2 2 2 2 2 2
left_child=4 2 -2 -3 6 -6 -1
right_child=1 3 -4 -5 5 -7 -8
leaf_value=-0.074632216915703528 0.016385928361694016 -0.038450029963335984 -0.065582534296959288 0.0095188903885355634 0.0096817836574166916 0.061136877060252698 0.0054691741972559618
leaf_weight=2.9006312638521221 14.149878636002542 13.778297223150728 16.20742055773735 148.1096191033721 9.3807432651519829 13.310100033879275 1.8851445466279981
leaf_count=14 35 51 74 399 27 18 7
internal_value=0.00342428 0.000228866 -0.0272114 0.00540537 0.0255996 0.0400849 -0.0420351
internal_weight=219.722 192.245 30.3573 161.888 27.4766 22.6908 4.78578
internal_count=625 559 109 450 66 45 21
is_linear=0
shrinkage=0.05


Tree=60
num_leaves=5
num_cat=0
split_feature=58 42 54 11
split_gain=5.8716 8.62574 11.7168 8.30247
threshold=2135424.0000000005 -0.00079099999857135106 0.19580913335084918 64.254997253417983
decision_type=2 2 2 2
left_child=1 2 -1 -3
right_child=-2 3 -4 -5
leaf_value=-0.0088984165502030213 -0.051373484413198479 -0.0057313343367297147 0.052523134026243139 0.019246536346129772
leaf_weight=12.633449248969553 4.7950976118445388 138.15709294378757 19.646706894040108 43.813517071306705
leaf_count=37 18 426 35 109
internal_value=0.00326225 0.00450838 0.0283298 0.000255173
internal_weight=219.046 214.251 32.2802 181.971
internal_count=625 607 72 535
is_linear=0
shrinkage=0.05


Tree=61
num_leaves=6
num_cat=0
split_feature=56 1 3 48 21
split_gain=5.88935 7.45271 11.8037 9.89761 2.25251
threshold=-1.3072846531867979 3162887.8750000005 -1267685.5624999998 0.61928242444992077 -51.44990158081054
decision_type=2 2 2 2 2
left_child=4 2 -2 -3 -1
right_child=1 3 -4 -5 -6
leaf_value=0.017045287799815973 -0.072555453486974328 0.021141962634423965 -0.002201595398863321 -0.048336164381912163 0.061487444289825492
leaf_weight=7.038946732878685 6.2485645338892928 59.400142446160316 135.26077030599117 5.5725096836686125 5.337021663784979
leaf_count=15 34 145 401 23 7
internal_value=0.00310003 0.00106704 -0.00534351 0.0151061 0.0366146
internal_weight=218.858 206.482 141.509 64.9727 12.376
internal_count=625 603 435 168 22
is_linear=0
shrinkage=0.05


Tree=62
num_leaves=6
num_cat=0
split_feature=40 61 70 9 8
split_gain=5.90621 8.048 8.32139 5.86581 8.86001
threshold=-2.3664505481719966 57.286777496337898 263023.74218750006 50262412.000000007 2.0509500503540044
decision_type=2 2 2 2 2
left_child=3 -2 -3 -1 -5
right_child=1 2 -4 4 -6
leaf_value=0.076436411005601834 -0.073338389406207988 -0.0018303482749365942 0.028120383862824967 -0.035914893757837227 0.065427612410997565
leaf_weight=5.2299693077802649 3.5944112464785567 174.09561382234097 26.723310418426991 4.8226961642503721 3.8730367124080658
leaf_count=6 18 518 56 20 7
internal_value=0.00295029 0.000778843 0.00213035 0.0344656 0.00864757
internal_weight=218.339 204.413 200.819 13.9257 8.69573
internal_count=625 592 574 33 27
is_linear=0
shrinkage=0.05


Tree=63
num_leaves=7
num_cat=0
split_feature=36 36 41 54 11 56
split_gain=6.0807 9.29086 7.97755 7.76674 8.80202 2.83341
threshold=1.6011901497840884 2.4179753065109257 1.6587280631065371 -1.6761750578880308 64.254997253417983 -1.3072846531867979
decision_type=2 2 2 2 2 2
left_child=3 2 -2 5 -5 -1
right_child=1 -3 -4 4 -6 -7
leaf_value=0.066380231540284787 -0.063159556046906026 0.031792721760589032 0.037377840079663709 -0.0032121292952086138 0.023098674615877363 0.020772822684367257
leaf_weight=6.2202006578445426 11.457750752568247 5.2656363099813452 2.3174098879098883 143.43956209719181 40.775269761681557 8.5381656438112241
leaf_count=8 56 10 4 434 94 19
internal_value=0.00280592 -0.0241396 -0.0458831 0.00540962 0.00258453 0.0403337
internal_weight=218.014 19.0408 13.7752 198.973 184.215 14.7584
internal_count=625 70 60 555 528 27
is_linear=0
shrinkage=0.05


Tree=64
num_leaves=8
num_cat=0
split_feature=56 41 49 44 48 4 26
split_gain=5.89109 7.9063 11.5096 11.3763 5.91982 6.18892 2.7501
threshold=5.64491891860962 1.7669116854667666 0.26869304478168493 17085.650390625004 -0.48951132595539087 6667.2697753906259 0.0042857113294303426
decision_type=2 2 2 2 2 2 2
left_child=1 3 -3 -1 5 -2 -6
right_child=4 2 -4 -5 6 -7 -8
leaf_value=-0.02373430603263877 0.023060281033194154 -0.0048599993558894649 0.053931226474478233 0.0045209985685144456 0.023999916873537277 -0.071875791859884228 0.068005466312321614
leaf_weight=52.919847317039967 4.9786895066499737 17.940556578338146 15.310629285871981 108.44485961645842 8.1304682642221433 2.5965563207864761 7.0672229379415503
leaf_count=184 12 54 25 310 17 13 10
internal_value=0.00267591 -0.000114106 0.0220603 -0.00471439 0.0267388 -0.00882078 0.0447924
internal_weight=217.389 194.616 33.2512 161.365 22.7729 7.57525 15.1977
internal_count=625 573 79 494 52 25 27
is_linear=0
shrinkage=0.05


Tree=65
num_leaves=8
num_cat=0
split_feature=38 60 53 38 17 7 61
split_gain=5.71025 9.95289 15.2385 9.91063 9.6277 5.35789 2.60311
threshold=-2.5403356552124019 -0.008772444445639847 -0.12173450365662573 -1.711886405944824 1736.7500000000002 2.0242173671722417 115.46475982666017
decision_type=2 2 2 2 2 2 2
left_child=4 2 -2 -3 6 -6 -1
right_child=1 3 -4 -5 5 -7 -8
leaf_value=-0.071932670988158601 0.0064355487428118703 -0.036670589055013129 -0.077919563192219446 0.0072399612113958241 -0.0022505623392307223 0.05261344174267775 0.0013552472366735126
leaf_weight=2.7462116628885296 11.376567959785463 13.993073031306265 9.9496119320392591 154.56948724389076 5.872861877083781 16.390399605035782 1.9347967728972433
leaf_count=14 30 54 49 426 18 27 7
internal_value=0.00255084 -0.000479818 -0.0326854 0.0035651 0.0240948 0.0379162 -0.0405725
internal_weight=216.833 189.889 21.3262 168.563 26.9443 22.2633 4.68101
internal_count=625 559 79 480 66 45 21
is_linear=0
shrinkage=0.05


Tree=66
num_leaves=7
num_cat=0
split_feature=38 28 36 28 24 49
split_gain=5.70984 11.7063 11.5797 11.3283 12.8135 9.73786
threshold=-0.8084728717803954 207.06250000000003 -0.2206190228462219 -201.74999999999997 184.50000000000003 0.74994662404060375
decision_type=2 2 2 2 2 2
left_child=1 2 -1 4 -2 -5
right_child=3 -3 -4 5 -6 -7
leaf_value=0.0099936967271584357 -0.074016541304509895 -0.081140079835666346 0.087759890619316841 0.0080521205130011861 0.0065553685741926299 -0.04183699401587046
leaf_weight=95.92279989272356 11.478160098195078 3.3314526230096808 5.0638673901557913 80.866635374724865 8.4690686017274839 11.116692960262297
leaf_count=260 58 16 5 225 21 40
internal_value=0.00242645 0.0108583 0.0139427 -0.00538724 -0.0395572 0.00196839
internal_weight=216.249 104.318 100.987 111.931 19.9472 91.9833
internal_count=625 281 265 344 79 265
is_linear=0
shrinkage=0.05


Tree=67
num_leaves=7
num_cat=0
split_feature=36 9 36 18 43 17
split_gain=5.54026 9.06151 8.63874 7.12918 10.5418 8.84096
threshold=1.6011901497840884 74147340.000000015 2.4179753065109257 658.85000610351574 206559.46875000003 244.34999847412112
decision_type=2 2 2 2 2 2
left_child=3 -2 -3 4 -1 -5
right_child=1 2 -4 5 -6 -7
leaf_value=-0.075207362482466567 -0.07443099138123066 -0.029223900757678486 0.057744983575599512 0.032255893643099907 0.013617635796911366 0.0025010526931402415
leaf_weight=6.6314901337027532 5.977223381400111 8.4481481462717039 4.3130615204572669 29.919819116592407 6.5737427324056625 153.81847585737705
leaf_count=33 32 32 6 64 20 438
internal_value=0.0023083 -0.0236264 0 0.00480128 -0.0306104 0.00737352
internal_weight=215.682 18.7384 12.7612 196.944 13.2052 183.738
internal_count=625 70 38 555 53 502
is_linear=0
shrinkage=0.05


Tree=68
num_leaves=6
num_cat=0
split_feature=26 44 2 51 49
split_gain=5.54065 7.22006 13.542 10.2286 1.32561
threshold=0.0020285717328079049 17085.650390625004 2157641.1250000005 0.021609970368444923 -0.619992434978485
decision_type=2 2 2 2 2
left_child=4 2 -2 -3 -1
right_child=1 3 -4 -5 -6
leaf_value=0.011157187040055284 -0.037519777402919854 0.0098249486234384554 0.007920201600428476 -0.054675386078305868 0.049312018462093765
leaf_weight=3.8675084859132767 30.796707436442375 131.9981310069561 34.770133018493652 6.4287645146250716 7.2805241346359235
leaf_count=9 121 356 96 31 12
internal_value=0.00219599 0.000295502 -0.0133467 0.00679333 0.0365237
internal_weight=215.142 203.994 65.5668 138.427 11.148
internal_count=625 604 217 387 21
is_linear=0
shrinkage=0.05


Tree=69
num_leaves=7
num_cat=0
split_feature=71 20 38 12 71 65
split_gain=5.56596 11.6996 11.4675 10.1991 13.4626 1.54597
threshold=71045.035156250015 1816.5699462890627 -1.2904802560806272 15390822.000000002 141990.86718750003 -0.27243600785732264
decision_type=2 2 2 2 2 2
left_child=1 5 -3 -2 -5 -1
right_child=3 2 -4 4 -6 -7
leaf_value=-0.078224918591151549 0.046254916650777501 0.03303825769404832 -0.0015464505401098243 -0.025872125931582418 0.010236226594082231 -0.02051263943827546
leaf_weight=3.6966513097286224 8.7482878565788251 45.434604808688164 50.177202597260475 58.31692212074995 46.071312494575977 2.0872450023889533
leaf_count=17 16 92 145 214 133 8
internal_value=0.00209276 0.0106168 0.0148359 -0.00550251 -0.00988796 -0.0582627
internal_weight=214.532 101.396 95.6118 113.137 104.388 5.7839
internal_count=625 262 237 363 347 25
is_linear=0
shrinkage=0.05


Tree=70
num_leaves=8
num_cat=0
split_feature=44 0 54 58 34 55 36
split_gain=5.35896 7.42324 7.1921 11.5643 9.83071 7.17485 3.41967
threshold=243690.54687500003 55006.500000000007 -1.0838459134101865 -418559.99999999994 0.82159638404846203 -0.57282206416130055 1.7186252474784853
decision_type=2 2 2 2 2 2 2
left_child=2 5 3 -1 -4 -2 -3
right_child=1 6 4 -5 -6 -7 -8
leaf_value=-0.042561186215821237 0.062815852746827675 -0.063746695508414039 0.0052232152900554664 0.036149656436602728 -0.031204911971004445 -0.017612838116407372 0.010586828192606729
leaf_weight=5.4140223860740653 3.7893052101135245 8.9740577861666662 130.39484984427691 31.817516028881073 21.586084827780724 10.253909073770048 1.7352473810315121
leaf_count=21 5 57 362 61 77 35 7
internal_value=0.00199091 -0.0198472 0.00487417 0.0245696 1.63737e-05 0.00373333 -0.0512354
internal_weight=213.965 24.7525 189.212 37.2315 151.981 14.0432 10.7093
internal_count=625 104 521 82 439 40 64
is_linear=0
shrinkage=0.05


Tree=71
num_leaves=5
num_cat=0
split_feature=19 21 70 7
split_gain=5.32029 9.04291 6.43435 3.53625
threshold=155327.47656250003 50010.847656250007 263023.74218750006 1.7780368924140932
decision_type=2 2 2 2
left_child=1 2 -1 -2
right_child=3 -3 -4 -5
leaf_value=-0.001976277226969234 0.061331376753925082 -0.075863968758675571 0.024994343237796292 0.0056607772337824436
leaf_weight=172.16082702577114 6.0404233336448652 3.85494440793991 25.346229784190655 5.815824568271637
leaf_count=527 9 18 56 15
internal_value=0.00189577 0 0.00145957 0.0344451
internal_weight=213.218 201.362 197.507 11.8562
internal_count=625 601 583 24
is_linear=0
shrinkage=0.05


Tree=72
num_leaves=5
num_cat=0
split_feature=58 1 50 5
split_gain=5.27436 7.63994 12.2188 6.75427
threshold=2135424.0000000005 5073328.5000000009 0.0086209019646048563 441.48001098632818
decision_type=2 2 2 2
left_child=1 2 -1 -3
right_child=-2 3 -4 -5
leaf_value=0.0018928300441501012 -0.050534684664349308 0.039170476268742732 -0.0595316363356354 -0.012868124889724213
leaf_weight=167.74096611887217 4.6966592520475379 23.662021398544315 8.5038173869252187 8.293293282389639
leaf_count=495 18 47 37 28
internal_value=0.00180392 0.00300861 -0.00104253 0.0255085
internal_weight=212.897 208.2 176.245 31.9553
internal_count=625 607 532 75
is_linear=0
shrinkage=0.05


Tree=73
num_leaves=6
num_cat=0
split_feature=26 23 24 55 23
split_gain=5.15266 6.58291 13.465 11.8207 1.44349
threshold=0.0020285717328079049 5.5000000000000009 17.500000000000004 0.81220874190330516 154.00000000000003
decision_type=2 2 2 2 2
left_child=4 3 -3 -2 -1
right_child=1 2 -4 -5 -6
leaf_value=0.014002959047291192 0.022538632067389246 -0.072716080255719712 -0.0019475437764176287 -0.070629286428206026 0.052451342986097806
leaf_weight=4.9279603511095029 46.391897812485695 7.060599446296691 144.65212820470333 3.6530705094337454 5.8694800287485123
leaf_count=11 108 36 440 20 10
internal_value=0.00171404 -6.21504e-05 -0.00527402 0.0156379 0.0353665
internal_weight=212.555 201.758 151.713 50.045 10.7974
internal_count=625 604 476 128 21
is_linear=0
shrinkage=0.05


Tree=74
num_leaves=6
num_cat=0
split_feature=56 8 39 0 21
split_gain=5.16222 6.37514 12.9979 8.7322 2.32079
threshold=-1.3072846531867979 2.1917999982833867 1.3868166804313662 60896.000000000007 -51.44990158081054
decision_type=2 2 2 2 2
left_child=4 3 -3 -2 -1
right_child=1 2 -4 -5 -6
leaf_value=0.013573880211834949 0.0046756300727445708 -0.0039748165289724925 0.070289651404272402 -0.018589164791897726 0.059709052806820963
leaf_weight=6.7135044932365417 112.26734105497599 15.808021560311319 9.2851946875452978 62.784173391759396 5.0552990734577161
leaf_count=15 304 53 14 232 7
internal_value=0.0016309 -0.000236657 0.0233059 -0.00363998 0.0338161
internal_weight=211.914 200.145 25.0932 175.052 11.7688
internal_count=625 603 67 536 22
is_linear=0
shrinkage=0.05


Tree=75
num_leaves=8
num_cat=0
split_feature=56 55 23 57 48 4 8
split_gain=5.09413 9.65442 8.28533 7.5676 5.09874 5.19157 2.57567
threshold=5.64491891860962 0.81220874190330516 5.5000000000000009 1.5979847908020022 -0.48951132595539087 6667.2697753906259 1.0888000130653384
decision_type=2 2 2 2 2 2 2
left_child=1 2 -1 -3 5 -2 -6
right_child=4 3 -4 -5 6 -7 -8
leaf_value=0.020516203968364646 0.020309072628837983 -0.069213326569483827 -0.0043412395280780988 0.016249303087441248 0.011609284246950603 -0.069161004420191727 0.057379837811422654
leaf_weight=44.783691883087158 4.7578568607568767 8.7000865787267667 132.82549937069416 3.5670388266444197 5.0210043489933005 2.4320134818553925 9.3957501053810102
leaf_count=105 12 51 407 10 12 13 15
internal_value=0.00155477 -0.00103771 0.00189835 -0.0439549 0.0245686 -0.00925925 0.0417859
internal_weight=211.483 189.876 177.609 12.2671 21.6066 7.18987 14.4168
internal_count=625 573 512 61 52 25 27
is_linear=0
shrinkage=0.05


Tree=76
num_leaves=6
num_cat=0
split_feature=30 30 8 57 1
split_gain=5.0127 8.05319 13.4817 13.3458 5.07177
threshold=4.1855304241180429 3.5334628820419316 2.1355464458465581 1.4855884313583376 1322444.3125000002
decision_type=2 2 2 2 2
left_child=1 2 -1 -3 -2
right_child=4 3 -4 -5 -6
leaf_value=-0.0023478770419451218 0.077605597263722362 -0.073661190280408725 0.040151337350768194 0.059384919923573615 0
leaf_weight=171.09522031247616 4.2628070414066297 8.1097899451851827 20.928965538740158 2.4146089777350417 4.000360332429409
leaf_count=512 6 45 43 5 14
internal_value=0.00148144 -5.11976e-05 0.00225813 -0.0426614 0.0396548
internal_weight=210.812 202.549 192.024 10.5244 8.26317
internal_count=625 605 555 50 20
is_linear=0
shrinkage=0.05


Tree=77
num_leaves=8
num_cat=0
split_feature=41 71 58 54 41 56 49
split_gain=4.82884 11.951 10.503 8.91665 13.3985 7.79764 5.78211
threshold=1.7669116854667666 56103.066406250007 -271015.99999999994 1.4982115030288699 0.65468356013298046 0.73246860504150402 0.26869304478168493
decision_type=2 2 2 2 2 2 2
left_child=3 6 -3 4 -1 -5 -2
right_child=1 2 -4 5 -6 -7 -8
leaf_value=-0.0026609647359169537 0.021490964599534618 -0.07470898057471323 0.01267199427002577 0.051658597399213024 -0.050977788232969383 0.0048350071685646819 0.08040421414248855
leaf_weight=108.95988316088915 9.7813838273286837 4.6998374164104488 12.621636755764483 11.689572572708128 16.57567223906517 38.437035821378231 7.6791099905967704
leaf_count=337 24 24 30 19 70 113 8
internal_value=0.00140772 0.0184425 -0.0107484 -0.00193678 -0.00908053 0.0158541 0.0476873
internal_weight=210.444 34.782 17.3215 175.662 125.536 50.1266 17.4605
internal_count=625 86 54 539 407 132 32
is_linear=0
shrinkage=0.05


Tree=78
num_leaves=5
num_cat=0
split_feature=37 35 31 22
split_gain=4.798 9.74951 10.9841 7.08916
threshold=3.2578651905059819 2.1184532642364506 4.76723337173462 137729.46093750003
decision_type=2 2 2 2
left_child=1 3 -3 -1
right_child=-2 2 -4 -5
leaf_value=0.00072910650176154072 0.04897758494962607 -0.084089792256267337 0.0065234737052870702 0.044082550903931678
leaf_weight=181.46629302203655 5.1569861322641364 7.0480422675609571 6.1837010309100151 9.9640708416700345
leaf_count=550 9 32 17 17
internal_value=0.00134305 0.000118345 -0.0413649 0.0030118
internal_weight=209.819 204.662 13.2317 191.43
internal_count=625 616 49 567
is_linear=0
shrinkage=0.05


Tree=79
num_leaves=5
num_cat=0
split_feature=56 72 56 21
split_gain=4.72174 6.06907 6.42677 2.25554
threshold=-1.3072846531867979 -2580078.4999999995 5.64491891860962 -51.44990158081054
decision_type=2 2 2 2
left_child=3 -2 -3 -1
right_child=1 2 -4 -5
leaf_value=0.012382506688090704 -0.065887108537863198 -0.002450686670858231 0.027150844808814391 0.058395405664243609
leaf_weight=6.6111030429601669 3.48835664987564 174.03188922256231 20.486051887273788 4.9037623107433301
leaf_count=15 21 534 48 7
internal_value=0.00127957 -0.000505649 0.000641154 0.0324119
internal_weight=209.521 198.006 194.518 11.5149
internal_count=625 603 582 22
is_linear=0
shrinkage=0.05


Tree=80
num_leaves=5
num_cat=0
split_feature=19 21 55 7
split_gain=4.58548 8.13489 6.19995 3.46889
threshold=155327.47656250003 50010.847656250007 -2.1406106948852535 1.7780368924140932
decision_type=2 2 2 2
left_child=1 2 -1 -2
right_child=3 -3 -4 -5
leaf_value=0.041462237946228754 0.059143832605540542 -0.073753501178194514 -0.0011015190935690848 0.0031245997427676647
leaf_weight=8.9653745293617231 5.8129605501890165 3.724137768149375 184.9389032125473 5.6480872258543968
leaf_count=17 9 18 566 15
internal_value=0.00121858 -0.000539687 0.000840676 0.0319734
internal_weight=209.089 197.628 193.904 11.461
internal_count=625 601 583 24
is_linear=0
shrinkage=0.05


Tree=81
num_leaves=6
num_cat=0
split_feature=40 12 61 70 35
split_gain=4.73793 8.35752 6.66988 7.08777 5.05074
threshold=-2.3664505481719966 22202839.000000004 57.286777496337898 242595.67968750003 -2.0496504306793208
decision_type=2 2 2 2 2
left_child=1 -1 -2 -4 -3
right_child=2 4 3 -5 -6
leaf_value=0.06455581518646078 -0.070950322006963107 0.026716136651452196 -0.0038201834554315579 0.022097390727982519 -0.067207548369510858
leaf_weight=7.5883822441101056 3.3296167626976958 3.1210326552391052 160.5767795369029 31.555466629564762 2.5849208980798721
leaf_count=11 18 7 502 72 15
internal_value=0.00115998 0.0300526 -0.000779572 0.00041045 -0.0149571
internal_weight=208.756 13.2943 195.462 192.132 5.70595
internal_count=625 33 592 574 22
is_linear=0
shrinkage=0.05


Tree=82
num_leaves=6
num_cat=0
split_feature=39 57 37 46 43
split_gain=4.5406 5.91488 8.31252 8.06332 5.5873
threshold=2.8276703357696538 1.647909462451935 3.1046208143234257 1.2291524410247805 244433.29687500003
decision_type=2 2 2 2 2
left_child=1 3 -3 -1 -2
right_child=4 2 -4 -5 -6
leaf_value=0.004783753338413725 0.047008966958681002 -0.060621444104351919 0.040819206291165214 -0.029790505571104093 -0.018901042755556059
leaf_weight=163.22047293186188 10.773951455950735 8.4817677065730077 2.5895951092243186 18.794064059853554 4.4554498940706244
leaf_count=481 19 38 5 64 18
internal_value=0.0011027 -0.000945434 -0.0364428 0.00118629 0.0273983
internal_weight=208.315 193.086 11.0714 182.015 15.2294
internal_count=625 588 43 545 37
is_linear=0
shrinkage=0.05


Tree=83
num_leaves=8
num_cat=0
split_feature=41 43 54 41 56 43 54
split_gain=4.54543 11.0764 7.51904 12.2449 7.44225 7.13898 6.76891
threshold=1.7669116854667666 177820.97656250003 1.4982115030288699 0.65468356013298046 0.73246860504150402 826748.87500000012 0.16134963929653171
decision_type=2 2 2 2 2 2 2
left_child=2 6 3 -1 -4 -3 -2
right_child=1 5 4 -5 -6 -7 -8
leaf_value=-0.0026442192644679555 0.054842411710784369 -0.059006318036139538 0.049454392818855566 -0.049191114349352888 0.0033998364393537568 0.0312177521292137 0
leaf_weight=108.05227200686932 15.974509924650194 6.307361535727976 11.534064427018164 16.308103710412979 37.828447073698044 3.2808377742767334 8.7144057303667051
leaf_count=337 28 27 19 70 113 7 24
internal_value=0.00104776 0.017704 -0.00220988 -0.00878839 0.0142623 -0.0276125 0.0355056
internal_weight=208 34.2771 173.723 124.36 49.3625 9.5882 24.6889
internal_count=625 86 539 407 132 34 52
is_linear=0
shrinkage=0.05


Tree=84
num_leaves=8
num_cat=0
split_feature=36 38 58 56 4 19 43
split_gain=4.58724 16.8484 13.6425 11.8042 9.3097 6.32665 6.27872
threshold=-1.62512731552124 -1.6064575314521787 -331775.99999999994 1.2373754978179934 156310.55468750003 2544.700073242188 703128.34375000012
decision_type=2 2 2 2 2 2 2
left_child=2 6 3 -1 -3 -4 -2
right_child=1 4 5 -5 -6 -7 -8
leaf_value=-0.055801977198634473 -0.08274872723805396 -0.0035621548906742194 -0.012620983636162129 0.020220707750699632 0.0339472327609995 0.04811881966223365 0.016374774787556102
leaf_weight=9.9141559079289454 8.5610289648175222 129.44308171421289 5.1099396347999599 10.40630169212818 18.954770378768444 23.172213777899742 1.8653666451573361
leaf_count=47 42 400 18 30 43 39 6
internal_value=0.000998987 -0.00308834 0.0144585 -0.016624 0.0011952 0.0369677 -0.0645352
internal_weight=207.427 158.824 48.6026 20.3205 148.398 28.2822 10.4264
internal_count=625 491 134 77 443 57 48
is_linear=0
shrinkage=0.05


Tree=85
num_leaves=7
num_cat=0
split_feature=36 9 36 54 11 56
split_gain=4.53301 8.08583 7.49458 6.43709 8.0146 2.74884
threshold=1.6011901497840884 74147340.000000015 2.4179753065109257 -1.6761750578880308 64.254997253417983 -1.3072846531867979
decision_type=2 2 2 2 2 2
left_child=3 -2 -3 5 -5 -1
right_child=1 2 -4 4 -6 -7
leaf_value=0.063552620041647967 -0.072640461242357651 -0.027888302844391939 0.054904049412853866 -0.005041369408729476 0.020655367569468442 0.016682285070713763
leaf_weight=5.6138851344585419 5.6346544995903995 8.2077042907476407 4.0978703498840323 136.11888328939676 39.031249865889549 7.9662700444459897
leaf_count=8 32 32 6 434 94 19
internal_value=0.000950492 -0.0230328 0 0.00325677 0.000656461 0.0364261
internal_weight=206.671 17.9402 12.3056 188.73 175.15 13.5802
internal_count=625 70 38 555 528 27
is_linear=0
shrinkage=0.05


Tree=86
num_leaves=7
num_cat=0
split_feature=40 12 70 40 60 36
split_gain=4.31785 7.42824 6.1384 15.1361 7.83769 4.79041
threshold=-2.3664505481719966 22202839.000000004 242595.67968750003 1.0000000180025095e-35 -0.0029027829878032203 0.70799696445465099
decision_type=2 2 2 2 2 2
left_child=1 -1 3 -2 -4 -3
right_child=2 5 4 -5 -6 -7
leaf_value=0.0616577303288951 -0.023480628301263178 -0.052279792797062213 -0.034116214893468465 0.0076913995681070603 0.030669320687660869 0.042676708124061304
leaf_weight=7.4251144826412183 65.45115964114666 3.364237517118454 5.6121787801384952 95.841298617422581 26.221552334725857 2.1501817107200623
leaf_count=11 247 17 22 269 54 5
internal_value=0.00090625 0.0288802 -0.000942129 -0.00492695 0.0190908 -0.0143477
internal_weight=206.066 12.9395 193.126 161.292 31.8337 5.51442
internal_count=625 33 592 516 76 22
is_linear=0
shrinkage=0.05


Tree=87
num_leaves=5
num_cat=0
split_feature=58 38 11 40
split_gain=4.54846 6.34562 6.893 6.25281
threshold=2135424.0000000005 2.2148910760879521 64.254997253417983 -0.12787858024239537
decision_type=2 2 2 2
left_child=1 2 -1 -3
right_child=-2 3 -4 -5
leaf_value=-0.00098553050534370924 -0.048598862223683106 0.0056376937749946449 0.021887312057400205 -0.074090624508702838
leaf_weight=149.13805320858955 4.5372072830796233 4.3899449780583382 42.148805111646652 5.2940011098980886
leaf_count=462 18 14 102 29
internal_value=0.000863977 0.00200555 0.00402821 -0.0374317
internal_weight=205.508 200.971 191.287 9.68395
internal_count=625 607 564 43
is_linear=0
shrinkage=0.05


Tree=88
num_leaves=8
num_cat=0
split_feature=44 44 60 7 43 58 4
split_gain=4.38988 7.35329 9.42594 6.85656 11.4878 9.5871 6.37852
threshold=243690.54687500003 509914.10937500006 -0.012500641401857136 1.538615942001343 18692.464843750004 -490495.99999999994 58441.781250000007
decision_type=2 2 2 2 2 2 2
left_child=3 2 -2 4 -1 -5 -3
right_child=1 6 -4 5 -6 -7 -8
leaf_value=0.012031450357412968 0.036257560496587224 -0.028051098948471909 -0.0699099441668211 -0.014809767163110799 -0.05618220233718222 0.014184625931558011 0.047684294573845244
leaf_weight=12.539491191506388 2.6120835319161406 5.5106677860021573 9.5074857920408267 37.215471476316452 11.979531988501547 120.30599895119667 5.5422340929508209
leaf_count=33 7 27 57 136 49 303 13
internal_value=0.000818233 -0.0196467 -0.0466155 0.00345074 -0.0210925 0.00730277 0.00947238
internal_weight=205.213 23.1725 12.1196 182.04 24.519 157.521 11.0529
internal_count=625 104 64 521 82 439 40
is_linear=0
shrinkage=0.05


Tree=89
num_leaves=5
num_cat=0
split_feature=51 65 71 17
split_gain=4.23835 5.50443 12.8093 6.77054
threshold=-0.034496428444981568 -1.5176281332969663 34681.716796875007 162443.65625000003
decision_type=2 2 2 2
left_child=-1 2 -2 -3
right_child=1 3 -4 -5
leaf_value=0.038720184971176408 0.019916433758940186 -0.00015396469795348605 -0.054204604682105355 0.038804904138435015
leaf_weight=7.1075662001967421 9.9156772345304507 161.57667194679379 13.895722880959509 11.959590822458265
leaf_count=17 25 493 66 24
internal_value=0.000776173 -0.000565061 -0.0231287 0.00250215
internal_weight=204.455 197.348 23.8114 173.536
internal_count=625 608 91 517
is_linear=0
shrinkage=0.05


Tree=90
num_leaves=8
num_cat=0
split_feature=36 58 60 18 56 28 17
split_gain=4.23665 11.6368 11.4445 11.0849 10.9746 8.79118 6.5611
threshold=-1.62512731552124 -331775.99999999994 -0.008772444445639847 189201.54687500003 1.2373754978179934 -868.18749999999989 4425.1000976562509
decision_type=2 2 2 2 2 2 2
left_child=1 4 3 -2 -1 -4 -3
right_child=2 6 5 -5 -6 -7 -8
leaf_value=-0.053787715340681053 -0.074523611965124512 0.00056789957846267388 -0.075350091889506518 0.019031210230243185 0.020323892745993857 0.0031581799752451478 0.052537585828486444
leaf_weight=9.5826523080468196 10.106181934475897 9.4273826181888598 3.6582636386156073 4.5012404322624198 10.314159885048864 138.28738072514534 18.129488557577133
leaf_count=47 53 28 18 10 30 410 29
internal_value=0.000738353 0.0138457 -0.00320274 -0.0453526 -0.0151183 0.00109962 0.0349399
internal_weight=204.007 47.4537 156.553 14.6074 19.8968 141.946 27.5569
internal_count=625 134 491 63 77 428 57
is_linear=0
shrinkage=0.05


Tree=91
num_leaves=6
num_cat=0
split_feature=56 2 23 26 21
split_gain=4.20854 5.48531 10.6175 7.38856 2.21933
threshold=-1.3072846531867979 1734674.5625000002 64.500000000000014 0.025714286603033546 -51.44990158081054
decision_type=2 2 2 2 2
left_child=4 2 -2 -3 -1
right_child=1 3 -4 -5 -6
leaf_value=0.0102964905430837 -0.031411133485614411 0.011763314467441673 0.0058815598926787041 -0.021166681116400396 0.056748290856152329
leaf_weight=6.3172706067562103 35.570196218788624 95.03652673214674 40.80292134732008 20.673679668456316 4.7536566704511625
leaf_count=15 137 262 115 89 7
internal_value=0.000703129 -0.000999379 -0.0114218 0.00583658 0.0306937
internal_weight=203.154 192.083 76.3731 115.71 11.0709
internal_count=625 603 252 351 22
is_linear=0
shrinkage=0.05


Tree=92
num_leaves=6
num_cat=0
split_feature=30 30 57 26 1
split_gain=4.37044 6.68278 11.1868 7.13203 4.18397
threshold=4.1855304241180429 3.5334628820419316 1.4855884313583376 0.040357122197747237 1322444.3125000002
decision_type=2 2 2 2 2
left_child=1 3 -3 -1 -2
right_child=4 2 -4 -5 -6
leaf_value=0.0026350569486466285 0.07166093037381524 -0.071073359640532185 0.055252160192829997 -0.072619163177311027 0
leaf_weight=181.73571798950434 4.1586473882198325 7.4471908472478372 2.2475489750504494 3.2015049606561652 3.8106935322284698
leaf_count=537 6 45 5 18 14
internal_value=0.000671039 -0.000789806 -0.0412713 0.00130527 0.0369761
internal_weight=202.601 194.632 9.69474 184.937 7.96934
internal_count=625 605 50 555 20
is_linear=0
shrinkage=0.05


Tree=93
num_leaves=8
num_cat=0
split_feature=44 61 2 51 13 31 2
split_gain=4.21526 10.0915 15.5745 8.44226 7.31004 3.92081 2.2908
threshold=17085.650390625004 267.39993286132818 1186265.8125000002 0.021609970368444923 30159730.000000004 -3.3733875751495357 7449532.7500000009
decision_type=2 2 2 2 2 2 2
left_child=1 2 -1 4 -2 -3 -5
right_child=3 5 -4 6 -6 -7 -8
leaf_value=-0.064803913331115626 0.02372022251159488 -0.0035954509441675914 -0.003452932954955917 -0.075876707369583032 -0.0008390170619268205 0.050746948139254081 -0.0065910702779117345
leaf_weight=13.854615055024622 49.025567211210728 5.2763797491788855 41.621337994933128 3.8124238401651374 78.353581763803959 8.2604074180126172 1.9787525683641431
leaf_count=69 111 15 132 21 252 15 10
internal_value=0.00063562 -0.00936536 -0.0188649 0.00585597 0.00857407 0.029196 -0.0530663
internal_weight=202.183 69.0127 55.476 133.17 127.379 13.5368 5.79118
internal_count=625 231 201 394 363 30 31
is_linear=0
shrinkage=0.05


Tree=94
num_leaves=7
num_cat=0
split_feature=23 19 48 30 2 57
split_gain=4.20424 11.6938 7.77935 7.5385 7.21704 5.32763
threshold=5.5000000000000009 2158.9899902343755 -0.8375052511692046 0.80376306176185619 3407724.1250000005 1.045345187187195
decision_type=2 2 2 2 2 2
left_child=3 -2 -3 5 -5 -1
right_child=1 2 -4 4 -6 -7
leaf_value=0.0074446332807013172 -0.071180115018554521 -0.074255879882891312 0.0011743256918210045 0.00053483686392786481 0.041859234539092342 -0.086404050996808396
leaf_weight=2.8851691037416449 6.1192772239446631 3.5006553232669821 143.14974147081375 21.930857136845589 20.843923419713974 2.9844551756978035
leaf_count=8 33 18 443 67 42 14
internal_value=0.000597969 -0.00345233 -0.000592155 0.0134209 0.0207889 -0.0394216
internal_weight=201.414 152.77 146.65 48.6444 42.7748 5.86962
internal_count=625 494 461 131 109 22
is_linear=0
shrinkage=0.05


Tree=95
num_leaves=5
num_cat=0
split_feature=58 36 41 3
split_gain=4.20967 5.39219 7.99733 7.08515
threshold=2135424.0000000005 1.6011901497840884 0.5469895899295808 1546421.1875000002
decision_type=2 2 2 2
left_child=1 3 -3 -1
right_child=-2 2 -4 -5
leaf_value=0.0022038516722416991 -0.047521629832284529 -0.058110960988490501 0.012989303888800457 0.055211230230294277
leaf_weight=174.06292402371764 4.4431570172309867 8.8028946891427022 7.0108907148241988 6.5567602068185797
leaf_count=530 18 48 19 10
internal_value=0.00056747 0.00168066 -0.0262732 0.00415578
internal_weight=200.877 196.433 15.8138 180.62
internal_count=625 607 67 540
is_linear=0
shrinkage=0.05


Tree=96
num_leaves=6
num_cat=0
split_feature=30 30 57 26 1
split_gain=4.0342 6.0577 10.1993 6.65284 3.82613
threshold=4.1855304241180429 3.5334628820419316 1.4855884313583376 0.040357122197747237 1322444.3125000002
decision_type=2 2 2 2 2
left_child=1 3 -3 -1 -2
right_child=4 2 -4 -5 -6
leaf_value=0.0023889808649516131 0.069051638443805421 -0.069447597990764082 0.052536870547336162 -0.071206033012354231 0
leaf_weight=180.20809960365295 4.1030920147895804 7.1470511406660062 2.2072411403059959 3.1218834519386283 3.753491647541523
leaf_count=537 6 45 5 18 14
internal_value=0.000539099 -0.000867571 -0.0401296 0.00110848 0.0356744
internal_weight=200.541 192.684 9.35429 183.33 7.85658
internal_count=625 605 50 555 20
is_linear=0
shrinkage=0.05


Tree=97
num_leaves=7
num_cat=0
split_feature=8 57 18 56 2 69
split_gain=4.19824 9.67697 13.3439 5.57375 6.9502 2.68632
threshold=2.1917999982833867 1.3722704052925112 9388.8999023437518 -1.3072846531867979 1186265.8125000002 28.571404457092289
decision_type=2 2 2 2 2 2
left_child=3 2 -2 5 -5 -1
right_child=1 -3 -4 4 -6 -7
leaf_value=0.00038457228867571453 -0.069633787694552876 0.06198306897994308 0.030297535095029571 -0.023169549028756887 0.0011590123823655351 0.053298857169899197
leaf_weight=4.1339125186204893 5.1119302660226849 8.7750846147537214 9.605049751698969 37.958910740911961 128.10730391740799 6.4272903800010681
leaf_count=11 32 14 22 137 399 10
internal_value=0.000510181 0.0203879 -0.00407378 -0.00210531 -0.00437183 0.0330603
internal_weight=200.119 23.4921 14.717 176.627 166.066 10.5612
internal_count=625 68 54 557 536 21
is_linear=0
shrinkage=0.05


Tree=98
num_leaves=8
num_cat=0
split_feature=41 71 58 49 49 18 49
split_gain=3.90042 10.0134 8.4973 8.31087 7.72626 7.4559 5.1339
threshold=1.7669116854667666 56103.066406250007 -271015.99999999994 0.74994662404060375 2.2520035505294804 96430.902343750015 0.26869304478168493
decision_type=2 2 2 2 2 2 2
left_child=3 6 -3 5 -5 -1 -2
right_child=1 2 -4 4 -6 -7 -8
leaf_value=-0.0023424014372253948 0.01835512565847949 -0.071542774795135336 0.010038848425826757 -0.044128772093913374 0.019899085725528627 0.031369752915156097 0.075429864960243356
leaf_weight=122.15532151609659 9.2745079100132006 4.3241835385561016 11.940318256616591 19.591461777687076 6.0820682495832434 18.919031523168087 7.264867663383483
leaf_count=407 24 24 30 74 16 42 8
internal_value=0.000488869 0.0162702 -0.0113435 -0.00258577 -0.0287658 0.00214319 0.0437273
internal_weight=199.552 32.8039 16.2645 166.748 25.6735 141.074 16.5394
internal_count=625 86 54 539 90 449 32
is_linear=0
shrinkage=0.05


Tree=99
num_leaves=6
num_cat=0
split_feature=40 9 12 12 39
split_gain=3.8495 6.73054 6.75115 6.62889 4.38795
threshold=-2.3664505481719966 29110850.000000004 14855837.500000002 17897528.000000004 1.6128160953521731
decision_type=2 2 2 2 2
left_child=3 -2 -3 -1 -5
right_child=1 2 -4 4 -6
leaf_value=0.066441725733313819 -0.077022480974079044 0.027266919161772082 -0.003450667591887566 -0.051340459256563442 0.031394247975207096
leaf_weight=5.8086124658584577 2.8880831450223914 20.08062557131052 163.68754460662603 3.0056742429733276 3.385718084871769
leaf_count=8 15 47 530 15 10
internal_value=0.000468538 -0.0012844 -6.69023e-05 0.0276978 -0.00673103
internal_weight=198.856 186.656 183.768 12.2 6.39139
internal_count=625 592 577 33 25
is_linear=0
shrinkage=0.05


end of trees

feature_importances:
ret_kurt_20=34
liq_short_5=32
z_btc_10=28
z_btc_20=24
Bid_Trades=20
atr=18
z_oi=18
Sell_Qty=16
Delta_Qty=16
z_ls=16
cvd_accel=15
liq_short_5_mean=15
Ask_Trades=14
Buy_Qty=13
Candle_Delta=13
ret_skew_20=13
liq_long_5_mean=13
z_bid_trades=12
ret_kurt_10=12
atr_ratio=11
Net_Shorts=10
Net_Longs=10
z_ask_trades=10
Ask_Qty=9
ema_slow=9
liq_long_5=9
ret_lag1=9
vol_regime=8
price_atr=8
Candle=7
Long/Short_Ratio_(Account)=7
Agg._OI=7
log_ret_3=7
btc_CVD=7
RSI=6
Bid_Qty=6
Bid_USD=6
btc_cvd_mom=6
z_btc_4=6
Agg._Liq_Long=5
Whale_Ind=5
macro_score=5
z_bid_qty=5
ema_50=5
stoch_k=5
CVD=4
atr_ratio_lag1=4
cvd_delta=3
z_cvd_4=3
z_cvd_20=3
log_ret_1=3
rsi=3
Agg._Liq_Short=2
Ask_USD=2
Delta_USD=2
ema_fast=2
z_cvd_10=2
z_ask_qty=2
pull_ema8=2
funding=1
log_ret_5=1
ret_skew_10=1
pull_ema50=1

parameters:
[boosting: gbdt]
[objective: binary]
[metric: binary_logloss]
[tree_learner: serial]
[device_type: cpu]
[data_sample_strategy: bagging]
[data: ]
[valid: ]
[num_iterations: 100]
[learning_rate: 0.05]
[num_leaves: 31]
[num_threads: 1]
[seed: 42]
[deterministic: 0]
[force_col_wise: 0]
[force_row_wise: 0]
[histogram_pool_size: -1]
[max_depth: 3]
[min_data_in_leaf: 10]
[min_sum_hessian_in_leaf: 0.001]
[bagging_fraction: 0.8]
[pos_bagging_fraction: 1]
[neg_bagging_fraction: 1]
[bagging_freq: 0]
[bagging_seed: 400]
[bagging_by_query: 0]
[feature_fraction: 0.8]
[feature_fraction_bynode: 1]
[feature_fraction_seed: 30056]
[extra_trees: 0]
[extra_seed: 12879]
[early_stopping_round: 0]
[early_stopping_min_delta: 0]
[first_metric_only: 0]
[max_delta_step: 0]
[lambda_l1: 0.1]
[lambda_l2: 0]
[linear_lambda: 0]
[min_gain_to_split: 0]
[drop_rate: 0.1]
[max_drop: 50]
[skip_drop: 0.5]
[xgboost_dart_mode: 0]
[uniform_drop: 0]
[drop_seed: 17869]
[top_rate: 0.2]
[other_rate: 0.1]
[min_data_per_group: 100]
[max_cat_threshold: 32]
[cat_l2: 10]
[cat_smooth: 10]
[max_cat_to_onehot: 4]
[top_k: 20]
[monotone_constraints: ]
[monotone_constraints_method: basic]
[monotone_penalty: 0]
[feature_contri: ]
[forcedsplits_filename: ]
[refit_decay_rate: 0.9]
[cegb_tradeoff: 1]
[cegb_penalty_split: 0]
[cegb_penalty_feature_lazy: ]
[cegb_penalty_feature_coupled: ]
[path_smooth: 0]
[interaction_constraints: ]
[verbosity: -1]
[saved_feature_importance_type: 0]
[use_quantized_grad: 0]
[num_grad_quant_bins: 4]
[quant_train_renew_leaf: 0]
[stochastic_rounding: 1]
[linear_tree: 0]
[max_bin: 63]
[max_bin_by_feature: ]
[min_data_in_bin: 3]
[bin_construct_sample_cnt: 200000]
[data_random_seed: 175]
[is_enable_sparse: 1]
[enable_bundle: 1]
[use_missing: 1]
[zero_as_missing: 0]
[feature_pre_filter: 1]
[pre_partition: 0]
[two_round: 0]
[header: 0]
[label_column: ]
[weight_column: ]
[group_column: ]
[ignore_column: ]
[categorical_feature: ]
[forcedbins_filename: ]
[precise_float_parser: 0]
[parser_config_file: ]
[objective_seed: 16083]
[num_class: 1]
[is_unbalance: 0]
[scale_pos_weight: 4.34188]
[sigmoid: 1]
[boost_from_average: 1]
[reg_sqrt: 0]
[alpha: 0.9]
[fair_c: 1]
[poisson_max_delta_step: 0.7]
[tweedie_variance_power: 1.5]
[lambdarank_truncation_level: 30]
[lambdarank_norm: 1]
[label_gain: ]
[lambdarank_position_bias_regularization: 0]
[eval_at: ]
[multi_error_top_k: 1]
[auc_mu_weights: ]
[num_machines: 1]
[local_listen_port: 12400]
[time_out: 120]
[machine_list_filename: ]
[machines: ]
[gpu_platform_id: -1]
[gpu_device_id: -1]
[gpu_use_dp: 0]
[num_gpu: 1]

end of parameters

pandas_categorical:[]
