tree
version=v4
num_class=1
num_tree_per_iteration=1
label_index=0
max_feature_idx=72
objective=binary sigmoid:1
feature_names=Candle Buy_Qty Sell_Qty Candle_Delta Agg._Liq_Long Agg._Liq_Short CVD Long/Short_Ratio_(Account) Whale_Ind Agg._OI Agg._Funding_Rate RSI Net_Shorts Net_Longs Price_Low Price_High Mid_Price Bid_Qty Ask_Qty Bid_USD Ask_USD Delta_Qty Delta_USD Bid_Trades Ask_Trades total_qty atr cvd_delta btc_cvd_mom ema_fast ema_slow macro_score macro z_cvd_4 z_btc_4 z_cvd_10 z_btc_10 z_cvd_20 z_btc_20 vol_regime z_oi z_ls funding liq_long_5 liq_short_5 z_bid_qty z_ask_qty z_delta_qty z_bid_trades z_ask_trades log_ret_1 log_ret_3 log_ret_5 ret_skew_10 ret_kurt_10 ret_skew_20 ret_kurt_20 atr_ratio cvd_accel atr_ratio_lag1 ret_lag1 price_atr ema_8 ema_21 ema_50 pull_ema8 pull_ema21 pull_ema50 rsi stoch_k liq_long_5_mean liq_short_5_mean btc_CVD
feature_infos=[15755:212845] [3354163:1289251968] [2700188:1409430784] [-329588064:183279760] [0:88728168] [0:67558504] [-319304630272:-17976440832] [0:7.4484753608703613] [0:6.9063000679016113] [0:3767788032] [-0.0040190001018345356:0.0054216799326241016] [0:88.470001220703125] [0:1118231168] [0:2952126464] [0:0.64999997615814209] [0:0.64999997615814209] [0:0.64999997615814209] [0:18560572] [0:41185848] [0:1314074.5] [0:1442486.625] [-25024362:5850396] [-578376:1329561] [0:2712] [0:3139] [0:35901736] [5.7857082538248505e-06:0.035483703017234802] [-499433472:239927296] [-11857.625:18937.375] [4.6080356696620584e-05:0.65381467342376709] [4.9971069529419765e-05:0.54366797208786011] [-159.75360107421875:37.696414947509766] [-1:1] [-1.499968409538269:1.4999970197677612] [-1.4999138116836548:1.4992203712463379] [-2.8260219097137451:2.8430356979370117] [-2.8374917507171631:2.8371269702911377] [-4.1526975631713867:4.1683831214904785] [-4.1117653846740723:4.0700478553771973] [-2.5546529293060303:9.8999996185302734] [-7.0528163909912109:7.8028745651245117] [-6.4102044105529785:5.2882175445556641] [-0.0040190001018345356:0.0054216799326241016] [0:107926248] [0:316285696] [-1.449709415435791:2.8454568386077881] [-1.6631064414978027:2.8396933078765869] [-2.8394973278045654:2.582550048828125] [-1.7217749357223511:2.8380987644195557] [-1.6172415018081665:2.7847914695739746] [-0.28768208622932434:0.18232147395610809] [-0.40546506643295288:0.18232147395610809] [-0.5596158504486084:0.18232147395610809] [-3.1622776985168457:3.1622776985168457] [-3:10] [-4.4721360206604004:4.4721360206604004] [-3:20] [0.30000001192092896:3] [-265535488:262471680] [0.30000001192092896:3] [-0.16402740776538849:0.28768211603164673] [0:5493.02197265625] [0.0010275555541738868:0.65728926658630371] [0.00042036361992359161:0.65317314863204956] [0.00018133332196157426:0.6515038013458252] [-10.89332103729248:621.6082763671875] [-13.067852020263672:726.55511474609375] [-16.069190979003906:767.86907958984375] [0:100] [0:100] [0:57534524] [0:139393520] [-2639889.75:-317868.96875]
tree_sizes=966 991 990 992 995 996 986 981 989 994 989 996 1000 988 875 877 981 990 988 997 988 980 979 879 991 979 982 983 982 972 988 886 985 880 985 884 884 1003 990 983 890 889 984 881 892 884 892 892 978 892 988 883 887 989 782 678 983 987 982 994 884 974 996 999 971 888 985 985 989 671 983 883 977 985 782 991 772 678 982 891 782 769 776 983 986 782 990 937 990 988 944 892 996 890 985 668 877 680 782 667

Tree=0
num_leaves=8
num_cat=0
split_feature=26 25 26 43 38 55 63
split_gain=176.683 90.4624 15.7651 6.43288 6.2313 3.26516 1.60511
threshold=0.001896067464258522 1.0000000180025095e-35 0.0042857171501964339 1.0000000180025095e-35 2.3419967889785771 0.58279144763946544 0.072389177978038802
decision_type=2 2 2 2 2 2 2
left_child=1 3 4 -1 -2 -4 -3
right_child=2 6 5 -5 -6 -7 -8
leaf_value=0.40207502169477799 0.34298753946789412 0.28106471507254566 0.29355050704980928 0.45303526984350179 0.40555562286873725 0.35194734062880162 0.32140160162096404
leaf_weight=7.0043342858552924 86.355140522122383 4.9688645154237729 21.809621766209606 72.675434395670891 4.0260810256004325 3.0533918589353553 7.7856259495019913
leaf_count=38 418 21 95 430 22 15 36
internal_value=0.377329 0.428788 0.336012 0.448618 0.34583 0.300521 0.305295
internal_weight=207.678 92.4343 115.244 79.6798 90.3812 24.863 12.7545
internal_count=1075 525 550 468 440 110 57
is_linear=0
shrinkage=1


Tree=1
num_leaves=8
num_cat=0
split_feature=26 11 26 11 38 55 69
split_gain=158.029 84.3633 13.7133 6.88097 5.53134 2.79835 2.62362
threshold=0.001896067464258522 1.0000000180025095e-35 0.0042857171501964339 79.739997863769545 2.3419967889785771 0.58279144763946544 92.054653167724624
decision_type=2 2 2 2 2 2 2
left_child=1 6 4 -3 -2 -4 -1
right_child=2 3 5 -5 -6 -7 -8
leaf_value=-0.10054258374118326 -0.051462673403791896 0.053294303346656205 -0.097164109291205739 -0.0062975163938138084 0.0074565365583882312 -0.043106230167378905 -0.046018286918003422
leaf_weight=9.8517967015504819 87.224782034754753 73.56981061398983 22.201777875423435 5.0263244658708564 4.0198339223861685 3.0793917179107657 3.3476125746965399
leaf_count=42 418 440 95 27 22 15 16
internal_value=-0.0192932 0.0297359 -0.0579597 0.0494197 -0.0488122 -0.0907773 -0.087093
internal_weight=208.321 91.7955 116.526 78.5961 91.2446 25.2812 13.1994
internal_count=1075 525 550 467 440 110 58
is_linear=0
shrinkage=0.05


Tree=2
num_leaves=8
num_cat=0
split_feature=26 54 26 56 57 70 47
split_gain=141.7 74.5831 12.3857 6.26484 4.17257 3.20945 1.80073
threshold=0.001896067464258522 9.2837805747985858 0.0039285731036216029 4.9851572513580331 0.30105739831924444 3213562.6250000005 -0.16304752230644223
decision_type=2 2 2 2 2 2 2
left_child=1 6 3 -2 -3 -4 -1
right_child=2 4 5 -5 -6 -7 -8
leaf_value=-0.057502402535990517 -0.02219083460639816 -0.0063354268214768352 -0.056853851007316908 -0.052851510363102074 0.049521686628543497 -0.090966350380259312 -0.098439784092840876
leaf_weight=5.4184679239988327 24.151166453957558 3.3350959271192542 11.261945396661757 58.901027604937553 74.628200888633728 23.200798466801643 7.6600940823554975
leaf_count=25 121 18 52 278 450 99 32
internal_value=-0.0182961 0.0284919 -0.0545864 -0.0439957 0.0470681 -0.0799639 -0.0818617
internal_weight=208.557 91.0419 117.515 83.0522 77.9633 34.4627 13.0786
internal_count=1075 525 550 399 468 151 57
is_linear=0
shrinkage=0.05


Tree=3
num_leaves=8
num_cat=0
split_feature=26 11 26 11 56 70 69
split_gain=127.325 69.4689 11.0298 6.44649 5.55215 2.82787 2.22492
threshold=0.001896067464258522 1.0000000180025095e-35 0.0039285731036216029 79.739997863769545 4.9851572513580331 3213562.6250000005 92.054653167724624
decision_type=2 2 2 2 2 2 2
left_child=1 6 4 -3 -2 -4 -1
right_child=2 3 5 -5 -6 -7 -8
leaf_value=-0.089653810587754429 -0.021014305581847831 0.049550911263727071 -0.053672629148632481 -0.0084386940724715202 -0.049842507508370826 -0.085684792774758878 -0.039680152659392794
leaf_weight=10.045619443058966 24.226149573922157 71.788141891360283 11.331069678068159 4.979426532983779 59.322531387209892 23.393800646066666 3.3932693004608145
leaf_count=42 121 440 52 27 278 99 16
internal_value=-0.0173814 0.0273248 -0.0515207 0.0457244 -0.0415432 -0.0753829 -0.0774077
internal_weight=208.48 90.2065 118.274 76.7676 83.5487 34.7249 13.4389
internal_count=1075 525 550 467 399 151 58
is_linear=0
shrinkage=0.05


Tree=4
num_leaves=8
num_cat=0
split_feature=26 11 26 11 47 52 69
split_gain=114.633 63.1144 10.29 5.97003 3.77802 2.54895 1.98312
threshold=0.001896067464258522 1.0000000180025095e-35 0.0057142868172377357 79.739997863769545 -0.44330388307571406 0.070656832307577147 92.054653167724624
decision_type=2 2 2 2 2 2 2
left_child=1 6 4 -3 -2 -4 -1
right_child=2 3 5 -5 -6 -7 -8
leaf_value=-0.084843769141917949 -0.025512408514813841 0.047746606837671429 -0.096563447940792357 -0.0080005430562766905 -0.048392576633654434 -0.038489795777357221 -0.037567139723996147
leaf_weight=10.083208352327345 24.819164201617241 70.801222547888756 12.825766190886496 4.9892588555812827 78.583990633487701 2.5793180763721457 3.4046108424663535
leaf_count=42 121 440 52 27 365 12 16
internal_value=-0.0165395 0.0262348 -0.0487244 0.0440108 -0.0429492 -0.0871646 -0.0732809
internal_weight=208.087 89.2783 118.808 75.7905 103.403 15.4051 13.4878
internal_count=1075 525 550 467 486 64 58
is_linear=0
shrinkage=0.05


Tree=5
num_leaves=8
num_cat=0
split_feature=26 11 26 56 27 56 69
split_gain=103.363 56.2204 9.75961 6.25524 5.69381 4.41922 1.73899
threshold=0.0014285732759162786 1.0000000180025095e-35 0.0035714310361072425 4.9851572513580331 -90595327.999999985 8.7704877853393572 92.054653167724624
decision_type=2 2 2 2 2 2 2
left_child=1 6 3 -2 -3 -4 -1
right_child=2 4 5 -5 -6 -7 -8
leaf_value=-0.080185485596777351 -0.013139732262597258 -0.0018526869400203524 -0.070602703796317029 -0.044464016773161315 0.046935646654538969 0.00060727629282118908 -0.035599442938456419
leaf_weight=9.8317542821168882 22.580145508050919 6.3450369387865058 36.873917669057846 58.635637745261192 67.612131759524345 2.167792096734046 3.4129251539707175
leaf_count=41 113 37 159 273 425 11 16
internal_value=-0.015758 0.0256509 -0.0458263 -0.0358166 0.0426823 -0.0665207 -0.0690739
internal_weight=207.459 87.2018 120.257 81.2158 73.9572 39.0417 13.2447
internal_count=1075 519 556 386 462 170 57
is_linear=0
shrinkage=0.05


Tree=6
num_leaves=8
num_cat=0
split_feature=26 11 26 39 38 69 51
split_gain=93.3741 52.4497 8.86277 6.57287 5.39227 1.63859 1.48726
threshold=0.001896067464258522 1.0000000180025095e-35 0.0057142868172377357 -1.2611171603202818 2.3419967889785771 92.054653167724624 0.043505718931555755
decision_type=2 2 2 2 2 2 2
left_child=1 5 4 -3 -2 -1 -4
right_child=2 3 6 -5 -6 -7 -8
leaf_value=-0.076952244222679933 -0.040782450127726994 -0.066539871223096167 -0.088220053211112523 0.042932845664723121 0.016630429732828602 -0.033761690103567776 -0.046635987659625941
leaf_weight=10.047637179493902 99.862542912364006 1.3621756881475438 12.035551518201826 72.441171705722809 4.1376097798347464 3.4186071157455435 3.331339791417121
leaf_count=42 464 7 49 460 22 16 15
internal_value=-0.0150269 0.0242451 -0.0437806 0.0408446 -0.0384502 -0.066359 -0.0795305
internal_weight=206.637 87.2696 119.367 73.8033 104 13.4662 15.3669
internal_count=1075 525 550 467 486 58 64
is_linear=0
shrinkage=0.05


Tree=7
num_leaves=8
num_cat=0
split_feature=65 66 11 56 11 46 61
split_gain=62.2325 64.3819 9.25012 6.55555 6.34732 3.77728 3.44542
threshold=5.4142611026763925 -4.659634828567504 34.854999542236335 8.7704877853393572 79.739997863769545 -0.26969954371452326 294.50354003906256
decision_type=2 2 2 2 2 2 2
left_child=1 3 -3 -1 6 -6 -2
right_child=4 2 -4 -5 5 -7 -8
leaf_value=-0.033861416525010235 0.060636432448114633 -0.060448822325623042 -0.032547976635946628 0.045513862408255626 -0.057347085207587668 0.033850401651267861 0.012594454582612115
leaf_weight=2.7926452159881618 26.556783944368366 44.465964749455452 94.516869887709618 28.136445373296738 2.1681864559650421 2.3337912410497657 4.6594877243041983
leaf_count=14 177 196 452 183 11 14 28
internal_value=-0.014344 -0.026974 -0.0415105 0.0381853 0.0455972 -0.00896037 0.0536256
internal_weight=205.63 169.912 138.983 30.9291 35.7182 4.50198 31.2163
internal_count=1075 845 648 197 230 25 205
is_linear=0
shrinkage=0.05


Tree=8
num_leaves=8
num_cat=0
split_feature=26 54 26 56 27 56 21
split_gain=76.9012 42.5244 8.47497 5.67582 5.26667 3.95334 1.53
threshold=0.0014285732759162786 9.2837805747985858 0.0035714310361072425 4.9851572513580331 -90595327.999999985 8.7704877853393572 -1032224.4999999999
decision_type=2 2 2 2 2 2 2
left_child=1 6 3 -2 -3 -4 -1
right_child=2 4 5 -5 -6 -7 -8
leaf_value=-0.026362983307247151 -0.0085327230252354187 -0.0052400136238881546 -0.062569166013914018 -0.038250935071297322 0.042268699185117747 0.0047443240383367915 -0.070563941886684453
leaf_weight=2.9454996287822715 22.734675630927086 6.2043764591217032 36.663270905613899 58.940475136041641 65.123685136437416 2.173197165131568 9.8590386211872083
leaf_count=14 113 37 159 273 426 11 42
internal_value=-0.013684 0.0229618 -0.039309 -0.0300399 0.0380661 -0.0586737 -0.0607866
internal_weight=204.644 84.1326 120.512 81.6752 71.3281 38.8365 12.8045
internal_count=1075 519 556 386 463 170 56
is_linear=0
shrinkage=0.05


Tree=9
num_leaves=8
num_cat=0
split_feature=26 11 26 11 38 63 51
split_gain=69.6327 39.7188 7.98213 5.57053 4.80263 1.76281 1.37646
threshold=0.0014285732759162786 1.0000000180025095e-35 0.0057142868172377357 79.739997863769545 2.3419967889785771 0.072389177978038802 0.043505718931555755
decision_type=2 2 2 2 2 2 2
left_child=1 5 4 -3 -2 -1 -4
right_child=2 3 6 -5 -6 -7 -8
leaf_value=-0.081257515636336389 -0.034620782061864717 0.04089733088814243 -0.080161625444177806 -0.013925931176713644 0.019456189452878411 -0.041400716230272194 -0.040035953877833708
leaf_weight=5.2960047274827939 101.11280401051044 65.215009316802025 11.773390546441076 4.8452252447605124 4.1590844243764868 7.7026468217372894 3.3065571039915076
leaf_count=22 470 435 49 27 22 35 15
internal_value=-0.0130791 0.0220977 -0.0373973 0.0370345 -0.0324368 -0.0580241 -0.0716949
internal_weight=203.411 83.0589 120.352 70.0602 105.272 12.9987 15.0799
internal_count=1075 519 556 462 492 57 64
is_linear=0
shrinkage=0.05


Tree=10
num_leaves=8
num_cat=0
split_feature=26 11 26 39 54 55 69
split_gain=63.1339 37.3077 7.42632 5.80937 5.148 2.4825 1.54131
threshold=0.001896067464258522 1.0000000180025095e-35 0.0042857171501964339 -1.2611171603202818 0.20577990263700488 0.58279144763946544 92.054653167724624
decision_type=2 2 2 2 2 2 2
left_child=1 6 4 -3 -2 -4 -1
right_child=2 3 5 -5 -6 -7 -8
leaf_value=-0.066693329496056372 0.063987238478977471 -0.065239089837243455 -0.066176425491532673 0.037576544758806618 -0.030782291057703959 -0.016451725748323261 -0.024863436234863548
leaf_weight=9.7345673292875272 1.4218824207782734 1.3670146614313115 22.040734007954601 68.519598871469498 92.421532317996025 3.1459349989891043 3.4047652631998053
leaf_count=42 8 7 95 460 432 15 16
internal_value=-0.0125096 0.0209171 -0.0358674 0.0354939 -0.0292931 -0.0601641 -0.0562346
internal_weight=202.056 83.0259 119.03 69.8866 93.8434 25.1867 13.1393
internal_count=1075 525 550 467 440 110 58
is_linear=0
shrinkage=0.05


Tree=11
num_leaves=8
num_cat=0
split_feature=26 54 26 29 27 56 47
split_gain=57.2594 32.7473 7.20984 6.05846 5.02948 3.55754 1.4103
threshold=0.0014285732759162786 9.2837805747985858 0.0035714310361072425 0.21603912860155108 -90595327.999999985 8.7704877853393572 -0.16304752230644223
decision_type=2 2 2 2 2 2 2
left_child=1 6 3 -2 -3 -4 -1
right_child=2 4 5 -5 -6 -7 -8
leaf_value=-0.032423164688146537 -0.035456118018711368 -0.0086768344203145085 -0.055780961279419387 -0.0066775017531320764 0.038397453257413436 0.0081699270630070566 -0.068929490242530603
leaf_weight=5.2972743958234787 53.035408198833466 6.0564810186624518 35.953278928995132 28.633573293685913 62.290902659296989 2.1709868460893622 7.1780137866735441
leaf_count=25 245 37 159 141 426 11 31
internal_value=-0.0119715 0.0205107 -0.0339285 -0.0254274 0.0341529 -0.0520081 -0.0538289
internal_weight=200.616 80.8227 119.793 81.669 68.3474 38.1243 12.4753
internal_count=1075 519 556 386 463 170 56
is_linear=0
shrinkage=0.05


Tree=12
num_leaves=8
num_cat=0
split_feature=26 25 26 43 65 52 63
split_gain=51.9372 29.4416 6.90646 5.87542 3.27117 2.20113 1.59008
threshold=0.0014285732759162786 1.0000000180025095e-35 0.0057142868172377357 1.0000000180025095e-35 1.6876354813575747 0.070656832307577147 0.072389177978038802
decision_type=2 2 2 2 2 2 2
left_child=1 3 4 -1 -2 -4 -3
right_child=2 6 5 -5 -6 -7 -8
leaf_value=-0.012896793972415327 -0.034584239372124785 -0.074166337701315213 -0.07397426356884769 0.037557220727024082 -0.015968021209718294 -0.019710557996233641 -0.035220772442520469
leaf_weight=6.2145129889249793 66.259647160768509 4.8687915652990323 12.016195595264433 61.131622493267059 38.617668136954308 2.5280027985572806 7.5197020471096039
leaf_count=38 306 21 52 425 186 12 35
internal_value=-0.0114587 0.019751 -0.0323384 0.0328272 -0.0277771 -0.0648862 -0.0509303
internal_weight=199.156 79.7346 119.422 67.3461 104.877 14.5442 12.3885
internal_count=1075 519 556 463 492 64 56
is_linear=0
shrinkage=0.05


Tree=13
num_leaves=8
num_cat=0
split_feature=26 11 26 11 67 71 52
split_gain=47.1587 29.1982 6.42021 5.77264 5.03138 3.40918 2.07764
threshold=0.001896067464258522 21.98499965667725 0.0057142868172377357 79.739997863769545 -13.318243980407713 1388126.5625000002 0.070656832307577147
decision_type=2 2 2 2 2 2 2
left_child=1 4 5 -3 -1 -2 -4
right_child=2 3 6 -5 -6 -7 -8
leaf_value=0.03775549475646784 -0.011898625372408426 0.038141565830117796 -0.071719440173618712 -0.018645505165687228 -0.051562417899437357 -0.03237394520676326 -0.018779428923934603
leaf_weight=1.7069873958826072 29.185548722743988 59.062100380659103 11.780253902077673 4.7192939668893805 14.238531395792958 74.429757237434387 2.5208649784326544
leaf_count=12 141 419 52 27 67 345 12
internal_value=-0.0109746 0.0186888 -0.0310734 0.0338614 -0.0416873 -0.0266549 -0.0627373
internal_weight=197.643 79.7269 117.916 63.7814 15.9455 103.615 14.3011
internal_count=1075 525 550 446 79 486 64
is_linear=0
shrinkage=0.05


Tree=14
num_leaves=7
num_cat=0
split_feature=59 65 66 11 56 43
split_gain=40.115 15.6379 11.8024 9.57167 5.80934 4.52136
threshold=0.43574893474578863 5.4142611026763925 -4.659634828567504 76.664997100830092 7.0598535537719735 16615.684570312504
decision_type=2 2 2 2 2 2
left_child=4 2 -2 -3 -1 -6
right_child=1 3 -4 -5 5 -7
leaf_value=-0.030867543045431226 0.025158332182728393 0.056693690404111791 -0.030818437208839242 -0.058371052739390777 -0.010200740375816137 0.044154407319202532
leaf_weight=3.2217168211936942 10.036591321229933 9.1658746898174268 132.70058041810989 2.211432456970214 4.1385845243930808 34.585353493690491
leaf_count=17 68 69 633 12 26 250
internal_value=-0.0105127 -0.0223312 -0.0268474 0.0338888 0.0327908 0.0382161
internal_weight=196.06 154.114 142.737 11.3773 41.9457 38.7239
internal_count=1075 782 701 81 293 276
is_linear=0
shrinkage=0.05


Tree=15
num_leaves=7
num_cat=0
split_feature=59 66 66 11 56 66
split_gain=36.5344 13.6244 11.3367 7.88602 5.34453 4.47258
threshold=0.43574893474578863 4.3679330348968515 -4.659634828567504 76.664997100830092 7.0598535537719735 -12.727276325225828
decision_type=2 2 2 2 2 2
left_child=4 2 -2 -3 -1 -6
right_child=1 3 -4 -5 5 -7
leaf_value=-0.029203548536591434 0.024130839245937216 0.03626323823727666 -0.031088215349946369 -0.038022385902400029 -0.024479890079517105 0.041687481011733508
leaf_weight=3.2346755266189566 9.943180099129675 14.536826536059381 124.26645036041737 4.6794483065605155 2.6544989794492713 35.414922401309013
leaf_count=17 68 103 587 24 18 258
internal_value=-0.0100505 -0.0213071 -0.0269599 0.0179134 0.0316412 0.0369424
internal_weight=194.73 153.426 134.21 19.2163 41.3041 38.0694
internal_count=1075 782 655 127 293 276
is_linear=0
shrinkage=0.05


Tree=16
num_leaves=8
num_cat=0
split_feature=26 11 26 39 38 67 52
split_gain=35.1466 23.7481 6.32056 5.13177 4.3543 4.04713 2.05999
threshold=0.0014285732759162786 21.98499965667725 0.0057142868172377357 -1.2611171603202818 2.3419967889785771 -13.318243980407713 0.070656832307577147
decision_type=2 2 2 2 2 2 2
left_child=1 5 4 -3 -2 -1 -4
right_child=2 3 6 -5 -6 -7 -8
leaf_value=0.0342149436626841 -0.024549865198563694 -0.063192153348332489 -0.067977630031517508 0.03336007671932241 0.026975575829143401 -0.047569988918457561 -0.014927100384510986
leaf_weight=1.6278918832540519 99.708620667457581 1.374097317457198 11.294150203466414 58.994894124567509 4.1842435151338568 13.680750548839566 2.4868145585060111
leaf_count=12 470 7 52 434 22 66 12
internal_value=-0.00961298 0.016929 -0.026725 0.0310796 -0.0224266 -0.0385465 -0.0587673
internal_weight=193.351 75.6776 117.674 60.369 103.893 15.3086 13.781
internal_count=1075 519 556 441 492 78 64
is_linear=0
shrinkage=0.05


Tree=17
num_leaves=8
num_cat=0
split_feature=26 11 26 29 11 67 56
split_gain=31.9441 21.731 6.09289 5.3635 5.04141 3.69617 3.22206
threshold=0.0014285732759162786 21.98499965667725 0.0035714310361072425 0.21603912860155108 79.739997863769545 -13.318243980407713 8.7704877853393572
decision_type=2 2 2 2 2 2 2
left_child=1 5 3 -2 -3 -1 -4
right_child=2 4 6 -5 -6 -7 -8
leaf_value=0.03305398675507875 -0.02725536980610558 0.034283315369459326 -0.046439164646930341 -0.00010589629839950648 -0.019022704429127582 -0.045637703806847459 0.014914610264446513
leaf_weight=1.6014967784285552 52.454702854156494 54.762068510055542 34.085919126868248 28.417934060096741 4.7015261203050605 13.550340279936787 2.1544765532016745
leaf_count=12 245 414 159 141 27 66 11
internal_value=-0.00921069 0.0163173 -0.0255178 -0.0177771 0.0299846 -0.0369903 -0.0426537
internal_weight=191.728 74.6154 117.113 80.8726 59.4636 15.1518 36.2404
internal_count=1075 519 556 386 441 78 170
is_linear=0
shrinkage=0.05


Tree=18
num_leaves=8
num_cat=0
split_feature=26 54 26 27 38 52 21
split_gain=29.0383 18.9843 5.79559 5.02874 3.99706 2.01417 1.43658
threshold=0.0014285732759162786 9.2837805747985858 0.0057142868172377357 -90595327.999999985 2.3419967889785771 0.070656832307577147 -224699.99999999997
decision_type=2 2 2 2 2 2 2
left_child=1 6 4 -3 -2 -4 -1
right_child=2 3 5 -5 -6 -7 -8
leaf_value=-0.018428058046557772 -0.022342246803171612 -0.01764688028153032 -0.065070417844928147 0.0312841772174378 0.027045008649541308 -0.01223202007997185 -0.05696585640927157
leaf_weight=4.3272683620452881 99.072742611169815 5.6546288132667533 10.826058775186537 56.355688832700253 4.1830208301544181 2.4567062407732001 7.2226812392473203
leaf_count=22 470 37 52 426 22 12 34
internal_value=-0.00882604 0.0157295 -0.0243686 0.0267416 -0.0202931 -0.0556741 -0.0429603
internal_weight=190.099 73.5603 116.539 62.0103 103.256 13.2828 11.5499
internal_count=1075 519 556 463 492 64 56
is_linear=0
shrinkage=0.05


Tree=19
num_leaves=8
num_cat=0
split_feature=26 11 26 56 43 47 10
split_gain=26.3854 18.5195 5.49977 5.40308 5.07852 3.2617 3.25685
threshold=0.0014285732759162786 21.98499965667725 0.0035714310361072425 4.9851572513580331 1.0000000180025095e-35 -1.5869853496551511 -0.00063750002300366748
decision_type=2 2 2 2 2 2 2
left_child=1 6 3 -2 -3 -4 -1
right_child=2 4 5 -5 -6 -7 -8
leaf_value=0.027447033255586745 0.004571856124529451 -0.01637234731251128 0.014494203602995826 -0.024064996479162382 0.032897354089336604 -0.043951467098794474 -0.043364058865171529
leaf_weight=1.7647549882531155 22.645687341690063 5.6714894771575919 2.4382720142602912 57.871757999062538 52.105633646249771 32.989946663379669 13.047000534832476
leaf_count=11 113 37 13 273 404 157 67
internal_value=-0.00845902 0.0151393 -0.0232761 -0.0159487 0.0279744 -0.0397879 -0.0345897
internal_weight=188.535 72.5889 115.946 80.5174 57.7771 35.4282 14.8118
internal_count=1075 519 556 386 441 170 78
is_linear=0
shrinkage=0.05


Tree=20
num_leaves=8
num_cat=0
split_feature=26 11 26 11 38 67 52
split_gain=23.9852 17.5317 5.31612 4.71707 3.68478 3.30217 1.98327
threshold=0.001896067464258522 21.98499965667725 0.0057142868172377357 79.739997863769545 2.3419967889785771 -13.318243980407713 0.070656832307577147
decision_type=2 2 2 2 2 2 2
left_child=1 5 4 -3 -2 -1 -4
right_child=2 3 6 -5 -6 -7 -8
leaf_value=0.032573749270755799 -0.020500477275293819 0.031100672062884766 -0.062621821890611593 -0.020813572202783265 0.026947178316379869 -0.042108012823857149 -0.0098234472930350484
leaf_weight=1.588043816387654 97.315629675984383 53.133981123566628 10.363186389207838 4.6500871032476416 4.1819091886281958 13.348433211445805 2.4293162375688544
leaf_count=12 464 419 52 27 22 67 12
internal_value=-0.00809998 0.0143064 -0.0224005 0.0268364 -0.0184963 -0.0338331 -0.0529862
internal_weight=187.011 72.7205 114.29 57.7841 101.498 14.9365 12.7925
internal_count=1075 525 550 446 486 79 64
is_linear=0
shrinkage=0.05


Tree=21
num_leaves=8
num_cat=0
split_feature=59 67 27 66 43 19 27
split_gain=22.7475 8.99413 9.67257 6.55746 5.11305 7.93172 6.45386
threshold=0.43574893474578863 6.3295254707336435 60143616.000000007 -4.659634828567504 52181.634765625007 59612.541015625007 -90595327.999999985
decision_type=2 2 2 2 2 2 2
left_child=4 3 -3 -2 5 -1 -6
right_child=1 2 -4 -5 6 -7 -8
leaf_value=-0.059120125453727274 0.019943536737118659 0.046456039766807858 -0.079177557925196013 -0.023268014292163054 -0.025047425413118309 0.070175032763694634 0.042467997360354282
leaf_weight=3.7411362752318373 9.3080031722784025 9.4997615516185743 1.8030807077884663 126.69087325781584 3.9400714933872214 1.7137984558939932 28.701580338180065
leaf_count=24 68 73 9 632 25 13 231
internal_value=-0.00776357 -0.0166913 0.025972 -0.0202738 0.0266244 -0.0175824 0.0341652
internal_weight=185.398 147.302 11.3028 135.999 38.0966 5.45493 32.6417
internal_count=1075 782 82 700 293 37 256
is_linear=0
shrinkage=0.05


Tree=22
num_leaves=8
num_cat=0
split_feature=59 67 11 65 43 67 27
split_gain=20.727 8.17156 9.53341 6.6232 4.70761 7.34245 5.98311
threshold=0.43574893474578863 6.3295254707336435 76.664997100830092 -5.4440772533416739 52181.634765625007 10.680982589721681 -90595327.999999985
decision_type=2 2 2 2 2 2 2
left_child=4 3 -3 -2 5 -1 -6
right_child=1 2 -4 -5 6 -7 -8
leaf_value=0.068864331020936684 0.049108561592412253 0.059780080122356499 -0.03618977130892486 -0.021142963408716908 -0.023570986740673247 -0.055747850343949072 0.041226190706685817
leaf_weight=1.6918992176651944 3.4012239500880233 7.1616143956780416 3.9849612265825272 132.02395518869162 3.9765542894601813 3.8056116551160812 28.103209607303143
leaf_count=13 28 61 21 672 25 24 231
internal_value=-0.00741914 -0.0159338 0.0250218 -0.0193417 0.0256595 -0.016488 0.0330382
internal_weight=184.149 146.572 11.1466 135.425 37.5773 5.49751 32.0798
internal_count=1075 782 82 700 293 37 256
is_linear=0
shrinkage=0.05


Tree=23
num_leaves=7
num_cat=0
split_feature=59 65 11 65 3 63
split_gain=18.8847 7.45274 7.53371 6.03863 4.24271 4.48991
threshold=0.43574893474578863 5.4142611026763925 73.954998016357436 -5.4440772533416739 -112076891.99999999 0.25200234353542333
decision_type=2 2 2 2 2 2
left_child=4 3 -3 -2 -1 -6
right_child=1 2 -4 -5 5 -7
leaf_value=-0.059080532689156445 0.047944607107153751 0.055469338684731855 -0.037705951253322878 -0.019993020263529393 0.036363854315137271 -0.0099016588665877744
leaf_weight=1.413858339190482 3.3118916377425185 6.9268003329634649 3.0945658907294273 132.52188378572464 29.462011657655239 6.1851372197270384
leaf_count=8 28 62 19 673 243 42
internal_value=-0.00708853 -0.0152081 0.0261982 -0.0182998 0.0247316 0.0281961
internal_weight=182.916 145.855 10.0214 135.834 37.061 35.6471
internal_count=1075 782 81 701 293 285
is_linear=0
shrinkage=0.05


Tree=24
num_leaves=8
num_cat=0
split_feature=59 26 11 43 19 66 34
split_gain=17.1944 7.15362 7.42227 4.44607 6.99247 5.13475 3.13777
threshold=0.43574893474578863 0.0035714310361072425 37.504999160766609 52181.634765625007 59612.541015625007 -12.727276325225828 -1.150598347187042
decision_type=2 2 2 2 2 2 2
left_child=3 2 -2 4 -1 -5 -3
right_child=1 6 -4 5 -6 -7 -8
leaf_value=-0.055045725016776126 -0.025216858019420876 -0.0048089815956026153 0.001486254752428921 -0.038391906392700556 0.067611230122261598 0.037129282610886521 -0.042649890704194754
leaf_weight=3.8184737041592589 41.067533493041992 7.2849446237087241 70.168038606643677 2.3777552470564869 1.6460553705692289 28.710017837584019 26.62262786924839
leaf_count=24 216 39 396 18 13 238 131
internal_value=-0.00677505 -0.0145153 -0.00832743 0.0238233 -0.0171833 0.0311922 -0.0346673
internal_weight=181.695 145.143 111.236 36.5523 5.46453 31.0878 33.9076
internal_count=1075 782 612 293 37 256 170
is_linear=0
shrinkage=0.05


Tree=25
num_leaves=8
num_cat=0
split_feature=65 65 61 43 24 66 71
split_gain=15.9055 16.0134 5.6591 5.48596 6.80878 5.38179 4.41376
threshold=5.4142611026763925 -5.4440772533416739 182.00009918212893 52181.634765625007 317.50000000000006 -12.727276325225828 434564.50000000006
decision_type=2 2 2 2 2 2 2
left_child=1 5 -3 4 -2 -1 -5
right_child=3 2 -4 6 -6 -7 -8
leaf_value=-0.035701349850709801 -0.038606352737579494 -0.015590866842427834 -0.053972635492446901 -0.024730307798743772 0.067295608595104014 0.0435746763003175 0.050035162090661611
leaf_weight=2.4277570396661785 5.3100022003054645 125.12024999409914 10.550323612987993 2.121531710028651 2.1109861508011818 14.987256914377211 18.081820867955685
leaf_count=18 35 641 55 16 17 131 162
internal_value=-0.00647142 -0.0127953 -0.0186125 0.0283924 -0.00780755 0.032236 0.0419366
internal_weight=180.71 153.086 135.671 27.6243 7.42099 17.415 20.2034
internal_count=1075 845 696 230 52 149 178
is_linear=0
shrinkage=0.05


Tree=26
num_leaves=8
num_cat=0
split_feature=65 65 47 43 1 71 45
split_gain=14.5393 14.599 5.26109 5.12666 6.33639 4.15018 3.70623
threshold=5.4142611026763925 -5.4440772533416739 -0.76877588033676136 52181.634765625007 35870118.000000007 434564.50000000006 -0.29941523075103754
decision_type=2 2 2 2 2 2 2
left_child=1 6 -3 4 -2 -5 -1
right_child=3 2 -4 5 -6 -7 -8
leaf_value=0.052091721265362739 0.054413862527663538 0.0031781799153645148 -0.022361339840253135 -0.023197258354689495 -0.041957071552382451 0.048961751600186558 0.0044529134768307973
leaf_weight=9.496755927801134 2.6203751191496876 24.236841350793839 110.97238459438086 2.1479471027851131 4.8188783004879951 17.56746843457222 7.5936991646885863
leaf_count=86 21 128 568 16 31 162 63
internal_value=-0.00618675 -0.012219 -0.0177463 0.0274614 -0.00733962 0.0408466 0.0312172
internal_weight=179.454 152.3 135.209 27.1547 7.43925 19.7154 17.0905
internal_count=1075 845 696 230 52 178 149
is_linear=0
shrinkage=0.05


Tree=27
num_leaves=8
num_cat=0
split_feature=65 65 11 66 43 2 11
split_gain=13.2827 13.319 5.42087 5.06823 4.79332 6.76815 4.02565
threshold=5.4142611026763925 -5.4440772533416739 36.385000228881843 -12.727276325225828 52181.634765625007 32007175.000000004 79.739997863769545
decision_type=2 2 2 2 2 2 2
left_child=1 3 -3 -1 5 -2 -6
right_child=4 2 -4 -5 6 -7 -8
leaf_value=-0.035381090768557638 0.053902185488589396 -0.030335098892053977 -0.0093118542530085096 0.041715207436423936 0.049382986414628571 -0.044295306098852232 -0.013764111204382343
leaf_weight=2.4334385097026852 2.7913208156824139 48.495195917785168 86.275410979986191 14.34889919310808 16.393717743456367 4.6711092442274094 2.8443067818880072
leaf_count=18 23 250 446 131 160 29 18
internal_value=-0.0059076 -0.0116594 -0.0169139 0.0302383 0.0265528 -0.00689453 0.0397869
internal_weight=178.253 151.553 134.771 16.7823 26.7005 7.46243 19.238
internal_count=1075 845 696 149 230 52 178
is_linear=0
shrinkage=0.05


Tree=28
num_leaves=8
num_cat=0
split_feature=65 65 61 66 11 62 46
split_gain=12.1491 12.145 5.1703 4.68519 3.81774 3.30003 3.16925
threshold=5.4142611026763925 -5.4440772533416739 182.00009918212893 -12.727276325225828 79.739997863769545 0.072222985327243819 -0.26969954371452326
decision_type=2 2 2 2 2 2 2
left_child=1 3 -3 -1 5 -2 -6
right_child=4 2 -4 -5 6 -7 -8
leaf_value=-0.032974540055424183 -0.015728812037902752 -0.013251722952673801 -0.050384086840925858 0.04065700150035207 -0.06134702664815217 0.041533636963250256 0.024333287432039816
leaf_weight=2.4792542755603817 2.7569985166192117 124.00054433196783 10.27812661975622 13.99532291293144 2.0982256233692169 19.249673709273338 2.1227875202894202
leaf_count=18 22 641 55 131 11 183 14
internal_value=-0.00564886 -0.0111362 -0.0161312 0.0292727 0.0257011 0.0341326 -0.017073
internal_weight=176.981 150.753 134.279 16.4746 26.2277 22.0067 4.22101
internal_count=1075 845 696 149 230 205 25
is_linear=0
shrinkage=0.05


Tree=29
num_leaves=8
num_cat=0
split_feature=26 11 26 30 71 10 38
split_gain=11.1422 10.7008 5.21213 4.02116 3.46007 2.49911 2.03282
threshold=0.001896067464258522 21.98499965667725 0.0057142868172377357 0.22495695948600772 1794653.5625000002 -0.00063750002300366748 1.2763139605522158
decision_type=2 2 2 2 2 2 2
left_child=1 5 4 -3 -2 -1 -4
right_child=2 3 6 -5 -6 -7 -8
leaf_value=0.028054356568242008 5.5940618955188077e-05 0.028035151502500241 -0.055958020081638173 -0.00685081242760737 -0.018963836207839632 -0.036480834439930387 0
leaf_weight=1.6251375451683987 39.197659507393837 42.054555915296078 9.7999895662069303 10.009816601872442 59.292771518230438 12.010872654616831 1.7982968389987934
leaf_count=11 197 368 54 78 289 68 10
internal_value=-0.00540033 0.0108501 -0.0151439 0.021232 -0.0113435 -0.0284229 -0.0469854
internal_weight=175.789 65.7004 110.089 52.0644 98.4904 13.636 11.5983
internal_count=1075 525 550 446 486 79 64
is_linear=0
shrinkage=0.05


Tree=30
num_leaves=8
num_cat=0
split_feature=65 65 11 45 11 61 24
split_gain=10.2832 10.4339 4.7338 3.69313 3.58877 3.12615 2.96332
threshold=5.4142611026763925 -5.4440772533416739 36.385000228881843 -0.29941523075103754 79.739997863769545 294.50354003906256 100.50000000000001
decision_type=2 2 2 2 2 2 2
left_child=1 3 -3 -1 5 -2 -6
right_child=4 2 -4 -5 6 -7 -8
leaf_value=0.049682692749896409 0.041266019701394013 -0.027535010570259234 -0.0077204703833761035 0.00071177742865070578 -0.059702308038087626 -0.0088094366430359668 0.023215145580962174
leaf_weight=8.7590748220682162 17.668042942881591 47.425514705479145 85.616221182048321 7.2454840540885916 2.1151700764894477 3.5938491597771636 2.0909979194402695
leaf_count=86 177 250 446 63 11 28 14
internal_value=-0.00516769 -0.0102084 -0.0148214 0.0278253 0.0241358 0.0325667 -0.0172931
internal_weight=174.514 149.046 133.042 16.0046 25.4681 21.2619 4.20617
internal_count=1075 845 696 149 230 205 25
is_linear=0
shrinkage=0.05


Tree=31
num_leaves=7
num_cat=0
split_feature=26 65 65 43 56 47
split_gain=9.4787 6.27103 7.11195 4.58718 3.14136 3.64874
threshold=0.0035714310361072425 5.4142611026763925 -5.4440772533416739 52181.634765625007 8.7704877853393572 -1.5869853496551511
decision_type=2 2 2 2 2 2
left_child=1 2 -1 -3 5 -2
right_child=4 3 -4 -5 -6 -7
leaf_value=0.02693081593258681 0.025891542159122163 -0.0097221837388534061 -0.0091824695617620019 0.037027085646909562 0.028863968577273788 -0.038671897269238337
leaf_weight=15.731103971600531 2.2802700996398952 7.2251849994063404 100.41105405986309 17.81102279573679 2.0694788545370093 27.811850197613239
leaf_count=149 13 52 526 178 11 146
internal_value=-0.00493763 0.000608278 -0.00424798 0.023336 -0.0294377 -0.0336134
internal_weight=173.34 141.178 116.142 25.0362 32.1616 30.0921
internal_count=1075 905 675 230 170 159
is_linear=0
shrinkage=0.05


Tree=32
num_leaves=8
num_cat=0
split_feature=26 11 51 11 34 3 34
split_gain=8.6754 5.60388 8.601 5.41581 3.15984 5.3755 3.05446
threshold=0.0035714310361072425 36.385000228881843 -0.06924863904714583 76.664997100830092 -1.150598347187042 -23983024.999999996 0.96535819768905651
decision_type=2 2 2 2 2 2 2
left_child=1 2 -1 -3 5 -2 -6
right_child=4 3 -4 -5 6 -7 -8
leaf_value=0.026750620909999953 -0.046473876153274536 0.01242476973641873 -0.02420019449054792 -0.024785772871016021 -0.044074903835133461 0.042353555057157544 0.0033897735327507814
leaf_weight=10.498441755771635 3.1335767507553101 80.719537138938904 38.138659574091434 11.052390083670614 21.085288569331173 3.7227873653173473 3.8094606548547736
leaf_count=86 17 534 221 64 110 22 21
internal_value=-0.00471955 0.000582986 -0.0130995 0.0078889 -0.0283258 0.00102734 -0.0366109
internal_weight=172.16 140.409 48.6371 91.7719 31.7511 6.85636 24.8947
internal_count=1075 905 307 598 170 39 131
is_linear=0
shrinkage=0.05


Tree=33
num_leaves=7
num_cat=0
split_feature=65 65 26 66 70 2
split_gain=8.37076 8.45343 4.36334 4.3464 3.25728 4.11738
threshold=5.4142611026763925 -5.4440772533416739 0.0057142868172377357 -12.727276325225828 3742964.3750000005 32007175.000000004
decision_type=2 2 2 2 2 2
left_child=1 3 -3 -1 5 -2
right_child=4 2 -4 -5 -6 -7
leaf_value=-0.034067173548731074 0.040032316563538922 -0.010390433675090046 -0.04368904203522498 0.037603234021405703 0.059299116910917854 -0.006005917099088552
leaf_weight=2.4557251557707778 8.2603770941495949 120.65216007828712 10.852218508720396 12.96723362803459 4.8835358768701544 11.425783343613146
leaf_count=18 83 632 64 131 53 94
internal_value=-0.00450242 -0.00904393 -0.0131764 0.0258673 0.0224524 0.0130579
internal_weight=171.497 146.927 131.504 15.423 24.5697 19.6862
internal_count=1075 845 696 149 230 177
is_linear=0
shrinkage=0.05


Tree=34
num_leaves=8
num_cat=0
split_feature=65 65 47 43 2 66 71
split_gain=7.64556 7.70868 4.68141 4.23609 6.00966 4.00749 3.96556
threshold=5.4142611026763925 -5.4440772533416739 -0.76877588033676136 52181.634765625007 32007175.000000004 -12.727276325225828 434564.50000000006
decision_type=2 2 2 2 2 2 2
left_child=1 5 -3 4 -2 -1 -5
right_child=3 2 -4 6 -6 -7 -8
leaf_value=-0.031781750643005084 0.050638140981223378 0.0074040507111606257 -0.017022340920098935 -0.029279037220525314 -0.044587628142279317 0.036623052567899848 0.04424238444473079
leaf_weight=2.4995254799723616 2.5539408922195461 23.68670866638422 107.33393651992083 2.0042637661099461 4.6253755539655685 12.656559854745863 15.034037195146082
leaf_count=18 23 128 568 16 29 131 162
internal_value=-0.00430216 -0.00863759 -0.0125682 0.0216599 -0.010016 0.0250119 0.0353004
internal_weight=170.394 146.177 131.021 24.2176 7.17932 15.1561 17.0383
internal_count=1075 845 696 230 52 149 178
is_linear=0
shrinkage=0.05


Tree=35
num_leaves=7
num_cat=0
split_feature=26 11 65 11 56 65
split_gain=7.18551 5.09876 6.71192 4.8412 2.87172 3.32217
threshold=0.0035714310361072425 36.385000228881843 -5.4440772533416739 76.664997100830092 8.7704877853393572 1.6876354813575747
decision_type=2 2 2 2 2 2
left_child=1 2 -1 -3 5 -2
right_child=4 3 -4 -5 -6 -7
leaf_value=0.019720124358493855 -0.037307997174728852 0.012059218024390262 -0.023338326507464341 -0.023196016066758782 0.02988882449860113 0.0092158911386515854
leaf_weight=11.985845521092413 24.442067526280887 79.663884915411472 35.85609245300293 11.01258625090122 2.0605582594871512 4.3568342179059973
leaf_count=117 135 534 190 64 11 24
internal_value=-0.00410542 0.000720317 -0.0124464 0.00772236 -0.0259287 -0.030096
internal_weight=169.378 138.518 47.8419 90.6765 30.8595 28.7989
internal_count=1075 905 307 598 170 159
is_linear=0
shrinkage=0.05


Tree=36
num_leaves=7
num_cat=0
split_feature=65 65 21 61 38 43
split_gain=6.82533 6.57754 4.91356 4.61506 3.93179 3.83261
threshold=5.4142611026763925 -5.4440772533416739 -4030697.4999999995 182.00009918212893 -1.0108322501182554 16615.684570312504
decision_type=2 2 2 2 2 2
left_child=1 4 -2 -3 -1 -4
right_child=2 3 5 -5 -6 -7
leaf_value=0.038212803481556507 -0.069603728758917002 -0.0089070613188529397 -0.010711551212240891 -0.044985266728256527 -0.021573492787286944 0.037981861548575566
leaf_weight=11.196225970983503 1.3827045634388948 120.42855345457792 5.0837354063987759 9.6722130700945836 3.5296450927853575 17.27848344296217
leaf_count=116 9 641 35 55 33 186
internal_value=-0.00391825 -0.00801703 0.0208707 -0.0116277 0.0235431 0.0266885
internal_weight=168.572 144.827 23.7449 130.101 14.7259 22.3622
internal_count=1075 845 230 696 149 221
is_linear=0
shrinkage=0.05


Tree=37
num_leaves=8
num_cat=0
split_feature=26 26 26 34 3 36 10
split_gain=6.44258 4.3952 4.85518 3.02901 4.94808 3.76055 1.69982
threshold=0.0035714310361072425 0.00032464388641528791 0.0014285732759162786 -1.150598347187042 -23983024.999999996 0.77041780948638927 -0.00016175999917322767
decision_type=2 2 2 2 2 2 2
left_child=1 6 -3 4 -2 -5 -1
right_child=3 2 -4 5 -6 -7 -8
leaf_value=-0.0094326430359235967 -0.042891597288596518 0.014182326290109832 -0.0052959059805714193 -0.046135562055563115 0.043952240695068201 -0.0021183434782738441 -0.067416710383384593
leaf_weight=2.5088406950235367 2.9365944713354111 54.401062607765198 77.243546150624752 16.517790593206886 3.6813068240880993 7.2156242281198493 3.1107770800590506
leaf_count=15 17 487 386 91 22 40 17
internal_value=-0.00374321 0.000831067 0.00271533 -0.0245952 0.00466106 -0.0329638 -0.0424199
internal_weight=167.616 137.264 131.645 30.3513 6.6179 23.7334 5.61962
internal_count=1075 905 873 170 39 131 32
is_linear=0
shrinkage=0.05


Tree=38
num_leaves=8
num_cat=0
split_feature=67 65 27 50 47 66 28
split_gain=5.95918 5.66784 4.98424 8.30493 4.8676 3.84242 3.4284
threshold=6.3295254707336435 -5.4440772533416739 32505856.000000004 0.043505718931555755 0.030605952255427841 -12.727276325225828 3050.8750000000005
decision_type=2 2 2 2 2 2 2
left_child=1 5 6 -4 -3 -1 -2
right_child=2 4 3 -5 -6 -7 -8
leaf_value=-0.033582986297527331 0.042815666008214341 0.00053366585146565049 -0.090566832456653201 0.021422264310102256 -0.019085616462983422 0.034195663716816822 -0.036853898627009454
leaf_weight=2.4653671011328688 14.648536503314977 54.010329604148865 2.4027087017893782 5.2128327935934067 74.627451352775097 11.900811135768889 1.4196601137518872
leaf_count=18 151 300 12 46 405 131 12
internal_value=-0.00358391 -0.00745662 0.0195886 -0.0132538 -0.0108093 0.0222162 0.0354655
internal_weight=166.688 143.004 23.6837 7.61554 128.638 14.3662 16.0682
internal_count=1075 854 221 58 705 149 163
is_linear=0
shrinkage=0.05


Tree=39
num_leaves=8
num_cat=0
split_feature=67 65 43 49 71 48 45
split_gain=5.43894 5.16162 4.88285 5.48706 5.26 4.82401 3.88309
threshold=6.3295254707336435 -5.4440772533416739 52181.634765625007 0.67990580201148998 434564.50000000006 1.4451953172683718 -0.29941523075103754
decision_type=2 2 2 2 2 2 2
left_child=1 6 3 -2 -4 -3 -1
right_child=2 5 4 -5 -6 -7 -8
leaf_value=0.045884915064015035 -0.036764348852822024 -0.0069446184724406132 -0.047812084248977177 0.065975218837293376 0.044899914274371372 -0.038878694467803121 -0.0060785059684360203
leaf_weight=7.585143007338047 5.9015772044658688 114.98367304354906 1.6647560074925412 1.6447698846459387 14.120965123176573 13.307105250656603 6.5509031787514669
leaf_count=86 38 636 13 15 155 69 63
internal_value=-0.00341867 -0.00711001 0.0189002 -0.0137091 0.0348058 -0.010296 0.0214504
internal_weight=165.759 142.427 23.3321 7.54635 15.7857 128.291 14.136
internal_count=1075 854 221 53 168 705 149
is_linear=0
shrinkage=0.05


Tree=40
num_leaves=7
num_cat=0
split_feature=26 47 12 27 52 1
split_gain=5.71597 4.14898 4.10028 4.00178 2.3837 0.403167
threshold=0.0057142868172377357 -0.76877588033676136 569452992.00000012 49895424.000000007 0.070656832307577147 78452972.000000015
decision_type=2 2 2 2 2 2
left_child=1 2 -1 -3 5 -2
right_child=4 3 -4 -5 -6 -7
leaf_value=0.024976030043476531 -0.029994103629347457 -0.0026868980979393893 -0.020138446774796318 -0.041283700443768216 0.0048451599747517844 -0.06090306097636014
leaf_weight=24.311290137469772 2.2443715855479223 117.24138374626637 6.2302415221929541 7.1609842628240576 2.1327933073043823 5.6147361546754837
leaf_count=166 15 760 41 44 12 37
internal_value=-0.00326099 -0.000864283 0.0156093 -0.00494884 -0.0399262 -0.0527124
internal_weight=164.936 154.944 30.5415 124.402 9.9919 7.85911
internal_count=1075 1011 207 804 64 52
is_linear=0
shrinkage=0.05


Tree=41
num_leaves=7
num_cat=0
split_feature=26 11 51 17 55 55
split_gain=5.41524 4.51288 5.65096 4.67299 2.71952 3.97421
threshold=0.0042857171501964339 34.854999542236335 -0.06924863904714583 1676898.0000000002 0.58279144763946544 -0.10719304159283637
decision_type=2 2 2 2 2 2
left_child=1 2 -1 -3 5 -2
right_child=4 3 -4 -5 -6 -7
leaf_value=0.021627046336187259 -0.00090253167003964858 0.0028733508097023935 -0.022081393068394961 0.044367780323824803 0.017329662999850733 -0.055228054988015557
leaf_weight=9.1998852640390378 5.3102470487356195 94.065953500568867 35.971864089369774 7.352397844195365 2.5770441442728034 10.191271103918552
leaf_count=81 35 606 216 62 15 60
internal_value=-0.00310822 4.19642e-05 -0.0130688 0.00593082 -0.028928 -0.0369407
internal_weight=164.669 146.59 45.1717 101.418 18.0786 15.5015
internal_count=1075 965 297 668 110 95
is_linear=0
shrinkage=0.05


Tree=42
num_leaves=8
num_cat=0
split_feature=67 66 45 3 43 48 67
split_gain=4.75543 4.59733 5.35795 4.57875 5.63491 3.66379 2.05862
threshold=6.3295254707336435 -4.659634828567504 -0.36355975270271296 1880617.5000000002 52181.634765625007 1.4451953172683718 13.451019287109377
decision_type=2 2 2 2 2 2 2
left_child=1 2 -1 6 -5 -3 -2
right_child=3 5 -4 4 -6 -7 -8
leaf_value=0.040634672011183905 0.068834749332260498 -0.0072188333676145014 -0.0092382819079580084 -0.0351928039705715 0.025595495213563343 -0.03606782270720043 -0.0028902542725762616
leaf_weight=10.40785523504019 5.0196421816945103 107.42046996951103 10.903574556112288 5.8034393265843418 11.009452171623705 12.414498515427111 1.0850223302841184
leaf_count=105 52 592 92 40 119 65 10
internal_value=-0.00296276 -0.00641904 0.0148835 0.0181059 0.00431532 -0.0102492 0.0552675
internal_weight=164.064 141.146 21.3114 22.9176 16.8129 119.835 6.10466
internal_count=1075 854 197 221 159 657 62
is_linear=0
shrinkage=0.05


Tree=43
num_leaves=7
num_cat=0
split_feature=65 65 21 61 38 2
split_gain=4.44691 4.22464 4.1691 4.15815 3.73479 3.6408
threshold=5.4142611026763925 -5.4440772533416739 -4030697.4999999995 182.00009918212893 -1.0108322501182554 272357688.00000006
decision_type=2 2 2 2 2 2
left_child=1 4 -2 -3 -1 -4
right_child=2 3 5 -5 -6 -7
leaf_value=0.035319596464259632 -0.064342300887740886 -0.0064162901809086022 0.030893110672295707 -0.041331816870512648 -0.02423785407344926 -0.037233294425956465
leaf_weight=10.316715933382509 1.4108701050281549 118.02946981042624 18.711293864995245 9.2767841070890409 3.4317357242107382 2.1268938407301894
leaf_count=116 9 641 207 55 33 14
internal_value=-0.00282573 -0.00612906 0.017892 -0.00899985 0.0200899 0.0236997
internal_weight=163.304 141.055 22.2491 127.306 13.7485 20.8382
internal_count=1075 845 230 696 149 221
is_linear=0
shrinkage=0.05


Tree=44
num_leaves=7
num_cat=0
split_feature=26 47 43 13 38 26
split_gain=4.97728 3.86292 4.32901 4.29699 1.88997 0.595179
threshold=0.0057142868172377357 -0.76877588033676136 25264778.000000004 1870732224.0000002 1.2763139605522158 0.013928574044257404
decision_type=2 2 2 2 2 2
left_child=1 3 -3 -1 5 -2
right_child=4 2 -4 -5 -6 -7
leaf_value=0.0093680395854210587 -0.055156984422368042 -0.001764144982075822 -0.037776728389242384 0.075831918185618907 0.0082275538459385261 -0.014558817212355399
leaf_weight=27.498620927333835 6.3701367229223234 113.76230751723051 9.0453210771083814 2.7097977995872489 1.6524295806884763 1.4682277068495748
leaf_count=190 44 751 53 17 10 10
internal_value=-0.00269796 -0.00048556 -0.00445734 0.0154956 -0.0378406 -0.0481903
internal_weight=162.507 153.016 122.808 30.2084 9.49079 7.83836
internal_count=1075 1011 804 207 64 54
is_linear=0
shrinkage=0.05


Tree=45
num_leaves=7
num_cat=0
split_feature=26 10 3 11 52 1
split_gain=4.6208 3.76532 4.6235 3.51368 2.28226 0.459243
threshold=0.0057142868172377357 -0.0008200000156648456 15842149.500000002 36.385000228881843 0.070656832307577147 78452972.000000015
decision_type=2 2 2 2 2 2
left_child=1 2 -1 -3 5 -2
right_child=4 3 -4 -5 -6 -7
leaf_value=0.037960822254431134 -0.02581752101270475 -0.01387968333571037 -0.047888853085661591 0.0027890967357581732 0.0071329040570807887 -0.059278664922333905
leaf_weight=10.944626718759535 2.0672114789485914 47.798774659633636 1.783238150179385 92.479787450283766 2.0837277770042419 5.1112224087119102
leaf_count=79 15 313 9 610 12 37
internal_value=-0.00256932 -0.000460288 0.02554 -0.00285501 -0.0368698 -0.0503392
internal_weight=162.269 153.006 12.7279 140.279 9.26216 7.17843
internal_count=1075 1011 88 923 64 52
is_linear=0
shrinkage=0.05


Tree=46
num_leaves=7
num_cat=0
split_feature=26 10 1 43 55 55
split_gain=4.30452 3.76366 5.32017 3.62575 2.49888 3.96604
threshold=0.0042857171501964339 -0.0008200000156648456 81335900.000000015 16615.684570312504 0.58279144763946544 -0.10719304159283637
decision_type=2 2 2 2 2 2
left_child=1 2 -1 -3 5 -2
right_child=4 3 -4 -5 -6 -7
leaf_value=0.054574548931717662 0.00049138114176706059 -0.021142050251103391 -0.012786592027013667 0.0014798201709799342 0.018373463595760097 -0.053198974917515386
leaf_weight=7.1784611344337446 5.0910639911890039 20.989944316446781 4.7839191928505898 111.79365967214108 2.5429255068302146 9.5468781888484955
leaf_count=55 35 128 29 753 15 60
internal_value=-0.00244805 0.000326471 0.0272179 -0.00205851 -0.0261139 -0.0341839
internal_weight=161.927 144.746 11.9624 132.784 17.1809 14.6379
internal_count=1075 965 84 881 110 95
is_linear=0
shrinkage=0.05


Tree=47
num_leaves=7
num_cat=0
split_feature=26 51 4 11 38 72
split_gain=4.10191 3.66576 6.30722 5.85863 1.76045 0.643422
threshold=0.0057142868172377357 -0.066765695810317979 19781266.000000004 36.385000228881843 1.2763139605522158 -985882.40624999988
decision_type=2 2 2 2 2 2
left_child=1 2 -1 -3 5 -2
right_child=4 3 -4 -5 -6 -7
leaf_value=0.032861092062778513 -0.058937278603181847 -0.019389185372939367 -0.04988719794904628 0.0034593225398258445 0.0091035240437079609 -0.024426943672880001
leaf_weight=15.653325587511064 4.3980384618043891 39.764833703637123 2.6585433930158606 94.556027822196484 1.6300577223300932 2.8630301877856246
leaf_count=132 33 240 19 620 10 21
internal_value=-0.00233064 -0.000374427 0.0205745 -0.00326761 -0.0353503 -0.0460185
internal_weight=161.524 152.633 18.3119 134.321 8.89113 7.26107
internal_count=1075 1011 151 860 64 54
is_linear=0
shrinkage=0.05


Tree=48
num_leaves=8
num_cat=0
split_feature=23 23 37 11 48 46 71
split_gain=4.05644 7.04438 5.81547 5.01092 4.53462 4.59643 1.56352
threshold=269.50000000000006 442.50000000000006 -1.7389862537384031 34.149999618530281 1.4451953172683718 0.82457321882247936 1179429.8750000002
decision_type=2 2 2 2 2 2 2
left_child=4 2 -2 -3 5 -1 -6
right_child=1 3 -4 -5 6 -7 -8
leaf_value=-0.0063181161946975518 0.11195990257235185 -0.047154851010757115 0.024544452452334126 0.02312665730383287 0.001728406955070684 0.02382671743519223 -0.054567417118650402
leaf_weight=119.5980784073472 2.6923253685235977 4.8645422458648664 7.2863685376942176 5.2060055695474148 1.3396742641925801 14.097670037299393 5.9876951351761818
leaf_count=785 23 31 56 42 9 96 33
internal_value=-0.00222178 0.0187679 0.0486309 -0.0103261 -0.00524135 -0.00310207 -0.0435924
internal_weight=161.072 20.0492 9.97869 10.0705 141.023 133.696 7.32737
internal_count=1075 152 79 73 923 881 42
is_linear=0
shrinkage=0.05


Tree=49
num_leaves=7
num_cat=0
split_feature=26 47 3 46 52 2
split_gain=3.76539 3.27151 4.13217 3.66211 2.18157 0.505154
threshold=0.0057142868172377357 -0.76877588033676136 15842149.500000002 -0.59242206811904896 0.070656832307577147 82571744.000000015
decision_type=2 2 2 2 2 2
left_child=1 2 -1 -3 5 -2
right_child=4 3 -4 -5 -6 -7
leaf_value=0.0063442607896166837 -0.022292802499713986 0.0065723446732936786 0.058007965728188005 -0.011047579281400481 0.0088688741635363014 -0.058033165218347338
leaf_weight=25.400449056178335 1.9275963306426982 49.107183650135994 4.6413893401622763 73.0261125639081 2.0446028709411621 4.6669567972421646
leaf_count=170 15 336 37 468 12 37
internal_value=-0.00210991 -0.000253838 0.0144926 -0.00392205 -0.0342252 -0.0483444
internal_weight=160.814 152.175 30.0418 122.133 8.63916 6.59455
internal_count=1075 1011 207 804 64 52
is_linear=0
shrinkage=0.05


Tree=50
num_leaves=8
num_cat=0
split_feature=23 23 37 11 27 36 42
split_gain=3.68833 6.37208 5.36764 4.52204 3.68565 5.56713 3.84862
threshold=269.50000000000006 442.50000000000006 -1.7389862537384031 34.149999618530281 -106683391.99999999 -1.8473808169364927 -0.00045599999430123711
decision_type=2 2 2 2 2 2 2
left_child=4 2 -2 -3 6 -6 -1
right_child=1 3 -4 -5 5 -7 -8
leaf_value=0.029602002627528913 0.10773078113742335 -0.044919649849094301 0.023378709234348385 0.022065573590261702 0.030252197267563053 -0.0056826352849464424 -0.043462325208299776
leaf_weight=2.0951000601053229 2.6656679883599281 4.818368121981619 7.2764723710715788 5.1843509823083878 11.857847139239309 116.21397126466036 10.414487048983572
leaf_count=15 23 31 56 42 97 748 63
internal_value=-0.00200621 0.0180621 0.0464979 -0.00970174 -0.00488894 -0.00231648 -0.0308259
internal_weight=160.526 19.9449 9.94214 10.0027 140.581 128.072 12.5096
internal_count=1075 152 79 73 923 845 78
is_linear=0
shrinkage=0.05


Tree=51
num_leaves=7
num_cat=0
split_feature=65 21 66 45 2 23
split_gain=3.54689 3.88541 3.61484 4.93798 3.38329 3.19016
threshold=5.4142611026763925 -4030697.4999999995 -4.659634828567504 -0.36355975270271296 222267160.00000003 269.50000000000006
decision_type=2 2 2 2 2 2
left_child=2 -2 3 -1 -3 -4
right_child=1 4 5 -5 -6 -7
leaf_value=0.039582379988394645 -0.062437348820813934 0.030811454122939754 -0.011215116173792193 -0.0088217851605839528 -0.028010124555538304 0.015062812217328284
leaf_weight=10.031877871602775 1.4118810445070291 17.549625478684906 104.81117679923773 10.829671531915663 2.7519863098859778 12.82787165045738
leaf_count=105 9 202 572 92 19 76
internal_value=-0.00190498 0.0168325 -0.00487866 0.0142151 0.0225916 -0.00830715
internal_weight=160.214 21.7135 138.501 20.8615 20.3016 117.639
internal_count=1075 230 845 197 221 648
is_linear=0
shrinkage=0.05


Tree=52
num_leaves=7
num_cat=0
split_feature=26 51 4 11 52 1
split_gain=3.36653 3.12562 5.40561 5.29142 2.09559 0.830781
threshold=0.0057142868172377357 -0.066765695810317979 19781266.000000004 36.385000228881843 0.088991645723581328 99532112.000000015
decision_type=2 2 2 2 2 2
left_child=1 2 -1 -3 5 -2
right_child=4 3 -4 -5 -6 -7
leaf_value=0.031076501013321919 -0.017850143745958582 -0.018197379339735177 -0.04506801360527244 0.0036435335186988747 0.021044432651843394 -0.057640803025548061
leaf_weight=15.355209276080133 2.4642548710107786 39.245581485331059 2.7011929228901854 93.847344871610403 1.3815107494592664 4.472546823322773
leaf_count=132 19 240 19 620 8 37
internal_value=-0.0018154 -7.79495e-05 0.0194086 -0.00275921 -0.0327849 -0.0442262
internal_weight=159.468 151.149 18.0564 133.093 8.31831 6.9368
internal_count=1075 1011 151 860 64 56
is_linear=0
shrinkage=0.05


Tree=53
num_leaves=8
num_cat=0
split_feature=61 34 61 72 24 66 27
split_gain=3.35027 6.01172 7.79393 4.96675 6.70914 5.96585 4.95226
threshold=69.999969482421889 0.51933953166008007 182.00009918212893 -891698.53124999988 181.50000000000003 -1.8218832015991209 42090496.000000007
decision_type=2 2 2 2 2 2 2
left_child=3 6 -3 4 -1 -5 -2
right_child=1 2 -4 5 -6 -7 -8
leaf_value=-0.030038478469564141 -0.0019767070115037314 0.036156223489251689 -0.015261564220763281 0.047097506672608182 0.0066566257637155459 -0.025026607120395745 -0.068619491792622528
leaf_weight=34.712014958262444 55.404028847813606 24.572297308593988 10.36760978028178 7.2771982252597809 19.123433213680983 4.6334577798843366 2.9487841054797164
leaf_count=198 390 191 94 50 109 27 16
internal_value=-0.00173081 0.00432353 0.0207561 -0.0103979 -0.0169108 0.0186201 -0.0054301
internal_weight=159.039 93.2927 34.9399 65.7461 53.8354 11.9107 58.3528
internal_count=1075 691 285 384 307 77 406
is_linear=0
shrinkage=0.05


Tree=54
num_leaves=6
num_cat=0
split_feature=65 30 0 70 33
split_gain=3.07121 3.84926 3.34786 3.24425 3.29517
threshold=5.4142611026763925 0.054871080443263061 34214.500000000007 3742964.3750000005 0.48964874446392065
decision_type=2 2 2 2 2
left_child=1 -1 -3 4 -2
right_child=3 2 -4 -5 -6
leaf_value=0.067531429714669231 0.052369986661726979 -0.029062990378689819 -0.0027625241111062944 0.056862654727830392 -0.0037322436213383125
leaf_weight=1.8238116577267636 3.1815640777349534 13.529045328497885 121.95106062293053 3.9754136465489855 14.131076306104658
leaf_count=14 36 85 746 53 141
internal_value=-0.00165199 -0.00442029 -0.00542579 0.0159681 0.00628892
internal_weight=158.592 137.304 135.48 21.2881 17.3126
internal_count=1075 845 831 230 177
is_linear=0
shrinkage=0.05


Tree=55
num_leaves=5
num_cat=0
split_feature=3 51 4 11
split_gain=2.9576 4.1378 4.61737 4.50712
threshold=-112076891.99999999 -0.066765695810317979 582739.90625000012 36.385000228881843
decision_type=2 2 2 2
left_child=-1 2 -2 -3
right_child=1 3 -4 -5
leaf_value=-0.05459026674076789 -0.0036877404231150366 -0.017459623562897889 0.048015476449116239 0.0022607030686291533
leaf_weight=2.5895550400018683 8.2247177548706549 41.018213413655758 8.721759729087351 97.624371346086264
leaf_count=18 68 259 79 651
internal_value=-0.00157024 -0.000655663 0.0226271 -0.00353761
internal_weight=158.179 155.589 16.9465 138.643
internal_count=1075 1057 147 910
is_linear=0
shrinkage=0.05


Tree=56
num_leaves=8
num_cat=0
split_feature=23 23 12 48 46 39 44
split_gain=2.97503 5.6762 5.1311 3.96466 4.01659 3.8571 1.60489
threshold=269.50000000000006 442.50000000000006 513977248.00000006 1.4451953172683718 0.82457321882247936 6.9782934188842782 1641611.1250000002
decision_type=2 2 2 2 2 2 2
left_child=3 2 -2 4 -1 -3 -5
right_child=1 5 -4 6 -6 -7 -8
leaf_value=-0.0051423910875983388 0.072425416390438799 -0.022356541634825824 -0.00070984590344493742 -0.066353833661016048 0.023284027130237483 0.070352038462920249 -0.016279018050490559
leaf_weight=117.39321463927627 6.0124716535210627 8.5270114094018918 3.7670888192951679 3.3359497115015975 13.864940065890549 1.2764436379075039 3.7288267388939857
leaf_count=785 53 60 26 17 96 13 25
internal_value=-0.00149429 0.0166955 0.0437424 -0.00410565 -0.00210159 -0.00977554 -0.0406318
internal_weight=157.906 19.583 9.77956 138.323 131.258 9.80346 7.06478
internal_count=1075 152 79 923 881 73 42
is_linear=0
shrinkage=0.05


Tree=57
num_leaves=8
num_cat=0
split_feature=61 34 43 27 72 68 23
split_gain=2.99709 5.20408 9.81166 4.5646 4.31373 5.11533 4.48984
threshold=69.999969482421889 0.51933953166008007 241282.14843750003 42090496.000000007 -891698.53124999988 30.384611129760746 132.50000000000003
decision_type=2 2 2 2 2 2 2
left_child=4 3 -3 -2 6 -6 -1
right_child=1 2 -4 -5 5 -7 -8
leaf_value=-0.024909855522439912 -0.0014378102763478364 -0.010883788353269334 0.042761410677084805 -0.06573425667248653 0.059265799402089842 -0.0078518696816221867 0.0071727493022870712
leaf_weight=38.250947467982769 55.188228871673346 14.755875010043381 19.799582172185183 2.9183444380760184 4.5348340980708581 7.3172667250037193 14.95446081086993
leaf_count=221 390 108 177 16 35 42 86
internal_value=-0.00142266 0.00431539 0.0197091 -0.00475308 -0.00967228 0.0174067 -0.0157984
internal_weight=157.72 92.662 34.5555 58.1066 65.0575 11.8521 53.2054
internal_count=1075 691 285 406 384 77 307
is_linear=0
shrinkage=0.05


Tree=58
num_leaves=8
num_cat=0
split_feature=42 61 49 56 27 72 53
split_gain=2.80145 4.836 3.61599 3.32794 3.12707 2.87524 2.86326
threshold=-0.0008200000156648456 47.862493515014656 -0.94300523400306691 0.20291722565889361 -106683391.99999999 -2535371.1249999995 0.20024142414331439
decision_type=2 2 2 2 2 2 2
left_child=1 6 -3 5 -5 -2 -1
right_child=3 2 -4 4 -6 -7 -8
leaf_value=0.015074684883810988 0.01874770768165511 -0.037450233254873483 0.058572697959920032 -0.02641676710192626 0.00053215941959435854 -0.056996615823142721 -0.056347845799601483
leaf_weight=3.1875870004296294 1.5536829158663747 1.0741875730454911 6.9907116144895545 11.748286858201025 125.17525363713503 5.0026096701622 2.4129260405898094
leaf_count=19 11 8 57 72 858 37 13
internal_value=-0.00135809 0.0202208 0.0451632 -0.00344817 -0.00174359 -0.0382844 -0.0148042
internal_weight=157.145 13.6654 8.0649 143.48 136.924 6.55629 5.60051
internal_count=1075 97 65 978 930 48 32
is_linear=0
shrinkage=0.05


Tree=59
num_leaves=8
num_cat=0
split_feature=61 34 43 2 53 53 57
split_gain=2.59764 4.675 8.97403 4.41527 4.29639 5.81787 3.94635
threshold=69.999969482421889 0.51933953166008007 241282.14843750003 38847248.000000007 0.091122455894947066 0.091121394187212004 2.334665179252625
decision_type=2 2 2 2 2 2 2
left_child=4 3 -3 -2 5 -1 -6
right_child=1 2 -4 -5 6 -7 -8
leaf_value=-0.0048439151442479459 0.013595749045492853 -0.010479440802576727 0.040990682560199158 -0.015016494841585723 -0.044718092097508308 0.066038702235442628 -0.0018160821914717771
leaf_weight=38.894723303616047 21.098327033221722 14.727631594985722 19.538953401148319 36.930925760418177 12.908383518457414 3.1267591416835776 9.5964667722582799
leaf_count=230 145 108 177 261 78 18 58
internal_value=-0.00129274 0.00405059 0.0187231 -0.00452747 -0.00901309 0.000311374 -0.0266461
internal_weight=156.822 92.2958 34.2666 58.0293 64.5263 42.0215 22.5049
internal_count=1075 691 285 406 384 248 136
is_linear=0
shrinkage=0.05


Tree=60
num_leaves=7
num_cat=0
split_feature=42 61 49 3 51 48
split_gain=2.56824 4.28986 4.46349 3.14988 3.75958 3.09134
threshold=-0.0008200000156648456 47.862493515014656 -0.9627707004547118 -112076891.99999999 -0.06924863904714583 -0.61548569798469532
decision_type=2 2 2 2 2 2
left_child=1 5 -3 -2 -5 -1
right_child=3 2 -4 4 -6 -7
leaf_value=-0.056369624053850868 -0.06111647599465489 -0.06118120015338735 0.056656454072247876 0.023457700108033441 -0.0048682307990559996 0.018300678476726978
leaf_weight=2.4273489117622375 2.3187015652656546 0.86655318737030018 7.097789715975523 12.862611360847948 127.7500827498734 3.0974712744355184
leaf_count=13 16 6 59 116 846 19
internal_value=-0.00123337 0.0195695 0.0432074 -0.00323162 -0.00224154 -0.013601
internal_weight=156.421 13.4892 7.96434 142.931 140.613 5.52482
internal_count=1075 97 65 978 962 32
is_linear=0
shrinkage=0.05


Tree=61
num_leaves=8
num_cat=0
split_feature=23 7 9 35 48 49 44
split_gain=2.51187 5.40925 4.85208 4.22866 3.50259 3.91623 1.52844
threshold=269.50000000000006 2.2557793855667119 1721625408.0000002 -0.59306168556213368 1.4451953172683718 0.35253283381462103 1987655.0000000002
decision_type=2 2 2 2 2 2 2
left_child=4 3 -3 -2 5 -1 -6
right_child=1 2 -4 -5 6 -7 -8
leaf_value=-0.0059503647912988508 0.10192612793924878 0.037103201113585914 -0.022955654938332886 0.0076414837363642215 -0.060831948334590949 0.016133618644534817 -0.011400362721209875
leaf_weight=105.1473571434617 2.7620106190443039 5.4271743595600119 8.8410577513277513 2.304132770746949 3.6589197963476172 24.758147295564413 3.2428671233355999
leaf_count=714 24 48 61 19 20 167 22
internal_value=-0.00117351 0.0156478 0 0.0600315 -0.00358735 -0.00170298 -0.0383305
internal_weight=156.142 19.3344 14.2682 5.06614 136.807 129.906 6.90179
internal_count=1075 152 109 43 923 881 42
is_linear=0
shrinkage=0.05


Tree=62
num_leaves=8
num_cat=0
split_feature=50 52 9 62 22 47 34
split_gain=2.48855 3.91211 6.37617 4.32554 3.48376 5.17769 4.16474
threshold=0.037053989246487624 -0.040413642302155488 672939104.00000012 0.33120565116405493 26713.269531250004 -0.58201587200164784 -0.64346981048583973
decision_type=2 2 2 2 2 2 2
left_child=1 2 -1 -3 6 -6 -2
right_child=4 3 -4 -5 5 -7 -8
leaf_value=0.042279598616165183 -0.024146131561563429 -0.020545200856845382 -0.0036220917021720271 0.011686897353161398 0.015900959323997755 -0.029127943570480298 0.033427585708716033
leaf_weight=9.4260868467390519 3.7088862061500576 48.507051460444927 37.668340757489204 13.040022425353525 14.393671564757826 11.410133566707371 17.838298469781876
leaf_count=73 22 283 272 81 112 84 148
internal_value=-0.00111442 -0.00531194 0.0054591 -0.0136349 0.00841071 -0.00381651 0.0232855
internal_weight=155.992 108.642 47.0944 61.5471 47.351 25.8038 21.5472
internal_count=1075 709 345 364 366 196 170
is_linear=0
shrinkage=0.05


Tree=63
num_leaves=8
num_cat=0
split_feature=61 11 51 49 53 55 57
split_gain=2.45022 3.81265 6.3687 4.42559 3.78322 6.33651 3.68874
threshold=69.999969482421889 36.989999771118171 -0.041690792888402932 -0.10309357196092604 0.091122455894947066 0.53051236271858226 2.334665179252625
decision_type=2 2 2 2 2 2 2
left_child=4 2 -2 -3 5 -1 -6
right_child=1 3 -4 -5 6 -7 -8
leaf_value=-0.0057288903737435009 0.019421673163250573 0.00064260276227752077 -0.025028027143093701 0.029247667793571887 -0.043018283306674655 0.063458933583440319 -0.0012806064301100052
leaf_weight=38.240502636879683 12.542811784893273 34.283593852072954 22.19072737544775 22.733332503587008 12.638639874756338 3.6222693175077429 9.5455195121467096
leaf_count=227 118 259 134 180 78 21 58
internal_value=-0.00105898 0.00414319 -0.00883261 0.0121355 -0.00858943 0.000138302 -0.0252846
internal_weight=155.797 91.7505 34.7335 57.0169 64.0469 41.8628 22.1842
internal_count=1075 691 252 439 384 248 136
is_linear=0
shrinkage=0.05


Tree=64
num_leaves=8
num_cat=0
split_feature=23 7 9 35 48 11 44
split_gain=2.36624 5.09434 4.3707 3.81407 3.2012 3.49554 1.42443
threshold=269.50000000000006 2.2557793855667119 1721625408.0000002 -0.59306168556213368 1.4451953172683718 76.664997100830092 1641611.1250000002
decision_type=2 2 2 2 2 2 2
left_child=4 3 -3 -2 5 -1 -6
right_child=1 2 -4 -5 6 -7 -8
leaf_value=0.00080330754685174061 0.098930218353277408 0.03567221740534287 -0.021698627489911478 0.0085181499589756966 -0.061377367010308694 -0.029782329378644487 -0.013320725024666653
leaf_weight=119.15972237288952 2.7229711189866066 5.3479788042604914 8.753474332392214 2.2695423923432854 3.2239304035902014 10.116424359381197 3.5946792475879192
leaf_count=821 24 48 61 19 17 60 25
internal_value=-0.00101023 0.0154265 0 0.0588314 -0.00335302 -0.00155148 -0.0367758
internal_weight=155.189 19.094 14.1015 4.99251 136.095 129.276 6.81861
internal_count=1075 152 109 43 923 881 42
is_linear=0
shrinkage=0.05


Tree=65
num_leaves=7
num_cat=0
split_feature=10 2 67 49 3 51
split_gain=2.36147 3.99129 3.30001 3.14787 2.86036 3.12926
threshold=-0.0008200000156648456 46484724.000000007 -4.6768746376037589 -0.824481040239334 -112076891.99999999 -0.06924863904714583
decision_type=2 2 2 2 2 2
left_child=1 3 -3 -1 -2 -6
right_child=4 2 -4 -5 5 -7
leaf_value=-0.021404648282135532 -0.058639743958710744 0.069276555881596327 -0.014324267713953476 0.07801130266555388 0.021704339405114261 -0.0043337446356539518
leaf_weight=0.92436201497912396 2.2691577002406111 1.4079379141330708 7.2779783308506003 3.6636517606675616 12.658823013305662 126.83883130177855
leaf_count=7 16 14 44 32 116 846
internal_value=-0.000959055 0.0191583 -0.000197402 0.0568919 -0.00287796 -0.00193506
internal_weight=155.041 13.2739 8.68592 4.58801 141.767 139.498
internal_count=1075 97 58 39 978 962
is_linear=0
shrinkage=0.05


Tree=66
num_leaves=8
num_cat=0
split_feature=67 3 43 47 24 44 67
split_gain=2.34565 4.1557 4.71378 3.48524 3.72057 3.47883 1.90551
threshold=6.3295254707336435 1880617.5000000002 52181.634765625007 0.030605952255427841 18.500000000000004 11462.234863281252 13.451019287109377
decision_type=2 2 2 2 2 2 2
left_child=3 6 -3 4 -1 -5 -2
right_child=1 2 -4 5 -6 -7 -8
leaf_value=0.065289928719275497 0.066839889209337186 -0.034932138708184193 0.022256513683640955 -0.035497358816276053 0.0031986432658108015 -0.0057062761593279099 -0.0056048995881812259
leaf_weight=2.5446787551045409 4.3796455189585712 5.6467609368264666 9.9248257875442487 11.651312135159968 53.138787195086479 66.493638403713703 0.98875264078378666
leaf_count=20 52 40 119 77 333 424 10
internal_value=-0.000911531 0.0146052 0.00119696 -0.00337677 0.00612595 -0.0102121 0.0525656
internal_weight=154.768 20.94 15.5716 133.828 55.6835 78.145 5.3684
internal_count=1075 221 159 854 353 501 62
is_linear=0
shrinkage=0.05


Tree=67
num_leaves=8
num_cat=0
split_feature=48 46 8 43 57 26 1
split_gain=2.26458 4.19274 5.18728 5.03696 4.02847 9.13438 3.04721
threshold=1.4451953172683718 0.35388964414596563 2.6454499959945683 16615.684570312504 1.3513512015342715 0.0032142868731170897 131193768.00000001
decision_type=2 2 2 2 2 2 2
left_child=1 3 -3 -1 6 -6 -2
right_child=4 2 -4 -5 5 -7 -8
leaf_value=-0.029116190102429353 -0.062475716834149486 0.0047239429295115017 0.052171722385089637 0.0010277462471395341 0.057424566274630287 -0.053605638151535032 0.013568406590407089
leaf_weight=16.202943913638592 5.8293468505144101 21.311727255582813 8.0433244034647924 94.018676593899727 4.0360618308186531 3.4064872711896896 1.5715720281004903
leaf_count=101 38 153 59 660 35 18 11
internal_value=-0.00086477 0.00107589 0.017895 -0.00335815 -0.0194501 0.00593374 -0.0456523
internal_weight=154.42 139.577 29.3551 110.222 14.8435 7.44255 7.40092
internal_count=1075 973 212 761 102 53 49
is_linear=0
shrinkage=0.05


Tree=68
num_leaves=8
num_cat=0
split_feature=38 43 38 26 31 38 2
split_gain=2.26917 5.7849 4.54775 5.73252 4.29919 3.87911 3.28575
threshold=2.0706567764282231 1.0000000180025095e-35 1.7506505250930788 0.0021428556647151713 -0.75790631771087635 2.902848601341248 38847248.000000007
decision_type=2 2 2 2 2 2 2
left_child=2 5 6 -4 -3 -2 -1
right_child=1 4 3 -5 -6 -7 -8
leaf_value=0.009237003290914177 0.0062121223597018764 0.048160254666409143 0.018058712876063972 -0.068304579916566951 -0.037885723309175064 -0.093185594500970345 -0.0069872536314685976
leaf_weight=51.569787971675396 2.2192286700010295 9.8298905417323095 2.819098271429537 5.5480691939592361 1.6372723355889309 1.6477761119604108 78.89515458792448
leaf_count=344 15 101 26 25 10 9 545
internal_value=-0.000819514 0.0173872 -0.00286648 -0.0386092 0.0354387 -0.0348494 -0.000535854
internal_weight=154.166 15.3342 138.832 8.36717 11.4672 3.867 130.465
internal_count=1075 135 940 51 111 24 889
is_linear=0
shrinkage=0.05


Tree=69
num_leaves=5
num_cat=0
split_feature=47 26 26 10
split_gain=2.23247 2.79652 3.33913 1.6126
threshold=1.9352886080741885 0.00032464388641528791 0.0014285732759162786 -0.00039899999683257187
decision_type=2 2 2 2
left_child=1 3 -3 -1
right_child=-2 2 -4 -5
leaf_value=0 0.052064457868286278 0.010523428665825344 -0.0055314564675023586 -0.062112442536696046
leaf_weight=1.6775030419230459 1.9679518193006504 48.051213569939137 99.240601122379303 2.9426610171794882
leaf_count=11 16 480 548 20
internal_value=-0.000778117 -0.00149558 -0.000259903 -0.0398071
internal_weight=153.88 151.912 147.292 4.62016
internal_count=1075 1059 1028 31
is_linear=0
shrinkage=0.05


Tree=70
num_leaves=8
num_cat=0
split_feature=43 43 58 62 2 43 61
split_gain=2.20392 9.06761 4.57317 4.70346 3.93379 3.36022 2.18622
threshold=25264778.000000004 20200371.000000004 -17027071.999999996 0.20360153168439868 102179560.00000001 8594644.0000000019 86.566726684570327
decision_type=2 2 2 2 2 2 2
left_child=1 5 6 -4 -3 -1 -2
right_child=2 4 3 -5 -6 -7 -8
leaf_value=0.0018925778801687058 -0.07988625177742846 0.019375414252781466 0.048814549371958865 -0.037898249932851132 0.12190119913688867 -0.020508972701431216 -0.0017703895946614954
leaf_weight=118.79409799352288 3.4771770909428596 1.9044716209173191 3.167909771203993 3.0583962202072144 2.1330186426639557 19.452182460576296 1.3859430626034734
leaf_count=835 22 14 21 20 16 135 12
internal_value=-0.000741328 0.000898207 -0.0222284 0.00541769 0.0747785 -0.0012233 -0.0586521
internal_weight=153.373 142.284 11.0894 6.22631 4.03749 138.246 4.86312
internal_count=1075 1000 75 41 30 970 34
is_linear=0
shrinkage=0.05


Tree=71
num_leaves=7
num_cat=0
split_feature=48 23 11 65 36 49
split_gain=2.13855 3.93386 3.45455 3.91328 3.27302 3.14567
threshold=1.4451953172683718 269.50000000000006 73.075000762939467 -2.7084902524948116 -1.1785779595375059 0.35253283381462103
decision_type=2 2 2 2 2 2
left_child=1 5 3 -2 -3 -1
right_child=2 4 -4 -5 -6 -7
leaf_value=-0.0050695710308857585 0.031052090692094206 -0.0057838157711857865 0.049111810678159867 -0.040446454821961159 0.050960407075722559 0.014843421460484724
leaf_weight=103.42011735215783 2.2474735341966143 3.7929137162864208 1.6079807020723809 10.760966937988995 6.8900833763182145 24.490548919886351
leaf_count=714 17 29 12 73 63 167
internal_value=-0.000705381 0.00117907 -0.0189159 -0.0277093 0.0303458 -0.00121782
internal_weight=153.21 138.594 14.6164 13.0084 10.683 127.911
internal_count=1075 973 102 90 92 881
is_linear=0
shrinkage=0.05


Tree=72
num_leaves=8
num_cat=0
split_feature=10 2 18 37 27 18 60
split_gain=2.12033 3.60531 3.53524 2.9859 2.63453 4.50188 2.90574
threshold=-0.0008200000156648456 46484724.000000007 32661.500000000004 -2.2100129127502437 -106683391.99999999 1810647.0000000002 0.11157179996371271
decision_type=2 2 2 2 2 2 2
left_child=1 2 -1 -3 5 -2 -6
right_child=4 3 -4 -5 6 -7 -8
leaf_value=-0.067699605195863433 -0.04162989312756811 0.066113455750221803 0.070997643756660497 -0.013670732731618153 0.00038313511357113931 0.030687978518725668 -0.073850573665487307
leaf_weight=0.48259837552904983 9.3099484667181951 1.4041033424437035 3.9953707121312618 7.1027067974209777 126.70228953287005 2.718415454030036 1.3314158618450154
leaf_count=4 61 14 35 44 893 18 6
internal_value=-0.000667835 0.0186157 0.0549334 0 -0.00249126 -0.0248703 -0.000349765
internal_weight=153.047 12.9848 4.47797 8.50681 140.062 12.0284 128.034
internal_count=1075 97 39 58 978 79 899
is_linear=0
shrinkage=0.05


Tree=73
num_leaves=8
num_cat=0
split_feature=47 46 4 43 8 71 9
split_gain=1.99424 3.83571 7.45133 3.59072 3.51248 3.7831 3.662
threshold=-0.76877588033676136 -0.59242206811904896 2469716.3750000005 25264778.000000004 2.7790499925613408 1794653.5625000002 1943280704.0000002
decision_type=2 2 2 2 2 2 2
left_child=4 2 -2 -3 5 -1 -6
right_child=1 3 -4 -5 6 -7 -8
leaf_value=0.020866702708454917 -0.00059335077739118189 -0.0074461135937463037 0.054755272336843179 -0.048894018781790033 0.089938115607116856 -0.020356137358549825 0.014847611218389367
leaf_weight=11.433296825736766 42.207242503762245 67.821276050060987 7.0718081109225741 5.7348317727446547 2.5143141970038405 10.828983109444378 5.192115057259798
leaf_count=86 294 463 64 38 21 76 33
internal_value=-0.000633928 -0.00348621 0.00724801 -0.0107456 0.0108901 0.000590188 0.0399956
internal_weight=152.804 122.835 49.2791 73.5561 29.9687 22.2623 7.70643
internal_count=1075 859 358 501 216 162 54
is_linear=0
shrinkage=0.05


Tree=74
num_leaves=6
num_cat=0
split_feature=44 39 64 60 27
split_gain=2.05887 4.26105 3.16198 2.32837 2.80675
threshold=14898025.500000002 1.8331754803657534 0.15051407366991046 0.087676465511322035 -117874687.99999999
decision_type=2 2 2 2 2
left_child=3 2 -2 4 -1
right_child=1 -3 -4 -5 -6
leaf_value=-0.029862483502883626 0.060288491696740935 0.08417698957671356 -0.013521885558089501 -0.050332070077646333 0.00042901258598153141
leaf_weight=8.1012580692768079 1.9030275754630546 2.1277753114700317 5.9812060035765171 2.4716294109821311 132.05122169479728
leaf_count=56 17 14 40 12 936
internal_value=-0.000600848 0.0212708 0.00365964 -0.00217126 -0.00128626
internal_weight=152.636 10.012 7.88423 142.624 140.152
internal_count=1075 71 57 1004 992
is_linear=0
shrinkage=0.05


Tree=75
num_leaves=8
num_cat=0
split_feature=38 70 40 38 41 56 41
split_gain=1.92734 4.77589 4.65886 4.31888 3.69671 3.64457 0.790997
threshold=2.0706567764282231 3213562.6250000005 1.4914959669113161 1.7506505250930788 -1.2844014167785642 0.20291722565889361 -1.0000000180025095e-35
decision_type=2 2 2 2 2 2 2
left_child=3 2 -2 5 -5 -1 -3
right_child=1 6 -4 4 -6 -7 -8
leaf_value=-0.039136758389766116 -0.016085751555376691 0.078622607312845039 0.070481376406355448 0.019781286973773279 -0.056784405549487708 0.0015868561110792695 0.025989378766841681
leaf_weight=5.7483833059668532 8.965103901922701 2.7488790974020958 1.8785005174577225 1.9963772669434545 6.2288302257657033 123.55344706401229 1.4173553846776474
leaf_count=48 78 26 18 16 35 841 13
internal_value=-0.00057017 0.0163992 -0.000628124 -0.00245858 -0.0375929 -0.000184928 0.0619169
internal_weight=152.537 15.0098 10.8436 137.527 8.22521 129.302 4.16623
internal_count=1075 135 96 940 51 889 39
is_linear=0
shrinkage=0.05


Tree=76
num_leaves=6
num_cat=0
split_feature=26 26 10 2 10
split_gain=1.92993 2.6802 2.86988 2.84533 1.649
threshold=0.00032464388641528791 0.0014285732759162786 0.00069499999517574917 38847248.000000007 -0.00016175999917322767
decision_type=2 2 2 2 2
left_child=4 3 -3 -2 -1
right_child=1 2 -4 -5 -6
leaf_value=0 0.028482862827237339 -0.0079917205983179793 0.014967091019931498 0.0019043767127709796 -0.061270373967357072
leaf_weight=2.2190541699528694 14.724373843520878 83.47043190151453 16.148726083338261 33.328939169645309 2.3880549669265738
leaf_count=15 172 460 96 315 17
internal_value=-0.000537652 0.000423168 -0.0042198 0.0101525 -0.0324203
internal_weight=152.28 147.672 99.6192 48.0533 4.60711
internal_count=1075 1043 556 487 32
is_linear=0
shrinkage=0.05


Tree=77
num_leaves=5
num_cat=0
split_feature=47 47 46 13
split_gain=1.94031 2.01423 4.11964 3.7167
threshold=1.9352886080741885 -0.76877588033676136 -0.59242206811904896 1870732224.0000002
decision_type=2 2 2 2
left_child=1 3 -3 -1
right_child=-2 2 -4 -5
leaf_value=0.0045389789541556381 0.048663187591495079 0.0069810407258317098 -0.01182478879446567 0.065637923941124984
leaf_weight=26.990566629916433 1.9751792661845673 49.004332400858402 71.069651082158089 2.7754681333899489
leaf_count=198 16 358 485 18
internal_value=-0.000510346 -0.00119192 -0.00410815 0.010404
internal_weight=151.815 149.84 120.074 29.766
internal_count=1075 1059 843 216
is_linear=0
shrinkage=0.05


Tree=78
num_leaves=8
num_cat=0
split_feature=48 57 66 23 11 36 5
split_gain=1.9162 3.61573 4.50487 3.50838 3.19289 3.01148 2.76087
threshold=1.4451953172683718 1.3513512015342715 3.0166022777557377 269.50000000000006 76.664997100830092 -1.1785779595375059 92811.625000000015
decision_type=2 2 2 2 2 2 2
left_child=3 6 -3 4 -1 -5 -2
right_child=1 2 -4 5 -6 -7 -8
leaf_value=0.001310475727966879 -0.071561303737549556 -0.016205751223334352 0.073605051768681484 -0.0056190960216868533 -0.028168697095107876 0.048998375676639234 -0.0074903364552557604
leaf_weight=116.91501821577549 3.9117515534162504 5.2919531613588333 1.8807197250425813 3.774806309491396 9.9551487527787668 6.7877560555934888 3.2842145599424839
leaf_count=821 25 34 19 29 60 63 24
internal_value=-0.000478855 -0.0178764 0.00664611 0.00130368 -0.000963263 0.029006 -0.0430144
internal_weight=151.801 14.3686 7.17267 137.433 126.87 10.5626 7.19597
internal_count=1075 102 53 973 881 92 49
is_linear=0
shrinkage=0.05


Tree=79
num_leaves=7
num_cat=0
split_feature=10 61 49 45 56 46
split_gain=1.90282 3.29797 3.78991 2.47933 2.43298 2.18093
threshold=-0.0008200000156648456 47.862493515014656 -0.9627707004547118 -0.42442378401756281 -0.31960754096508021 -0.60786879062652577
decision_type=2 2 2 2 2 2
left_child=1 3 -3 -1 -2 -6
right_child=4 2 -4 -5 5 -7
leaf_value=-0.041617626276511825 -0.051800904613016313 -0.057393118320744001 0.052634972145399743 0.02684787466582586 0.0081527002702708965 -0.0055197665045762217
leaf_weight=3.0401297211647034 2.4329024218022814 0.84534154459834088 6.6277850978076458 2.2615359649062139 42.074418369680643 94.346382010728121
leaf_count=19 20 6 59 13 304 654
internal_value=-0.000456679 0.0179675 0.0395198 -0.0114691 -0.00218774 -0.0012663
internal_weight=151.628 12.7748 7.47313 5.30167 138.854 136.421
internal_count=1075 97 65 32 978 958
is_linear=0
shrinkage=0.05


Tree=80
num_leaves=6
num_cat=0
split_feature=41 45 49 51 23
split_gain=1.83 5.08958 3.87584 3.36747 2.79706
threshold=1.8658696413040163 -1.139342665672302 -1.1032288074493406 -0.10357159748673438 269.50000000000006
decision_type=2 2 2 2 2
left_child=1 -1 -2 -4 -3
right_child=2 4 3 -5 -6
leaf_value=0.093743233517037602 -0.08690929438687621 -0.0020539461763818575 0.053762574474504388 -0.015732898123923235 0.020940566308006434
leaf_weight=1.4826385788619507 1.7183044403791452 116.15996536239982 1.9488818906247658 15.186242111027237 14.910949394106863
leaf_count=14 11 796 21 104 129
internal_value=-0.000434845 0.00160422 -0.0150362 -0.00753696 0.000523819
internal_weight=151.407 132.554 18.8534 17.1351 131.071
internal_count=1075 939 136 125 925
is_linear=0
shrinkage=0.05


Tree=81
num_leaves=6
num_cat=0
split_feature=26 61 2 14 6
split_gain=1.78752 2.47914 4.35633 3.46625 1.56607
threshold=0.00032464388641528791 91.000049591064467 38847248.000000007 0.27500000596046453 -317833396223.99994
decision_type=2 2 2 2 2
left_child=4 3 -3 -2 -1
right_child=1 2 -4 -5 -6
leaf_value=0 -0.00079651658005580367 0.02605514248343857 -0.0017789294833365525 -0.029861914804690023 -0.06087819391953956
leaf_weight=2.2414024546742439 74.735417367890477 22.026658669114113 38.038538455963135 11.966491766273974 2.2589226588606826
leaf_count=16 456 191 311 85 16
internal_value=-0.000411539 0.000506718 0.00834493 -0.00486576 -0.0314693
internal_weight=151.267 146.767 60.0652 86.7019 4.50033
internal_count=1075 1043 502 541 32
is_linear=0
shrinkage=0.05


Tree=82
num_leaves=6
num_cat=0
split_feature=44 8 39 60 5
split_gain=1.86114 3.75152 3.77858 2.13534 2.31445
threshold=14898025.500000002 4.2425498962402353 1.8331754803657534 0.087676465511322035 2471317.7500000005
decision_type=2 2 2 2 2
left_child=3 2 -2 4 -1
right_child=1 -3 -4 -5 -6
leaf_value=0.00085986167223710145 0.014831957387491435 -0.048305289150670755 0.096109209871751283 -0.048396194158036532 -0.022533330220874181
leaf_weight=127.12011808529496 6.319379333406685 1.5962613523006428 1.9355942755937574 2.4313409030437461 11.50935312733054
leaf_count=910 48 10 13 12 82
internal_value=-0.000397958 0.020571 0.0344952 -0.00189781 -0.00104623
internal_weight=150.912 9.85123 8.25497 141.061 138.629
internal_count=1075 71 61 1004 992
is_linear=0
shrinkage=0.05


Tree=83
num_leaves=8
num_cat=0
split_feature=43 43 33 22 2 43 11
split_gain=1.81219 8.05487 4.09461 4.65883 3.36066 2.80874 1.97313
threshold=25264778.000000004 20200371.000000004 -1.1065779924392698 8820.4702148437518 102179560.00000001 8594644.0000000019 31.710000038146976
decision_type=2 2 2 2 2 2 2
left_child=1 5 6 -4 -3 -1 -2
right_child=2 4 3 -5 -6 -7 -8
leaf_value=0.0019316873953091976 -0.013887726648007951 0.018519073972562885 -0.053196268618614297 0.042447364595833932 0.11419166699343153 -0.018788257844362746 -0.080270112735161381
leaf_weight=117.23595657758415 2.1575245782732964 1.8560651838779438 1.9314906895160655 3.6531642377376556 2.1439630948007107 18.978271789848804 2.9076672792434692
leaf_count=835 18 14 12 27 16 135 18
internal_value=-0.000377511 0.00109896 -0.020286 0.00847306 0.0710483 -0.000918446 -0.0529816
internal_weight=150.864 140.214 10.6498 5.58465 4.00003 136.214 5.06519
internal_count=1075 1000 75 39 30 970 36
is_linear=0
shrinkage=0.05


Tree=84
num_leaves=8
num_cat=0
split_feature=48 57 67 46 49 43 1
split_gain=1.78578 3.25068 4.09654 3.20046 4.84915 4.50726 2.97042
threshold=1.4451953172683718 1.3513512015342715 3.8652166128158574 0.35388964414596563 -0.40118777751922602 16615.684570312504 155124416.00000003
decision_type=2 2 2 2 2 2 2
left_child=3 6 -3 5 -5 -1 -2
right_child=1 2 -4 4 -6 -7 -8
leaf_value=-0.027275732720859071 -0.057380797980271819 -0.015472363494615846 0.071601585221702457 -0.060981828144814558 0.021774486049640857 0.0016243803292301951 0.022394704678341384
leaf_weight=15.762329600751398 5.7207265272736532 5.2365748435258865 1.8048018291592596 1.8678227961063409 26.844928704202175 92.173647725954652 1.3639877289533613
leaf_count=101 39 34 19 11 201 660 10
internal_value=-0.000358694 -0.0173091 0.0061358 0.00135696 0.0162169 -0.0025497 -0.0413162
internal_weight=150.775 14.1261 7.04138 136.649 28.7128 107.936 7.08471
internal_count=1075 102 53 973 212 761 49
is_linear=0
shrinkage=0.05


Tree=85
num_leaves=6
num_cat=0
split_feature=10 58 39 56 19
split_gain=1.7342 3.21263 3.397 2.23307 2.15098
threshold=-0.0008200000156648456 19632128.000000004 0.72571173310279857 -0.31960754096508021 2214.6950683593755
decision_type=2 2 2 2 2
left_child=1 2 -1 -2 -5
right_child=3 -3 -4 4 -6
leaf_value=0.063805785299325624 -0.05071444838369641 -0.036069594245743457 0.0045666333777150498 0.0099993891657871505 -0.0047049189518790424
leaf_weight=4.2505224049091321 2.3169747926294795 2.2272819355130187 6.0887436214834452 32.70125250518322 102.94761221110821
leaf_count=40 20 13 44 232 726
internal_value=-0.000340099 0.0174014 0.0294037 -0.00199232 -0.00112325
internal_weight=150.532 12.5665 10.3393 137.966 135.649
internal_count=1075 97 84 978 958
is_linear=0
shrinkage=0.05


Tree=86
num_leaves=8
num_cat=0
split_feature=24 45 33 70 9 64 72
split_gain=1.75162 4.29517 4.62803 3.82741 5.66821 4.3031 3.69546
threshold=181.50000000000003 -0.57341685891151417 -1.4781718850135801 6089898.0000000009 1834722048.0000002 0.099076934158802046 -891698.53124999988
decision_type=2 2 2 2 2 2 2
left_child=1 6 -3 4 -2 -5 -1
right_child=3 2 -4 5 -6 -7 -8
leaf_value=0.00026703795930799954 0.015904700365281948 0.041354634023643422 -0.01781242336677526 -0.016157972794152094 -0.021613545091163009 0.055915909652245979 0.037859032546736074
leaf_weight=37.360121365636587 24.464390540495515 3.493032742291688 50.085998479276896 2.7896607443690282 17.097711715847254 7.1018878892064095 7.9966028928756705
leaf_count=278 193 30 319 17 121 56 61
internal_value=-0.000321763 -0.00424497 -0.0138618 0.00712466 0.000350238 0.0350838 0.00700492
internal_weight=150.389 98.9358 53.579 51.4537 41.5621 9.89155 45.3567
internal_count=1075 688 349 387 314 73 339
is_linear=0
shrinkage=0.05


Tree=87
num_leaves=8
num_cat=0
split_feature=43 43 58 51 2 60 61
split_gain=1.73556 7.20035 3.78596 3.63951 2.95275 2.74359 2.0791
threshold=25264778.000000004 20200371.000000004 -17027071.999999996 -0.050651870667934411 102179560.00000001 0.11157179996371271 86.566726684570327
decision_type=2 2 2 2 2 2 2
left_child=1 5 6 -4 -3 -1 -2
right_child=2 4 3 -5 -6 -7 -8
leaf_value=0 -0.076024343159434377 0.017839778305810596 0.058225651944298573 -0.022762617730293463 0.1077823877765241 -0.069165060602886436 0
leaf_weight=134.12496124394238 3.2254604883491993 1.8571110963821404 2.1567628085613251 3.8159860521554929 2.1428847126662731 1.4506019800901402 1.3746028095483778
leaf_count=963 22 14 17 24 16 7 12
internal_value=-0.000301632 0.00114404 -0.0198594 0.00564515 0.067274 -0.000770161 -0.0540617
internal_weight=150.148 139.576 10.5728 5.97275 4 135.576 4.60006
internal_count=1075 1000 75 41 30 970 34
is_linear=0
shrinkage=0.05


Tree=88
num_leaves=8
num_cat=0
split_feature=38 43 38 26 31 23 37
split_gain=1.70582 4.72786 4.06611 4.87667 3.77878 3.54775 3.07915
threshold=2.0706567764282231 1.0000000180025095e-35 1.7506505250930788 0.0021428556647151713 -0.75790631771087635 63.500000000000007 1.3620978593826296
decision_type=2 2 2 2 2 2 2
left_child=2 5 6 -4 -3 -2 -1
right_child=1 4 3 -5 -6 -7 -8
leaf_value=0.003806021442792329 -0.072122365254209925 0.045006067489742251 0.016177722166278202 -0.064636577726664479 -0.036682812674239569 0.026071948567288412 -0.016234024871045655
leaf_weight=103.75095445103943 2.255468755960464 9.3565636053681356 2.7444829493761045 5.3190336376428604 1.6001467145979393 1.4585344046354292 23.508442092686892
leaf_count=734 12 101 26 25 10 12 155
internal_value=-0.000289356 0.0158657 -0.00207772 -0.0365107 0.0326197 -0.032214 6.47632e-05
internal_weight=149.994 14.6707 135.323 8.06352 10.9567 3.714 127.259
internal_count=1075 135 940 51 111 24 889
is_linear=0
shrinkage=0.05


Tree=89
num_leaves=8
num_cat=0
split_feature=48 49 8 4 41 65 71
split_gain=1.69781 2.96666 7.43161 6.10265 2.81448 4.44801 2.78047
threshold=1.4451953172683718 -0.13810984045267102 2.6454499959945683 887996.90625000012 -0.15695152431726453 -2.7084902524948116 787429.78125000012
decision_type=2 2 2 2 2 2 2
left_child=1 3 -3 -1 6 -6 -2
right_child=4 2 -4 -5 5 -7 -8
leaf_value=-0.011445867441385949 -0.058755649410868444 -0.00060384767268881006 0.042925909057963674 0.019837278304052755 0.030673919768753128 -0.049790980523074735 0.039555226176552757
leaf_weight=66.719864889979362 0.89603893458843131 35.370113857090473 13.451354861259459 20.271276853978634 2.1334859617054454 7.6468419022858134 3.2214869670569897
leaf_count=458 6 254 99 162 16 53 27
internal_value=-0.000273918 0.00139541 0.0112871 -0.00409858 -0.0169467 -0.0317271 0.0169469
internal_weight=149.71 135.813 48.8215 86.9911 13.8979 9.78033 4.11753
internal_count=1075 973 353 620 102 69 33
is_linear=0
shrinkage=0.05


Tree=90
num_leaves=8
num_cat=0
split_feature=43 43 33 24 43 3 61
split_gain=1.71097 6.30735 3.62849 4.07078 2.72477 2.53484 2.37784
threshold=25264778.000000004 20200371.000000004 -1.1065779924392698 272.50000000000006 8594644.0000000019 -5528563.4999999991 86.566726684570327
decision_type=2 2 2 2 2 2 2
left_child=1 4 6 -4 -1 -3 -2
right_child=2 5 3 -5 -6 -7 -8
leaf_value=0.0021945989140424566 -0.073801523857193324 0.08873744048668615 -0.017101453105489876 0.080404921628740814 -0.018318313545590045 0 0
leaf_weight=116.23446481116116 3.4562668800354004 2.8249669186770916 4.1116802506148797 1.4325065426528452 18.787826705724001 1.1760070174932469 1.4736253991723058
leaf_count=835 23 21 28 11 135 9 13
internal_value=-0.000260327 0.00117396 -0.0197752 0.00719039 -0.000622662 0.0630551 -0.051115
internal_weight=149.497 139.023 10.4741 5.54419 135.022 4.00097 4.92989
internal_count=1075 1000 75 39 970 30 36
is_linear=0
shrinkage=0.05


Tree=91
num_leaves=7
num_cat=0
split_feature=41 49 51 52 43 27
split_gain=1.69359 3.44994 3.04574 2.35847 4.96475 3.80731
threshold=1.8658696413040163 -1.1032288074493406 -0.06924863904714583 -0.040413642302155488 25264778.000000004 -106683391.99999999
decision_type=2 2 2 2 2 2
left_child=3 -2 -3 4 -1 -5
right_child=1 2 -4 5 -6 -7
leaf_value=0.021805381922341261 -0.083026833174189338 0.041140639751149746 -0.016749152354028591 -0.060794600018274005 -0.028421943839345706 -0.00048920074544849034
leaf_weight=28.331314615905285 1.6803353354334856 2.673476636409764 14.202034134417769 2.6987451910972586 5.8779490068554869 93.848695745691657
leaf_count=222 11 28 97 15 41 661
internal_value=-0.000245552 -0.0144104 -0.00728176 0.00172635 0.013029 -0.00222668
internal_weight=149.313 18.5558 16.8755 130.757 34.2093 96.5474
internal_count=1075 136 125 939 263 676
is_linear=0
shrinkage=0.05


Tree=92
num_leaves=8
num_cat=0
split_feature=50 37 7 21 47 10 34
split_gain=1.68119 3.62054 4.94236 3.32503 3.91055 3.07928 2.89238
threshold=0.037053989246487624 -0.2052524387836456 4.3018929958343515 -98112.999999999985 -0.58201587200164784 -0.0008494999783579259 0.51933953166008007
decision_type=2 2 2 2 2 2 2
left_child=1 6 -3 4 -2 -5 -1
right_child=3 2 -4 5 -6 -7 -8
leaf_value=-0.0021604862872516535 0.016626761437583751 -0.026109532951734762 0.062866017745027578 0.097423083265729127 -0.019653920847488258 0.018876566460121078 0.026461443029858523
leaf_weight=67.913410969078541 14.296842105686663 23.822639252990488 1.640871837735175 1.4156689643859852 15.38852331787348 14.523358069360254 10.12077786400914
leaf_count=482 117 143 11 13 115 121 73
internal_value=-0.000237545 -0.00379485 -0.0201796 0.00772252 -0.00201226 0.0261666 0.00148761
internal_weight=149.122 103.498 25.4635 45.6244 29.6854 15.939 78.0342
internal_count=1075 709 154 366 232 134 555
is_linear=0
shrinkage=0.05


Tree=93
num_leaves=7
num_cat=0
split_feature=67 33 47 30 0 67
split_gain=1.62099 3.75176 3.57899 3.18202 2.5516 0.234601
threshold=6.3295254707336435 0.48964874446392065 -1.0000000180025095e-35 0.054871080443263061 34214.500000000007 13.448726177215578
decision_type=2 2 2 2 2 2
left_child=3 5 -3 -1 -5 -2
right_child=1 2 -4 4 -6 -7
leaf_value=0.066430929098911115 0.066664949490523526 -0.015295364687978152 0.033640078946286206 -0.025427798944540916 -0.00092176175234467354 0.021620458991379182
leaf_weight=1.6562986858189095 2.9072073027491601 10.124997649341825 5.8949020449072096 11.75891127809882 115.84391447901726 0.71980956569313992
leaf_count=14 37 101 72 82 758 11
internal_value=-0.000221236 0.0131222 0.00239948 -0.00228807 -0.00321924 0.0591041
internal_weight=148.906 19.6469 16.0199 129.259 127.603 3.62702
internal_count=1075 221 173 854 840 48
is_linear=0
shrinkage=0.05


Tree=94
num_leaves=8
num_cat=0
split_feature=44 49 57 5 34 43 29
split_gain=1.56617 3.77162 3.83332 2.02387 3.49011 2.73318 1.53871
threshold=14898025.500000002 -0.66830477118492115 2.9970051050186162 2471317.7500000005 -1.4103038907051084 8594644.0000000019 0.14963001757860186
decision_type=2 2 2 2 2 2 2
left_child=3 6 -3 5 -5 -1 -2
right_child=1 2 -4 4 -6 -7 -8
leaf_value=0.0037913216218003741 0.027386760549621799 -0.021696342673416174 0.059919734856094566 -0.086944855870985951 -0.0093510917599976436 -0.014704120777636501 0.11312692425551235
leaf_weight=102.88067268021405 1.2377330511808398 5.2024390250444394 1.9871316775679586 1.7595820762217034 9.5238532181829196 24.778980098664761 1.2436914034187792
leaf_count=742 10 38 13 11 71 180 10
internal_value=-0.000205616 0.0192107 0.000166144 -0.00159306 -0.0218945 0.000162155 0.0723748
internal_weight=148.614 9.671 7.18957 138.943 11.2834 127.66 2.48142
internal_count=1075 71 51 1004 82 922 20
is_linear=0
shrinkage=0.05


Tree=95
num_leaves=5
num_cat=0
split_feature=47 26 61 10
split_gain=1.66413 2.10653 2.23863 1.48056
threshold=1.9352886080741885 0.00032464388641528791 91.000049591064467 -0.00039899999683257187
decision_type=2 2 2 2
left_child=1 3 -3 -1
right_child=-2 2 -4 -5
leaf_value=0 0.045951965778784493 -0.0050320154687078763 0.007709927640122201 -0.059460832179234785
leaf_weight=1.6067656949162481 1.9245694503188122 84.061405522748828 58.40080638974905 2.564296878874301
leaf_count=11 16 533 495 20
internal_value=-0.000194436 -0.000834209 0.000156306 -0.0358639
internal_weight=148.558 146.633 142.462 4.17106
internal_count=1075 1059 1028 31
is_linear=0
shrinkage=0.05


Tree=96
num_leaves=7
num_cat=0
split_feature=70 55 10 60 52 27
split_gain=1.54128 4.11445 3.63678 3.42475 4.02164 2.55172
threshold=5670690.0000000009 0.53051236271858226 -0.0004745000042021274 0.087676465511322035 -0.14384106546640393 9638912.0000000019
decision_type=2 2 2 2 2 2
left_child=3 2 -2 4 -1 -3
right_child=1 5 -4 -5 -6 -7
leaf_value=0.049449427086437979 -0.032691866656584571 0.079161688393778795 0.012785972962738357 -0.068043421425212136 -0.0032523971695323319 0.013349196231824942
leaf_weight=3.7320305667817584 6.1127140186727109 3.0441341698169699 15.652756407856939 1.97472684085369 114.49316347762942 3.2754113562405109
leaf_count=39 42 27 113 10 818 26
internal_value=-0.000183397 0.0103259 0 -0.00268051 -0.00154646 0.0458424
internal_weight=148.285 28.085 21.7655 120.2 118.225 6.31955
internal_count=1075 208 155 867 857 53
is_linear=0
shrinkage=0.05


Tree=97
num_leaves=5
num_cat=0
split_feature=45 61 72 56
split_gain=1.52779 1.8296 3.72146 3.39204
threshold=-1.139342665672302 69.999969482421889 -836715.59374999988 4.9851572513580331
decision_type=2 2 2 2
left_child=-1 3 -3 -2
right_child=1 2 -4 -5
leaf_value=0.042488097892493318 0.006634447192242366 0.0060009695808430508 -0.04595535328343367 -0.017535953134483414
leaf_weight=2.0652548838406792 24.311735101044178 82.969990050420165 3.5804394781589499 35.230748999863863
leaf_count=18 167 655 26 209
internal_value=-0.000171446 -0.000808731 0.00379386 -0.00758299
internal_weight=148.158 146.093 86.5504 59.5425
internal_count=1075 1057 681 376
is_linear=0
shrinkage=0.05


Tree=98
num_leaves=6
num_cat=0
split_feature=10 58 39 56 27
split_gain=1.50767 2.8028 2.9825 2.006 1.99931
threshold=-0.0008200000156648456 19632128.000000004 0.72571173310279857 -0.31960754096508021 -106683391.99999999
decision_type=2 2 2 2 2
left_child=1 2 -1 -2 -5
right_child=3 -3 -4 4 -6
leaf_value=0.061098441160050435 -0.049558819378556912 -0.033773844298038307 0.0044839892146324783 -0.021083017477316699 0.00092110523156878246
leaf_weight=4.0843808706849796 2.1588243879377833 2.171355113387107 5.8986892718821764 11.250604681670664 122.51542449742556
leaf_count=40 20 13 44 76 882
internal_value=-0.00015986 0.0166741 0.0281475 -0.00170194 -0.000892208
internal_weight=148.079 12.1544 9.98307 135.925 133.766
internal_count=1075 97 84 978 958
is_linear=0
shrinkage=0.05


Tree=99
num_leaves=5
num_cat=0
split_feature=47 26 26 69
split_gain=1.49377 1.95047 1.9813 1.43243
threshold=1.9352886080741885 0.00032464388641528791 0.0014285732759162786 94.727134704589858
decision_type=2 2 2 2
left_child=1 3 -3 -1
right_child=-2 2 -4 -5
leaf_value=-0.058806240968617585 0.043580197396740294 0.0087611455101519308 -0.0038664506767674012 0
leaf_weight=2.4686711467802516 1.9235353991389263 45.889438528567553 96.026899434626102 1.5908997580409048
leaf_count=20 16 480 548 11
internal_value=-0.000150465 -0.00076096 0.000181521 -0.0349403
internal_weight=147.899 145.976 141.916 4.05957
internal_count=1075 1059 1028 31
is_linear=0
shrinkage=0.05


end of trees

feature_importances:
atr=66
RSI=48
liq_long_5=38
pull_ema8=34
z_delta_qty=21
ret_kurt_20=20
price_atr=20
z_btc_20=19
cvd_delta=18
pull_ema21=17
pull_ema50=17
Agg._Funding_Rate=16
Sell_Qty=15
Bid_Trades=14
z_ask_trades=13
log_ret_3=13
log_ret_5=13
z_bid_trades=12
Candle_Delta=11
z_btc_4=10
z_ask_qty=10
z_bid_qty=9
ret_skew_20=9
liq_short_5_mean=9
vol_regime=8
Buy_Qty=7
liq_short_5=7
atr_ratio=7
stoch_k=7
liq_long_5_mean=7
Delta_Qty=6
Ask_Trades=6
atr_ratio_lag1=6
btc_CVD=6
Agg._Liq_Long=5
Agg._OI=5
z_cvd_4=5
z_cvd_20=5
z_ls=5
ret_kurt_10=5
ret_lag1=5
Whale_Ind=4
z_btc_10=4
ret_skew_10=4
cvd_accel=4
ema_21=4
Agg._Liq_Short=3
Long/Short_Ratio_(Account)=3
Bid_USD=3
ema_fast=3
ema_slow=3
funding=3
log_ret_1=3
ema_8=3
Candle=2
Net_Shorts=2
Net_Longs=2
Ask_Qty=2
Delta_USD=2
total_qty=2
macro_score=2
z_cvd_10=2
ema_50=2
CVD=1
Price_Low=1
Bid_Qty=1
btc_cvd_mom=1
z_oi=1
rsi=1

parameters:
[boosting: gbdt]
[objective: binary]
[metric: binary_logloss]
[tree_learner: serial]
[device_type: cpu]
[data_sample_strategy: bagging]
[data: ]
[valid: ]
[num_iterations: 100]
[learning_rate: 0.05]
[num_leaves: 31]
[num_threads: 1]
[seed: 42]
[deterministic: 0]
[force_col_wise: 0]
[force_row_wise: 0]
[histogram_pool_size: -1]
[max_depth: 3]
[min_data_in_leaf: 10]
[min_sum_hessian_in_leaf: 0.001]
[bagging_fraction: 0.8]
[pos_bagging_fraction: 1]
[neg_bagging_fraction: 1]
[bagging_freq: 0]
[bagging_seed: 400]
[bagging_by_query: 0]
[feature_fraction: 0.8]
[feature_fraction_bynode: 1]
[feature_fraction_seed: 30056]
[extra_trees: 0]
[extra_seed: 12879]
[early_stopping_round: 0]
[early_stopping_min_delta: 0]
[first_metric_only: 0]
[max_delta_step: 0]
[lambda_l1: 0.1]
[lambda_l2: 0]
[linear_lambda: 0]
[min_gain_to_split: 0]
[drop_rate: 0.1]
[max_drop: 50]
[skip_drop: 0.5]
[xgboost_dart_mode: 0]
[uniform_drop: 0]
[drop_seed: 17869]
[top_rate: 0.2]
[other_rate: 0.1]
[min_data_per_group: 100]
[max_cat_threshold: 32]
[cat_l2: 10]
[cat_smooth: 10]
[max_cat_to_onehot: 4]
[top_k: 20]
[monotone_constraints: ]
[monotone_constraints_method: basic]
[monotone_penalty: 0]
[feature_contri: ]
[forcedsplits_filename: ]
[refit_decay_rate: 0.9]
[cegb_tradeoff: 1]
[cegb_penalty_split: 0]
[cegb_penalty_feature_lazy: ]
[cegb_penalty_feature_coupled: ]
[path_smooth: 0]
[interaction_constraints: ]
[verbosity: -1]
[saved_feature_importance_type: 0]
[use_quantized_grad: 0]
[num_grad_quant_bins: 4]
[quant_train_renew_leaf: 0]
[stochastic_rounding: 1]
[linear_tree: 0]
[max_bin: 63]
[max_bin_by_feature: ]
[min_data_in_bin: 3]
[bin_construct_sample_cnt: 200000]
[data_random_seed: 175]
[is_enable_sparse: 1]
[enable_bundle: 1]
[use_missing: 1]
[zero_as_missing: 0]
[feature_pre_filter: 1]
[pre_partition: 0]
[two_round: 0]
[header: 0]
[label_column: ]
[weight_column: ]
[group_column: ]
[ignore_column: ]
[categorical_feature: ]
[forcedbins_filename: ]
[precise_float_parser: 0]
[parser_config_file: ]
[objective_seed: 16083]
[num_class: 1]
[is_unbalance: 0]
[scale_pos_weight: 0.671851]
[sigmoid: 1]
[boost_from_average: 1]
[reg_sqrt: 0]
[alpha: 0.9]
[fair_c: 1]
[poisson_max_delta_step: 0.7]
[tweedie_variance_power: 1.5]
[lambdarank_truncation_level: 30]
[lambdarank_norm: 1]
[label_gain: ]
[lambdarank_position_bias_regularization: 0]
[eval_at: ]
[multi_error_top_k: 1]
[auc_mu_weights: ]
[num_machines: 1]
[local_listen_port: 12400]
[time_out: 120]
[machine_list_filename: ]
[machines: ]
[gpu_platform_id: -1]
[gpu_device_id: -1]
[gpu_use_dp: 0]
[num_gpu: 1]

end of parameters

pandas_categorical:[]
