tree
version=v4
num_class=1
num_tree_per_iteration=1
label_index=0
max_feature_idx=72
objective=binary sigmoid:1
feature_names=Candle Buy_Qty Sell_Qty Candle_Delta Agg._Liq_Long Agg._Liq_Short CVD Long/Short_Ratio_(Account) Whale_Ind Agg._OI Agg._Funding_Rate RSI Net_Shorts Net_Longs Price_Low Price_High Mid_Price Bid_Qty Ask_Qty Bid_USD Ask_USD Delta_Qty Delta_USD Bid_Trades Ask_Trades total_qty atr cvd_delta btc_cvd_mom ema_fast ema_slow macro_score macro z_cvd_4 z_btc_4 z_cvd_10 z_btc_10 z_cvd_20 z_btc_20 vol_regime z_oi z_ls funding liq_long_5 liq_short_5 z_bid_qty z_ask_qty z_delta_qty z_bid_trades z_ask_trades log_ret_1 log_ret_3 log_ret_5 ret_skew_10 ret_kurt_10 ret_skew_20 ret_kurt_20 atr_ratio cvd_accel atr_ratio_lag1 ret_lag1 price_atr ema_8 ema_21 ema_50 pull_ema8 pull_ema21 pull_ema50 rsi stoch_k liq_long_5_mean liq_short_5_mean btc_CVD
feature_infos=[443:208950] [8594.2001953125:10701001] [16363.5:10884430] [-1596040.875:1232511.375] [0:607265.3125] [0:647082.3125] [-1906091008:-9550943] [0:8.8060569763183594] [0:5.333399772644043] [0:46909496] [-0.0054319999180734158:0.023779399693012238] [0:96.989997863769531] [0:20206206] [0:26703290] [0.76499998569488525:52.224998474121094] [0.77499997615814209:52.235000610351562] [0.76999998092651367:52.229999542236328] [0:1899757.5] [0:1383118.125] [0:1501759.375] [0:2263095.5] [-605635.25:937411] [-472813.1875:2147659.25] [0:3988] [0:4011] [0:2862104] [0.0014285700162872672:1.1797864437103271] [-2334848:3212544] [-14221.625:14916.875] [0.76434874534606934:52.752094268798828] [0.78206372261047363:50.904693603515625] [-27.191747665405273:22.415563583374023] [-1:1] [-1.4999185800552368:1.4995121955871582] [-1.4999138116836548:1.4999543428421021] [-2.8207938671112061:2.824195384979248] [-2.8102827072143555:2.823462963104248] [-4.055112361907959:3.9825823307037354] [-4.1324172019958496:4.087615966796875] [-2.8525440692901611:6.5777692794799805] [-5.891291618347168:4.9794254302978516] [-8.0081663131713867:8.1853742599487305] [-0.0054319999180734158:0.023779399693012238] [0:2275036.25] [0:7564918.5] [-1.9413291215896606:2.8452842235565186] [-2.3664793968200684:2.8452792167663574] [-2.8452467918395996:2.7646329402923584] [-2.3798670768737793:2.8391819000244141] [-2.0963096618652344:2.8075025081634521] [-0.15320964157581329:0.05898711085319519] [-0.19982810318470001:0.081904523074626923] [-0.21352694928646088:0.10267817974090576] [-3.1622776985168457:3.1622776985168457] [-2.5713396072387695:10] [-4.4721360206604004:4.4721360206604004] [-1.6981123685836792:20] [0.30000001192092896:3] [-1352704:1472256] [0.30000001192092896:3] [-0.058483324944972992:0.073160581290721893] [23.005680084228516:1262.7711181640625] [0.76415401697158813:52.447685241699219] [0.76193982362747192:52.672870635986328] [0.76165682077407837:52.852188110351562] [-5.3699584007263184:4.4112772941589355] [-6.9084100723266602:6.5066928863525391] [-7.836235523223877:9.0122213363647461] [0:100] [0:100] [0:1039343.0625] [0:915214.1875] [-2645026:68044.4296875]
tree_sizes=957 972 974 979 951 968 867 984 976 874 874 966 990 979 881 979 985 982 990 873 879 968 979 878 982 882 976 986 879 884 879 992 779 881 986 876 983 985 785 782 790 990 885 887 884 781 987 885 776 979 795 991 983 759 880 759 987 883 887 891 885 981 779 988 787 977 792 991 989 778 780 782 783 792 887 980 860 993 867 1000 880 783 994 781 995 879 985 979 887 882 990 994 785 883 779 994 980 795 885 991

Tree=0
num_leaves=8
num_cat=0
split_feature=22 10 33 35 72 27 67
split_gain=68.7937 34.2548 82.3127 47.8589 31.396 48.6285 11.0792
threshold=103351.28125000001 -0.00083392500528134395 -1.4602596163749693 -2.5218192338943477 -903563.49999999988 68848.000000000015 3.5672709941864018
decision_type=2 2 2 2 2 2 2
left_child=1 3 -3 -1 5 -2 -6
right_child=4 2 -4 -5 6 -7 -8
leaf_value=-1.2343771566365029 -1.409652412277886 -1.5128262831348023 -1.3684675153472092 -1.4222426743217675 -1.2473389446737397 -1.3109046970423588 -1.3407336510134051
leaf_weight=3.6130107939243308 19.110596507787704 10.06468805670738 414.06173656880856 59.950999200344086 14.39673286676407 36.982956618070602 4.4676439166069022
leaf_count=7 89 63 1667 291 31 116 16
internal_value=-1.37017 -1.37705 -1.3719 -1.41149 -1.32545 -1.34446 -1.26919
internal_weight=562.648 487.69 424.126 63.564 74.9579 56.0936 18.8644
internal_count=2280 2028 1730 298 252 205 47
is_linear=0
shrinkage=1


Tree=1
num_leaves=8
num_cat=0
split_feature=69 28 22 42 37 47 2
split_gain=82.2843 45.7968 41.4564 39.0924 28.3325 37.5356 18.3144
threshold=99.953140258789077 -1495.5312499999998 103351.28125000001 -0.00080450001405552019 1.3487264513969424 -1.4021618366241453 103930.39843750001
decision_type=2 2 2 2 2 2 2
left_child=1 3 -3 -1 6 -6 -2
right_child=4 2 -4 -5 5 -7 -8
leaf_value=0.017776786004336732 0.1790255784388711 0.070900231411488948 0.12207958179839384 0.13569161912113142 0.16548195691966658 0.067387935071482524 0.12759034701938982
leaf_weight=8.1061269044876081 29.768073990941048 367.71229647099972 44.705743387341499 58.27821783721447 14.276723861694334 31.806680828332901 44.688650265336037
leaf_count=41 73 1529 142 183 35 132 145
internal_value=0.0920217 0.082697 0.0764602 0.121368 0.129019 0.0978861 0.148221
internal_weight=599.343 478.802 412.418 66.3843 120.54 46.0834 74.4567
internal_count=2280 1895 1671 224 385 167 218
is_linear=0
shrinkage=0.05


Tree=2
num_leaves=8
num_cat=0
split_feature=69 28 67 10 54 37 2
split_gain=61.9987 34.8307 53.8531 31.6816 22.5188 32.2223 16.4686
threshold=99.953140258789077 -1495.5312499999998 -3.925033330917358 -0.00027650000993162388 1.4982273578643801 1.3487264513969424 199770.45312500003
decision_type=2 2 2 2 2 2 2
left_child=1 3 -3 -1 5 -2 -6
right_child=4 2 -4 -5 6 -7 -8
leaf_value=0.056583475192168976 0.12285993009758339 -0.0018512924546902254 0.073765358832932365 0.12950251718045985 0.17718556805307595 0.062304308735882309 0.10178403560320376
leaf_weight=21.733331859111786 62.774912521243095 24.857681706547737 406.30016438663006 49.447689861059189 20.714790776371956 34.452997505664825 11.769810035824774
leaf_count=89 175 125 1546 135 40 133 37
internal_value=0.0827633 0.0747766 0.0693942 0.107309 0.113655 0.101453 0.15002
internal_weight=632.051 502.339 431.158 71.181 129.713 97.2279 32.4846
internal_count=2280 1895 1671 224 385 308 77
is_linear=0
shrinkage=0.05


Tree=3
num_leaves=8
num_cat=0
split_feature=69 55 39 7 54 39 28
split_gain=48.5676 29.8974 45.4647 35.509 18.0144 29.8937 18.9383
threshold=99.953140258789077 -0.38644284009933466 -1.0874842405319212 4.1986219882965097 0.56405660510063182 -0.96027764678001393 1179.0000000000002
decision_type=2 2 2 2 2 2 2
left_child=1 2 -1 -3 5 -2 -6
right_child=4 3 -4 -5 6 -7 -8
leaf_value=-0.034596794568053334 0.0099067782875643003 0.051541941033013676 0.090788557374028883 0.090869005496562322 0.13002894339008667 0.098239447299591248 0.024701611246863011
leaf_weight=7.5039034187793723 11.38269394636154 279.22661057114601 163.93483574688435 72.861826419830322 56.505097597837448 65.032311886548996 4.7452658712863913
leaf_count=40 48 1081 535 239 129 189 19
internal_value=0.0750577 0.0680797 0.0852713 0.0596946 0.101558 0.0851469 0.121951
internal_weight=661.193 523.527 171.439 352.088 137.665 76.415 61.2504
internal_count=2280 1895 575 1320 385 237 148
is_linear=0
shrinkage=0.05


Tree=4
num_leaves=8
num_cat=0
split_feature=69 22 28 19 35 27 40
split_gain=39.2126 28.6717 39.0899 28.7187 16.3017 33.2514 13.201
threshold=99.953140258789077 103351.28125000001 -270.56249999999994 179876.54687500003 1.2828123569488528 117712.00000000001 -1.6119341850280759
decision_type=2 2 2 2 2 2 2
left_child=1 2 -1 -3 6 -6 -2
right_child=4 3 -4 -5 5 -7 -8
leaf_value=0.075288534506687904 0.04870915546962417 0.11678712048616408 0.04638464639468165 0.035502027343799751 0 0.09099981820215626 0.11282408026037022
leaf_weight=200.58466693758965 9.3021413236856443 42.594703748822212 284.68069253861904 14.85041396319866 12.836414054036139 46.611352264881134 75.841430470347404
leaf_count=654 31 101 1085 55 53 126 175
internal_value=0.0685161 0.0623229 0.0583424 0.0958608 0.0917274 0.071376 0.105878
internal_weight=687.302 542.71 485.265 57.4451 144.591 59.4478 85.1436
internal_count=2280 1895 1739 156 385 179 206
is_linear=0
shrinkage=0.05


Tree=5
num_leaves=8
num_cat=0
split_feature=69 17 22 54 33 2 54
split_gain=32.3749 24.9734 25.8566 13.8618 30.4631 10.8878 6.84196
threshold=99.953140258789077 354254.20312500006 103351.28125000001 1.4982273578643801 1.256617605686188 199770.45312500003 1.4982273578643801
decision_type=2 2 2 2 2 2 2
left_child=1 2 -1 4 -2 -5 -3
right_child=3 6 -4 5 -6 -7 -8
leaf_value=0.05477908957286385 0.085968651161126702 -0.065429370441619991 0.089983289921188703 0.12967593912706188 0.01479181919678569 0.073048808983523172 0.043524962377125123
leaf_weight=493.86331790685654 93.965055048465729 5.1997995674610129 58.908274933695793 24.857170403003693 18.104429423809052 13.695695489645002 1.9364286363124845
leaf_count=1710 241 28 150 40 67 37 7
internal_value=0.0629008 0.0573366 0.0585398 0.0835512 0.0745149 0.109689 -0.0351638
internal_weight=710.53 559.908 552.772 150.622 112.069 38.5529 7.13623
internal_count=2280 1895 1860 385 308 77 35
is_linear=0
shrinkage=0.05


Tree=6
num_leaves=7
num_cat=0
split_feature=69 40 23 24 45 65
split_gain=27.3221 22.9055 27.0066 26.7437 12.7328 22.5126
threshold=99.953140258789077 2.7525889873504643 650.50000000000011 928.00000000000011 2.4120690822601323 2.551270723342896
decision_type=2 2 2 2 2 2
left_child=1 2 -1 -3 5 -2
right_child=4 3 -4 -5 -6 -7
leaf_value=0.057367717259989764 0.077677903574612225 -0.066751196531017493 0.015556863960543277 0.13316837023573433 0.13744694534209004 -0.011261891219335129
leaf_weight=523.65265144407749 140.0766708701849 7.636326462030409 42.059175744652748 2.1327040046453476 8.3403317183256132 7.3930767625570288
leaf_count=1684 343 40 167 4 13 29
internal_value=0.0580115 0.0529546 0.054268 -0.0225944 0.0766571 0.0731852
internal_weight=731.291 575.481 565.712 9.76903 155.81 147.47
internal_count=2280 1895 1851 44 385 372
is_linear=0
shrinkage=0.05


Tree=7
num_leaves=8
num_cat=0
split_feature=47 10 39 28 10 69 31
split_gain=26.3348 22.4308 32.416 21.8335 15.9936 29.9705 0.972355
threshold=-1.8770751953124998 -0.00083392500528134395 -0.45323552191257471 -1495.5312499999998 0.00041999999666586524 26.455805778503422 4.1164541244506845
decision_type=2 2 2 2 2 2 2
left_child=4 2 -2 -3 5 -1 -6
right_child=1 3 -4 -5 6 -7 -8
leaf_value=-0.015969310434010991 0.072012120671388555 0.080085536083094044 0.0048424551816332456 0.05060645354070456 0.11544640276449786 0.087650364031365877 0.14833225602789352
leaf_weight=8.2187120914459211 26.442032620310783 72.070395365357399 56.577484413981438 529.3572166711092 6.9690206348896009 43.475486144423485 6.9041836559772491
leaf_count=34 79 177 226 1646 13 96 9
internal_value=0.0536948 0.0507765 0.0262965 0.0541473 0.0840823 0.0710794 0.132173
internal_weight=750.015 684.447 83.0195 601.428 65.5674 51.6942 13.8732
internal_count=2280 2128 305 1823 152 130 22
is_linear=0
shrinkage=0.05


Tree=8
num_leaves=8
num_cat=0
split_feature=69 7 67 54 37 24 37
split_gain=23.3359 21.3073 21.3674 15.2115 12.1035 22.6925 11.0017
threshold=99.953140258789077 5.6833765506744394 -4.0655097961425772 1.5673911571502688 1.3487264513969424 446.50000000000006 0.61051443219184887
decision_type=2 2 2 2 2 2 2
left_child=1 2 -1 -3 6 -6 -2
right_child=4 3 -4 -5 5 -7 -8
leaf_value=0.0066431405408796124 0.065358495352693627 0.06143358556437363 0.045995198203820524 0.15040313493326185 -0.0025222394821860384 0.066886684986376885 0.10046105482756307
leaf_weight=37.145264342427254 68.162452027201653 13.170400872826578 545.20284597575665 7.8643491119146338 15.778390541672705 44.886130928993225 34.594729498028755
leaf_count=142 158 37 1705 11 58 109 60
internal_value=0.0498606 0.0452953 0.0434937 0.0949347 0.0666858 0.0487515 0.077225
internal_weight=766.805 603.383 582.348 21.0347 163.422 60.6645 102.757
internal_count=2280 1895 1847 48 385 167 218
is_linear=0
shrinkage=0.05


Tree=9
num_leaves=7
num_cat=0
split_feature=49 69 23 37 50 50
split_gain=22.8706 20.1703 20.7697 13.3082 13.1153 12.0628
threshold=2.472460269927979 99.953140258789077 650.50000000000011 1.277899503707886 0.0056537599302828321 0.0015710761072114112
decision_type=2 2 2 2 2 2
left_child=1 2 -1 -3 5 -2
right_child=4 3 -4 -5 -6 -7
leaf_value=0.043340546752406887 0.10149430477623529 0.072328442239172466 0.0061215560346811323 0.04267250466294803 0.15167889158502307 -0.0097075521354496597
leaf_weight=560.59324777126312 7.4215202033519763 98.897776186466217 40.508164316415787 63.098444879055023 7.7297339141368857 3.5160113424062729
leaf_count=1711 14 204 156 173 9 13
internal_value=0.0464355 0.0450861 0.0408407 0.0608082 0.10133 0.0652899
internal_weight=781.765 763.098 601.101 161.996 18.6673 10.9375
internal_count=2280 2244 1867 377 36 27
is_linear=0
shrinkage=0.05


Tree=10
num_leaves=7
num_cat=0
split_feature=47 44 59 54 3 37
split_gain=21.4646 19.4626 30.6815 24.3189 14.1185 15.469
threshold=-1.7075090408325193 9190.4804687500018 0.95341840386390697 6.5356891155242929 -81359.296874999985 -2.3193808794021602
decision_type=2 2 2 2 2 2
left_child=4 3 -3 -2 -1 -6
right_child=1 2 -4 -5 5 -7
leaf_value=-0.021274142176083546 0.033860710486394732 0.0676564840158069 0.037201851359455355 -0.072910890204731058 0.13265199046463572 0.063787089986560228
leaf_weight=4.1978169679641715 352.5215220451355 134.76272574067116 217.63810393214226 5.3857751339673987 9.4024782329797727 71.238604545593262
leaf_count=16 1081 337 648 25 12 161
internal_value=0.0433506 0.0404938 0.0488623 0.03224 0.0672104 0.0718785
internal_weight=795.147 710.308 352.401 357.907 84.8389 80.6411
internal_count=2280 2091 985 1106 189 173
is_linear=0
shrinkage=0.05


Tree=11
num_leaves=8
num_cat=0
split_feature=47 10 33 58 26 21 67
split_gain=18.683 18.3965 50.4064 31.4257 12.8902 30.0382 3.26585
threshold=-1.7075090408325193 -0.00083392500528134395 -1.4602596163749693 -116991.99999999999 0.26635713875293737 -15959.450683593748 0.82789599895477306
decision_type=2 2 2 2 2 2 2
left_child=4 3 -3 -2 5 -1 -6
right_child=1 2 -4 -5 6 -7 -8
leaf_value=0.069519096809783965 0.071669562342721191 -0.053828331795659504 0.042955380641172533 0 0.12688842595662297 -0.012324342819699914 0.074781318667339017
leaf_weight=58.565248087048531 19.775056436657906 13.705838739871977 620.05015750229359 67.358470797538757 8.5473220497369748 13.742283985018728 5.6423286646604529
leaf_count=119 51 64 1726 250 11 48 11
internal_value=0.0405397 0.0378875 0.0408544 0.0162507 0.0625863 0.0538953 0.106521
internal_weight=807.387 720.89 633.756 87.1335 86.4972 72.3075 14.1897
internal_count=2280 2091 1790 301 189 167 22
is_linear=0
shrinkage=0.05


Tree=12
num_leaves=8
num_cat=0
split_feature=22 71 41 60 12 10 55
split_gain=17.6457 23.0473 32.576 21.6341 38.4813 21.5265 19.8351
threshold=88510.968750000015 22651.067382812504 0.89262273907661449 -0.0013413480482995508 12520575.000000002 0.00041999999666586524 -0.38644284009933466
decision_type=2 2 2 2 2 2 2
left_child=1 6 -3 5 -5 -2 -1
right_child=3 2 -4 4 -6 -7 -8
leaf_value=0.043651661511781764 -0.0058352560942086735 0.063855676041415704 0.0037560553322469638 0.071235058773888249 -0.074975668823053065 0.083621027713256066 0.022975787426922356
leaf_weight=173.34842328727245 24.256548166275024 117.39278450608253 28.129369407892227 104.0363724976778 4.6704857796430579 9.2597115188837034 357.04414193332195
leaf_count=475 80 278 97 207 21 16 1106
internal_value=0.0379897 0.0346008 0.0522728 0.0540603 0.0649073 0.0187301 0.0297427
internal_weight=818.138 675.915 145.522 142.223 108.707 33.5163 530.393
internal_count=2280 1956 375 324 228 96 1581
is_linear=0
shrinkage=0.05


Tree=13
num_leaves=8
num_cat=0
split_feature=69 28 67 18 51 41 65
split_gain=17.208 18.4034 31.7995 20.6948 10.8947 16.7521 10.3817
threshold=99.953140258789077 -1495.5312499999998 -3.925033330917358 84.200000762939467 0.0022527805995196108 -0.9906645119190215 2.551270723342896
decision_type=2 2 2 2 2 2 2
left_child=1 3 -3 -1 5 -2 -6
right_child=4 2 -4 -5 6 -7 -8
leaf_value=0.10867835927331256 0.060117563854270466 -0.020921557973624907 0.031318453985489825 0.042501364434486079 0.055667228314953368 -0.080212055688539882 0.003697157089687147
leaf_weight=14.03181643784046 4.5391484647989273 30.715508073568344 527.91425606608391 79.799686133861542 156.3150594830513 3.9921153187751752 10.459579750895498
leaf_count=21 9 125 1546 203 327 17 32
internal_value=0.0356566 0.0318983 0.0284372 0.0524509 0.0496159 -0.00496213 0.0524378
internal_weight=827.767 652.461 558.63 93.8315 175.306 8.53126 166.775
internal_count=2280 1895 1671 224 385 26 359
is_linear=0
shrinkage=0.05


Tree=14
num_leaves=7
num_cat=0
split_feature=49 55 50 44 50 43
split_gain=16.7833 15.9396 31.0741 21.2486 9.72031 10.7415
threshold=2.472460269927979 -0.38644284009933466 0.0021929519716650252 10063.534667968752 0.0056537599302828321 1.0000000180025095e-35
decision_type=2 2 2 2 2 2
left_child=1 2 -1 -3 5 -2
right_child=4 3 -4 -5 -6 -7
leaf_value=0.03140433049913384 0.094182278265245042 0.017921750745565162 0.070564471670891485 0.03722918337007175 0.11950239936037013 -0.00056273755144326605
leaf_weight=169.79185524582863 6.1305333971977252 279.62537710368633 72.772185862064362 293.71486949920654 8.5619434714317304 5.6395894885063171
leaf_count=476 9 846 148 774 9 18
internal_value=0.0335203 0.0323916 0.0431735 0.0278214 0.0785649 0.0483609
internal_weight=836.236 815.904 242.564 573.34 20.3321 11.7701
internal_count=2280 2244 624 1620 36 27
is_linear=0
shrinkage=0.05


Tree=15
num_leaves=8
num_cat=0
split_feature=22 72 27 35 52 33 9
split_gain=15.4909 15.3982 24.5538 15.0546 29.1965 27.8178 6.0855
threshold=103351.28125000001 -903563.49999999988 68848.000000000015 1.1746765375137331 0.0073104260955005893 0.25710439682006841 15966511.500000002
decision_type=2 2 2 2 2 2 2
left_child=3 2 -2 5 -5 -1 -3
right_child=1 6 -4 4 -6 -7 -8
leaf_value=0.02706944837322052 0.0002511853822022287 0.093517607552369875 0.056417767229969475 -0.042638153591000989 0.023104316906198467 0.054782438014744729 0.042127584523090511
leaf_weight=427.85307936370373 29.395489633083344 21.762241035699848 58.617535695433617 18.783424511551857 163.72130964696407 115.55265925824642 8.4006138443946821
leaf_count=1215 89 29 116 73 475 265 18
internal_value=0.0315398 0.0483898 0.0377155 0.0287898 0.0163107 0.0329717 0.0793708
internal_weight=844.086 118.176 88.013 725.91 182.505 543.406 30.1629
internal_count=2280 252 205 2028 548 1480 47
is_linear=0
shrinkage=0.05


Tree=16
num_leaves=8
num_cat=0
split_feature=5 2 36 44 59 47 42
split_gain=16.1417 28.1648 29.1171 21.4332 28.2767 25.1112 18.6382
threshold=14937.689941406252 287695.81250000006 -1.8473699092864988 9190.4804687500018 0.95341840386390697 -1.5279815793037412 0.00041999999666586524
decision_type=2 2 2 2 2 2 2
left_child=3 2 -2 5 -5 -1 -3
right_child=1 6 -4 4 -6 -7 -8
leaf_value=0.054739525372765385 0.073970677652101566 0.019439285500507889 -0.052129447717214616 0.059718472258714364 0.029671244449337521 0.019891430320627946 0.10652497629528507
leaf_weight=60.30537112057209 5.5677450448274639 52.961069464683533 25.176292508840561 131.70059974491596 195.94562101364136 372.30567725002766 7.0003611743450156
leaf_count=120 10 150 100 280 522 1088 10
internal_value=0.0297138 0.00969801 -0.0291301 0.0320953 0.0417643 0.0247608 0.0296897
internal_weight=850.963 90.7055 30.744 760.257 327.646 432.611 59.9614
internal_count=2280 270 110 2010 802 1208 160
is_linear=0
shrinkage=0.05


Tree=17
num_leaves=8
num_cat=0
split_feature=69 46 42 7 54 33 39
split_gain=14.9685 16.8576 33.9831 19.6937 10.9896 22.3396 8.86032
threshold=99.953140258789077 -0.88101801276206959 -5.158499880053568e-05 4.0966911315917978 1.4982273578643801 1.256617605686188 1.0000000180025095e-35
decision_type=2 2 2 2 2 2 2
left_child=1 2 -1 -3 5 -2 -6
right_child=4 3 -4 -5 6 -7 -8
leaf_value=-0.02156082345724214 0.04253708230543099 0.022788160954619566 0.04389751731115555 0.045064678378474041 0.076491798153364904 -0.012838441810657505 0.027044518998582751
leaf_weight=51.583386346697807 113.00610905885696 466.54211041331291 32.185861736536026 126.90838640928268 32.218506246805191 21.556418538093567 13.101718619465826
leaf_count=185 241 1320 80 310 47 67 30
internal_value=0.0280193 0.0245953 0.00352992 0.0275604 0.0408821 0.033629 0.0623073
internal_weight=857.102 677.22 83.7692 593.45 179.883 134.563 45.3202
internal_count=2280 1895 265 1630 385 308 77
is_linear=0
shrinkage=0.05


Tree=18
num_leaves=8
num_cat=0
split_feature=5 36 9 20 33 10 10
split_gain=14.1107 22.5385 40.7181 23.099 19.9729 30.9897 19.2324
threshold=14937.689941406252 -1.5637240409851072 12092449.500000002 32320.959960937504 -1.4602596163749693 -0.00052250002045184363 -0.00083392500528134395
decision_type=2 2 2 2 2 2 2
left_child=4 3 -3 -2 5 -1 -6
right_child=1 2 -4 -5 6 -7 -8
leaf_value=0.067929303486134726 0.09134731123132761 -0.066096801186384127 0.018170975696981045 -0.018801728102096828 0.0073897850814195675 -0.072255074463609043 0.032728672050984654
leaf_weight=5.9714295864105251 13.765408962965013 20.000600188970566 50.507997378706932 7.1725916415452948 84.920603454113007 11.496318027377127 668.65771310031414
leaf_count=13 21 85 140 24 267 54 1676
internal_value=0.0264468 0.00780105 -0.00566167 0.0533755 0.0286517 -0.0240462 0.0298799
internal_weight=862.493 91.4466 70.5086 20.938 771.046 17.4677 753.578
internal_count=2280 270 225 45 2010 67 1943
is_linear=0
shrinkage=0.05


Tree=19
num_leaves=7
num_cat=0
split_feature=49 5 4 71 50 50
split_gain=14.0513 13.81 27.3619 19.4451 8.49625 9.15917
threshold=2.472460269927979 14937.689941406252 36508.494140625007 37856.242187500007 0.0056537599302828321 0.0015710761072114112
decision_type=2 2 2 2 2 2
left_child=1 3 -3 -1 5 -2
right_child=4 2 -4 -5 -6 -7
leaf_value=0.023752129753117759 0.067500543384212436 -0.011808213016621516 0.050248689883131949 0.053087027521297417 0.10310603423693634 -0.025013166289597401
leaf_weight=695.67463856935501 8.2845897972583789 64.366448819637299 24.506518498063087 61.844236969947815 8.8518450260162336 3.8555368930101386
leaf_count=1848 14 213 53 130 9 13
internal_value=0.0249759 0.0239644 0.00524758 0.0261536 0.0655228 0.0377076
internal_weight=867.384 846.392 88.873 757.519 20.992 12.1401
internal_count=2280 2244 266 1978 36 27
is_linear=0
shrinkage=0.05


Tree=20
num_leaves=7
num_cat=0
split_feature=55 50 28 27 44 3
split_gain=13.8435 25.9139 19.1549 18.2816 18.4942 14.7985
threshold=-0.38644284009933466 0.0021929519716650252 -270.56249999999994 -766015.99999999988 10063.534667968752 6056.1999511718759
decision_type=2 2 2 2 2 2
left_child=1 2 -1 -2 -5 -3
right_child=3 5 -4 4 -6 -7
leaf_value=0.036277094241700267 -0.077471129755904922 0.025629482853763569 0.0029438733509102501 0.011361299532961833 0.02883162995533697 0.072414145568684973
leaf_weight=107.12807087600231 4.8015863299369803 25.361738190054893 72.685983225703239 298.76295727491379 310.0456560254097 53.105002149939537
leaf_count=261 21 62 219 856 772 89
internal_value=0.0236008 0.033339 0.0228307 0.0194936 0.0202666 0.0573563
internal_weight=871.891 258.281 179.814 613.61 608.809 78.4667
internal_count=2280 631 480 1649 1628 151
is_linear=0
shrinkage=0.05


Tree=21
num_leaves=8
num_cat=0
split_feature=69 72 7 38 54 37 2
split_gain=13.6414 15.5684 24.2472 24.0433 10.0572 15.795 8.58068
threshold=99.953140258789077 -903563.49999999988 4.0966911315917978 2.1443299055099492 1.4982273578643801 1.3487264513969424 199770.45312500003
decision_type=2 2 2 2 2 2 2
left_child=1 2 -1 -3 5 -2 -6
right_child=4 3 -4 -5 6 -7 -8
leaf_value=0.008291620203254196 0.04024503455047098 0.037550438773642447 0.033264963264844724 -0.026029193554535403 0.07135217617508631 0.004527071436830522 0.025646551823146686
leaf_weight=383.14096470177174 88.196411669254303 163.76621586084366 130.65625670552254 16.25938007235527 29.165751129388809 48.203543141484261 16.48402239382267
leaf_count=1131 175 385 322 57 40 133 37
internal_value=0.0223159 0.0191035 0.014652 0.0317803 0.0345317 0.027659 0.0549575
internal_weight=875.873 693.823 513.797 180.026 182.05 136.4 45.6498
internal_count=2280 1895 1453 442 385 308 77
is_linear=0
shrinkage=0.05


Tree=22
num_leaves=8
num_cat=0
split_feature=22 28 3 41 72 27 9
split_gain=13.0733 13.2029 56.869 32.4105 12.8568 22.1583 5.28263
threshold=103351.28125000001 -270.56249999999994 -37224.548828124993 -2.4624289274215694 -903563.49999999988 68848.000000000015 15966511.500000002
decision_type=2 2 2 2 2 2 2
left_child=1 3 -3 -1 5 -2 -6
right_child=4 2 -4 -5 6 -7 -8
leaf_value=-0.07905137183875792 -0.0079389213629864029 -0.021320243204984504 0.022089383329969108 0.030191235610032598 0.077413732475182462 0.044402406589260361 0.030093566807932261
leaf_weight=6.9414236843585959 30.262169107794762 93.502080947160721 388.78720927238464 268.61951665580273 22.250637054443363 60.054805740714073 8.5665839463472349
leaf_count=30 89 322 1015 661 29 116 18
internal_value=0.0211237 0.0186723 0.0136631 0.0274213 0.0364194 0.0268092 0.0644219
internal_weight=878.984 757.85 482.289 275.561 121.134 90.317 30.8172
internal_count=2280 2028 1337 691 252 205 47
is_linear=0
shrinkage=0.05


Tree=23
num_leaves=7
num_cat=0
split_feature=49 5 58 51 50 54
split_gain=12.6821 12.4359 25.2278 22.6343 7.66666 8.67901
threshold=2.472460269927979 14937.689941406252 -274591.99999999994 0.043385554105043418 0.0056537599302828321 0.085340723395347609
decision_type=2 2 2 2 2 2
left_child=1 3 -3 -1 5 -2
right_child=4 2 -4 -5 -6 -7
leaf_value=0.021844587556900899 0.071474826081113038 0.09039224601320818 -0.0063871639996954778 -0.079161661528269658 0.094028080109460302 -0.012290540429425414
leaf_weight=764.94455979764462 6.548550486564638 7.3276894390583029 82.835529893636703 5.5659086406230918 8.8876451402902585 5.6958638727664948
leaf_count=1954 10 10 256 24 9 17
internal_value=0.0200002 0.019052 0.00142278 0.0211085 0.0583824 0.0321005
internal_weight=881.806 860.674 90.1632 770.51 21.1321 12.2444
internal_count=2280 2244 266 1978 36 27
is_linear=0
shrinkage=0.05


Tree=24
num_leaves=8
num_cat=0
split_feature=69 40 20 23 35 20 48
split_gain=12.2118 15.0182 19.5589 16.3519 9.97852 24.5628 9.72589
threshold=99.953140258789077 2.7525889873504643 356721.18750000006 650.50000000000011 1.2828123569488528 461534.60937500006 -0.21609678864479062
decision_type=2 2 2 2 2 2 2
left_child=1 3 -3 -1 6 -6 -2
right_child=4 2 -4 -5 5 -7 -8
leaf_value=0.019040000488916367 0.02253136510140067 -0.075937544151264857 0.079867952442748275 -0.010423187307887787 -0.0062594330029720315 0.052458853169572356 0.053188837489623712
leaf_weight=639.91472460329533 45.594320148229599 8.923038110136984 2.5735441595315924 50.606683671474457 45.981935173273087 28.943583309650421 62.138898015022278
leaf_count=1684 100 40 4 167 129 50 106
internal_value=0.0189361 0.0159247 -0.0406251 0.0168735 0.0304827 0.0163566 0.0402605
internal_weight=884.677 702.018 11.4966 690.521 182.659 74.9255 107.733
internal_count=2280 1895 44 1851 385 179 206
is_linear=0
shrinkage=0.05


Tree=25
num_leaves=7
num_cat=0
split_feature=48 36 31 28 67 10
split_gain=11.6663 27.0221 14.4999 12.2309 32.3078 17.8723
threshold=2.2358022928237919 -1.2763600945472715 -4.9436686038970938 -1495.5312499999998 -3.925033330917358 -0.0010155000491067765
decision_type=2 2 2 2 2 2
left_child=3 -2 -3 5 -5 -1
right_child=1 2 -4 4 -6 -7
leaf_value=-0.046218523234873687 -0.080464753212210791 0.0071589164424407676 0.083067527266256033 -0.034639790180641415 0.016748790686809369 0.038700924576970386
leaf_weight=6.5776209086179724 3.723640263080596 8.9602156430482882 22.370410948991776 31.884650826454163 718.75736232101917 94.585694119334221
leaf_count=25 16 24 32 123 1862 198
internal_value=0.0179433 0.0462933 0.0615181 0.0167707 0.0145593 0.0331301
internal_weight=886.86 35.0543 31.3306 851.805 750.642 101.163
internal_count=2280 72 56 2208 1985 223
is_linear=0
shrinkage=0.05


Tree=26
num_leaves=8
num_cat=0
split_feature=55 50 39 41 43 48 3
split_gain=12.136 22.3781 19.2647 16.1582 23.7601 15.1287 13.2681
threshold=-0.38644284009933466 0.0021929519716650252 -1.0874842405319212 2.2119522094726567 66414.953125000015 2.4303863048553471 6056.1999511718759
decision_type=2 2 2 2 2 2 2
left_child=1 2 -1 5 -5 -2 -3
right_child=3 6 -4 4 -6 -7 -8
leaf_value=-0.056951768584872046 0.013530506684435152 0.01837255781204836 0.01997139341673437 -0.06718596395238019 0.028507446757920871 0.061971624669843753 0.062297723709114718
leaf_weight=8.5054914355277997 582.56602370738983 25.76215997338295 175.15806257724762 14.764245912432672 11.482706442475317 16.643794745206833 53.999935492873192
leaf_count=34 1533 62 446 60 28 28 89
internal_value=0.0170049 0.0260268 0.0163818 0.0131972 -0.0251308 0.0148844 0.0481731
internal_weight=888.882 263.426 183.664 625.457 26.247 599.21 79.7621
internal_count=2280 631 480 1649 88 1561 151
is_linear=0
shrinkage=0.05


Tree=27
num_leaves=8
num_cat=0
split_feature=69 46 54 23 54 37 2
split_gain=11.1711 13.3105 29.4147 14.1433 9.54969 14.0133 8.26635
threshold=99.953140258789077 -0.88101801276206959 -0.41647852957248682 650.50000000000011 1.4982273578643801 1.3487264513969424 199770.45312500003
decision_type=2 2 2 2 2 2 2
left_child=1 2 -1 -3 5 -2 -6
right_child=4 3 -4 -5 6 -7 -8
leaf_value=-0.053554418105210881 0.032380764505282399 0.018115734809222166 0.01232196922846822 -0.0090925886986438827 0.063300465726871979 -0.00088771364213545943 0.018473548713300977
leaf_weight=22.993654847145081 88.580914586782455 568.75186528265476 64.25066377222538 51.886524423956871 28.932872235774994 48.804641678929329 16.526840373873711
leaf_count=88 175 1462 177 168 40 133 37
internal_value=0.0161201 0.0132605 -0.00498276 0.015833 0.0271638 0.0205261 0.0471137
internal_weight=890.728 707.883 87.2443 620.638 182.845 137.386 45.4597
internal_count=2280 1895 265 1630 385 308 77
is_linear=0
shrinkage=0.05


Tree=28
num_leaves=7
num_cat=0
split_feature=22 18 1 48 60 7
split_gain=11.1373 14.8471 16.1256 11.7439 15.2042 10.5123
threshold=103351.28125000001 467424.15625000006 510719.81250000006 0.51929789781570446 -0.0013413480482995508 4.0966911315917978
decision_type=2 2 2 2 2 2
left_child=1 2 -1 5 -5 -2
right_child=3 -3 -4 4 -6 -7
leaf_value=0.010532334541016139 0.023348802449061335 -0.078963497339714805 0.030884076986948228 -0.015167336563519635 0.056401702530323707 -0.032041944062445323
leaf_weight=651.43097667396069 53.223857522010803 4.342312589287757 114.88157503306866 8.6090960502624494 49.405943974852562 10.141914725303648
leaf_count=1739 115 19 270 26 80 31
internal_value=0.0152908 0.0130619 0.0135899 0.0294013 0.0456951 0.0144044
internal_weight=892.036 770.655 766.313 121.381 58.015 63.3658
internal_count=2280 2028 2009 252 106 146
is_linear=0
shrinkage=0.05


Tree=29
num_leaves=7
num_cat=0
split_feature=55 50 39 27 28 35
split_gain=10.9802 20.0134 17.4479 15.3834 14.5192 12.6566
threshold=-0.38644284009933466 0.0021929519716650252 -1.0874842405319212 -766015.99999999988 -1495.5312499999998 -1.8903181552886961
decision_type=2 2 2 2 2 2
left_child=1 2 -1 -2 -5 -3
right_child=3 5 -4 4 -6 -7
leaf_value=-0.056304646199146491 -0.078166200515762771 -0.082779647308638668 0.017347310634295395 0.037932123955727481 0.0093590128728002382 0.047112766795452309
leaf_weight=8.3967847079038602 4.797798052430152 1.8941356539726246 176.43312373757362 48.348639711737633 575.52298155426979 78.126655131578445
leaf_count=34 21 8 446 99 1529 143
internal_value=0.0145012 0.0230576 0.0139743 0.0108885 0.0115814 0.0439757
internal_weight=893.52 264.851 184.83 628.669 623.872 80.0208
internal_count=2280 631 480 1649 1628 151
is_linear=0
shrinkage=0.05


Tree=30
num_leaves=7
num_cat=0
split_feature=61 18 67 18 67 31
split_gain=10.4599 12.8012 28.1484 22.5465 10.8328 4.20352
threshold=539.93383789062511 23472.849609375004 -3.925033330917358 9559.5996093750018 4.4826555252075204 -1.9657421708106992
decision_type=2 2 2 2 2 2
left_child=1 3 -3 -1 5 -2
right_child=4 2 -4 -5 -6 -7
leaf_value=0.015116665917733176 -0.088975069117549377 -0.041149341431887664 0.025555737331417847 -0.0090703396501806196 0.048077682566810317 -0.0078476784090445329
leaf_weight=430.64864036440849 5.5720558315515509 16.602233678102493 312.77948912978172 123.84560735523701 2.834276780486106 2.4357200115919104
leaf_count=1108 23 64 709 364 5 7
internal_value=0.0137565 0.0143592 0.0221783 0.00970551 -0.0349217 -0.064923
internal_weight=894.718 883.876 329.382 554.494 10.8421 8.00778
internal_count=2280 2245 773 1472 35 30
is_linear=0
shrinkage=0.05


Tree=31
num_leaves=8
num_cat=0
split_feature=12 50 26 53 28 58 40
split_gain=10.6827 20.5679 19.8006 18.3416 16.9093 44.9898 23.2632
threshold=4688208.5000000009 -0.0020000359509140249 0.010357192717492582 -1.1328330636024473 -223.62499999999997 -54495.999999999993 2.363458633422852
decision_type=2 2 2 2 2 2 2
left_child=4 3 -3 -2 6 -6 -1
right_child=1 2 -4 -5 5 -7 -8
leaf_value=0.02112045366079288 0.053783886544120633 0.0058364551455195495 0.035090697062503909 -0.017789990340140401 -0.038437469136124863 0.010147575272140177 -0.082040952893611047
leaf_weight=237.42738637328148 10.776863887906073 84.107728227972984 188.37787257134914 52.453343391418457 58.395133301615715 258.76236473023891 5.5751089453697196
leaf_count=569 21 213 402 167 207 677 24
internal_value=0.0130499 0.0201143 0.0260792 -0.00551197 0.00880719 0.00118632 0.0187331
internal_weight=895.876 335.716 272.486 63.2302 560.16 317.157 243.002
internal_count=2280 803 615 188 1477 884 593
is_linear=0
shrinkage=0.05


Tree=32
num_leaves=6
num_cat=0
split_feature=72 47 12 34 67
split_gain=10.3357 18.9896 15.1138 16.8301 16.6875
threshold=-2634028.6249999995 -0.48843468725681299 5561994.5000000009 -1.4162288904190061 -3.7321175336837764
decision_type=2 2 2 2 2
left_child=1 -1 3 -2 -4
right_child=2 -3 4 -5 -6
leaf_value=0.045874102136513627 0.035200471747403865 -0.085291593083098471 -0.046282864181367858 0.007023161956371639 0.027890992923109627
leaf_weight=4.4498761296272278 58.052476465702057 7.1257699131965619 7.8403648585081092 624.17864121496677 195.02265128493309
leaf_count=8 123 30 33 1653 433
internal_value=0.0123848 -0.0344373 0.0130028 0.00942816 0.0249996
internal_weight=896.67 11.5756 885.094 682.231 202.863
internal_count=2280 38 2242 1776 466
is_linear=0
shrinkage=0.05


Tree=33
num_leaves=7
num_cat=0
split_feature=55 50 3 21 44 3
split_gain=9.93833 17.8225 15.9345 14.7204 13.7849 11.6706
threshold=-0.38644284009933466 0.0021929519716650252 70422.453125000015 72590.250000000015 10063.534667968752 6056.1999511718759
decision_type=2 2 2 2 2 2
left_child=1 2 -1 4 -2 -3
right_child=3 5 -4 -5 -6 -7
leaf_value=0.013615597207461623 0.0014025295205447844 0.01178623463575508 -0.083821484594863133 -0.079347344567613054 0.016253561425411418 0.052865766471744617
leaf_weight=181.51599860191345 306.64907877147198 25.914638921618462 4.2827002853155127 4.7400526851415625 320.29412430524826 54.124614641070366
leaf_count=462 848 62 18 21 780 89
internal_value=0.0117536 0.0198777 0.0113427 0.00832679 0.00899763 0.0396277
internal_weight=897.521 265.838 185.799 631.683 626.943 80.0393
internal_count=2280 631 480 1649 1628 151
is_linear=0
shrinkage=0.05


Tree=34
num_leaves=8
num_cat=0
split_feature=5 2 34 71 54 17 10
split_gain=10.5496 22.0546 19.6073 15.3023 24.5084 17.827 14.4163
threshold=14937.689941406252 287695.81250000006 -0.85883560776710499 37856.242187500007 -0.22107579559087751 273332.89062500006 1.0000000180025095e-35
decision_type=2 2 2 2 2 2 2
left_child=3 2 -2 5 -5 -1 -3
right_child=1 6 -4 4 -6 -7 -8
leaf_value=0.011956714958809754 0.022572768092958037 0.00028815890826686737 -0.0637589265894003 -0.019040234675644724 0.053324459152201492 -0.050132719249359942 0.059825246699016121
leaf_weight=726.80027534067631 9.1821556538343447 50.122933015227318 22.546961739659309 15.180549517273901 49.742242261767387 11.71816226840019 12.810315713286398
leaf_count=1833 21 138 89 46 87 44 22
internal_value=0.0111587 -0.00458978 -0.0386176 0.0130204 0.0363268 0.0109648 0.0124866
internal_weight=898.104 94.6624 31.7291 803.441 64.9228 738.518 62.9332
internal_count=2280 270 110 2010 133 1877 160
is_linear=0
shrinkage=0.05


Tree=35
num_leaves=7
num_cat=0
split_feature=49 17 12 50 54 41
split_gain=9.94043 11.7803 12.6225 7.13123 7.77293 5.34061
threshold=2.472460269927979 511392.45312500006 5561994.5000000009 0.0056537599302828321 0.085340723395347609 0.71700224280357372
decision_type=2 2 2 2 2 2
left_child=1 2 -1 4 -2 -3
right_child=3 5 -4 -5 -6 -7
leaf_value=0.006975004575359183 0.057420486383380112 -0.080143968566607326 0.021198952736906928 0.080098483032353923 -0.022039916951987357 0.008411253905234924
leaf_weight=665.66444359719753 6.5078756213188189 5.2607149779796591 204.57097600400448 8.5416672527790052 5.7259508222341537 2.3741835802793503
leaf_count=1740 10 23 474 9 17 7
internal_value=0.0105934 0.00977714 0.0103245 0.0448442 0.0198209 -0.0519515
internal_weight=898.646 877.87 870.235 20.7755 12.2338 7.6349
internal_count=2280 2244 2214 36 27 30
is_linear=0
shrinkage=0.05


Tree=36
num_leaves=8
num_cat=0
split_feature=48 36 31 5 4 51 34
split_gain=9.93362 22.795 14.1667 10.6288 21.8156 18.5311 2.78587
threshold=2.2358022928237919 -1.014554977416992 -5.4914176464080802 14937.689941406252 36508.494140625007 0.043385554105043418 -0.72512689232826222
decision_type=2 2 2 2 2 2 2
left_child=3 6 -3 5 -5 -1 -2
right_child=1 2 -4 4 -6 -7 -8
leaf_value=0.011538301505187145 -0.082251366952477922 -0.0042789020366158738 0.074809351158642998 -0.022757969066414148 0.031903311436892345 -0.081187472230710392 -0.0098379021795038605
leaf_weight=768.73868572711945 3.4525294005870819 7.4996185600757626 21.72635880112648 64.481094390153885 25.413816928863525 5.4133461415767661 2.4373231381177893
leaf_count=1924 15 21 29 208 53 23 7
internal_value=0.0100583 0.0361743 0.0543436 0.00899114 -0.00724929 0.0108834 -0.0531343
internal_weight=899.163 35.1158 29.226 864.047 89.8949 774.152 5.88985
internal_count=2280 72 50 2208 261 1947 22
is_linear=0
shrinkage=0.05


Tree=37
num_leaves=8
num_cat=0
split_feature=47 14 63 67 55 9 3
split_gain=9.73576 11.3932 25.2269 21.0707 10.5364 19.764 10.3337
threshold=-1.8770751953124998 5.9549999237060556 7.0054638385772714 -3.925033330917358 0.60950180888175975 11716667.000000002 -66661.249999999985
decision_type=2 2 2 2 2 2 2
left_child=4 3 -3 -2 6 -6 -1
right_child=1 2 -4 -5 5 -7 -8
leaf_value=-0.041761855192554327 -0.029915528524622023 -0.021112210968909119 0.0089309935942481454 0.016113678196572421 -0.090336952776104915 0.03298250705216612 0.041213085076490234
leaf_weight=3.9561450183391562 26.356306776404381 92.466885566711426 285.67197844386101 419.90011736750603 5.1378550529479972 8.777696028351782 57.226739957928658
leaf_count=13 97 285 740 1006 21 16 102
internal_value=0.00955034 0.00797169 0.00157126 0.0133839 0.0268134 -0.0121898 0.0357661
internal_weight=899.494 824.395 378.139 446.256 75.0984 13.9156 61.1829
internal_count=2280 2128 1025 1103 152 37 115
is_linear=0
shrinkage=0.05


Tree=38
num_leaves=6
num_cat=0
split_feature=61 59 10 50 54
split_gain=9.55818 11.7031 17.7101 16.02 9.79773
threshold=539.93383789062511 0.96581915020942699 -0.00083392500528134395 -0.013873073272407053 1.4125843644142153
decision_type=2 2 2 2 2
left_child=1 3 -3 -1 -2
right_child=4 2 -4 -5 -6
leaf_value=-0.060386275076329321 -0.08660602209831092 -0.020605522446011118 0.0081045277001645169 0.017577017299084511 0.007944921979393697
leaf_weight=6.6781584769487372 5.2534168511629087 61.061857283115387 442.57137711346149 378.38062433898449 5.5447817444801331
leaf_count=24 22 198 1118 905 13
internal_value=0.00907206 0.00964468 0.00461372 0.0162119 -0.0375919
internal_weight=899.49 888.692 503.633 385.059 10.7982
internal_count=2280 2245 1316 929 35
is_linear=0
shrinkage=0.05


Tree=39
num_leaves=6
num_cat=0
split_feature=72 47 71 54 70
split_gain=9.42699 16.9652 13.0396 20.3781 14.3626
threshold=-2634028.6249999995 -0.48843468725681299 37856.242187500007 -0.22107579559087751 58680.919921875007
decision_type=2 2 2 2 2
left_child=1 -1 4 -4 -2
right_child=2 -3 3 -5 -6
leaf_value=0.039811254136543066 0.0078581782361551097 -0.084514383422272854 -0.013853001533696042 0.041331749955675151 -0.059157448217907915
leaf_weight=4.4191173166036606 791.80735692381859 7.0765296071767789 22.211871802806854 66.313330233097076 8.0602809339761716
leaf_count=8 2020 30 65 126 31
internal_value=0.00861367 -0.0362866 0.0092003 0.0274289 0.00717661
internal_weight=899.888 11.4956 888.393 88.5252 799.868
internal_count=2280 38 2242 191 2051
is_linear=0
shrinkage=0.05


Tree=40
num_leaves=6
num_cat=0
split_feature=33 42 42 57 28
split_gain=9.28525 39.1017 15.3376 24.3009 13.8066
threshold=-1.4602596163749693 -0.00052250002045184363 -0.00083392500528134395 0.97396874427795421 -1495.5312499999998
decision_type=2 2 2 2 2
left_child=1 -1 3 -2 -4
right_child=2 -3 4 -5 -6
leaf_value=0.059121159047710772 0.017756735645269448 -0.077761769879161058 0.030187503934274735 -0.03083498017763895 0.0090211158102532097
leaf_weight=8.5514776110649127 46.526760101318359 13.296393901109694 87.092464402318001 57.371169477701187 687.29944258928299
leaf_count=15 117 59 173 197 1719
internal_value=0.00817992 -0.0239556 0.008985 -0.00902689 0.0114081
internal_weight=900.138 21.8479 878.29 103.898 774.392
internal_count=2280 74 2206 314 1892
is_linear=0
shrinkage=0.05


Tree=41
num_leaves=8
num_cat=0
split_feature=48 34 46 55 50 26 52
split_gain=9.07406 11.0681 20.0332 9.65949 15.7686 13.1752 5.71731
threshold=2.2358022928237919 -0.39933055639266962 1.4225203990936282 -0.38644284009933466 0.0021929519716650252 0.45110723376274114 0.0077761083375662574
decision_type=2 2 2 2 2 2 2
left_child=3 2 -2 4 -1 -5 -3
right_child=1 6 -4 5 -6 -7 -8
leaf_value=0.0067028262795293114 0.068801545403540429 0.085381073913410183 -0.081228881148256993 0.0043377123705461715 0.033688954589126609 -0.049498282825300242 0.033448372608530612
leaf_weight=179.93238599598408 3.9681236594915372 7.8868709206581142 5.0311890095472336 595.73922063410282 77.842819929122925 11.573657363653181 17.986570477485657
leaf_count=465 6 9 22 1554 148 41 35
internal_value=0.00777158 0.0328149 -0.0145194 0.00675627 0.0148715 0.00330352 0.049472
internal_weight=899.961 34.8728 8.99931 865.088 257.775 607.313 25.8734
internal_count=2280 72 28 2208 613 1595 44
is_linear=0
shrinkage=0.05


Tree=42
num_leaves=7
num_cat=0
split_feature=5 58 42 5 41 30
split_gain=8.59789 20.1207 16.0831 13.7666 14.1385 12.3091
threshold=14937.689941406252 -274591.99999999994 -5.158499880053568e-05 10742.600097656252 -0.35638612508773798 5.8554484844207773
decision_type=2 2 2 2 2 2
left_child=3 -2 -3 5 -5 -1
right_child=1 2 -4 4 -6 -7
leaf_value=0.014159012087591353 0.071949502324781062 -0.031977516054346261 0.011560346688779997 -0.0066305559136448818 0.069015754262954435 0.0015644186070582677
leaf_weight=386.1017212420702 7.4374853819608679 50.459219485521317 36.380761414766312 9.1130096614360827 18.450889825820923 391.90705847740173
leaf_count=924 10 170 90 24 28 1034
internal_value=0.00738461 -0.00687187 -0.0136802 0.00905927 0.0438246 0.00782115
internal_weight=899.85 94.2775 86.84 805.573 27.5639 778.009
internal_count=2280 270 260 2010 52 1958
is_linear=0
shrinkage=0.05


Tree=43
num_leaves=7
num_cat=0
split_feature=61 12 50 56 67 16
split_gain=8.68018 10.4392 19.153 14.2315 9.58184 4.02536
threshold=539.93383789062511 4688208.5000000009 -0.0020000359509140249 -0.8426842689514159 4.4826555252075204 5.0350000858306894
decision_type=2 2 2 2 2 2
left_child=1 3 -3 -1 5 -2
right_child=4 2 -4 -5 -6 -7
leaf_value=-0.025981524008032549 -0.089215497107726513 -0.0099448406818047844 0.020637309947291939 0.0055794627426204559 0.041361704312407516 -0.0092814018449473169
leaf_weight=38.287245392799377 5.5589058399200422 63.341783121228218 262.79107999801636 524.76362606883049 2.7717514336109161 2.4022359251976013
leaf_count=122 23 186 585 1352 5 7
internal_value=0.00701501 0.0075592 0.0146823 0.00342445 -0.0376033 -0.0657238
internal_weight=899.917 889.184 326.133 563.051 10.7329 7.96114
internal_count=2280 2245 771 1474 35 30
is_linear=0
shrinkage=0.05


Tree=44
num_leaves=7
num_cat=0
split_feature=47 41 41 63 39 41
split_gain=8.63578 10.5982 12.0035 10.5947 11.2381 10.2633
threshold=-1.8770751953124998 -1.8166622519493101 -0.71882930397987355 41.920963287353523 -0.8345486819744109 4.0421702861785898
decision_type=2 2 2 2 2 2
left_child=1 -1 -3 5 -5 -2
right_child=3 2 -4 4 -6 -7
leaf_value=-0.038931321305205428 0.0050913240889279713 0.065309584077720972 0.016536463373343326 0.020418014002541604 -0.087017785007111603 0.049168808892138628
leaf_weight=6.2525464743375769 802.04832907021046 16.978586032986641 50.967173606157303 3.8716725260019302 6.2754533290863019 13.458730787038801
leaf_count=19 2068 22 111 9 26 25
internal_value=0.00666384 0.0230229 0.0287977 0.00518766 -0.0455325 0.00582489
internal_weight=899.852 74.1983 67.9458 825.654 10.1471 815.507
internal_count=2280 152 133 2128 35 2093
is_linear=0
shrinkage=0.05


Tree=45
num_leaves=6
num_cat=0
split_feature=72 47 12 40 54
split_gain=8.70445 15.4702 11.5597 22.9341 15.1921
threshold=-2634028.6249999995 -0.48843468725681299 5561994.5000000009 -1.6119341850280759 6.5356891155242929
decision_type=2 2 2 2 2
left_child=1 -1 4 -4 -2
right_child=2 -3 3 -5 -6
leaf_value=0.035834292201205438 0.0046242110286766501 -0.083283329712024651 -0.020800277283089398 0.024803047714030288 -0.062667535671709393
leaf_weight=4.3881212323904037 677.38872528076172 7.0150738507509214 32.795473873615265 169.76564218103886 8.4841358065605146
leaf_count=8 1744 30 99 367 32
internal_value=0.00633144 -0.0370066 0.00689332 0.017395 0.00378453
internal_weight=899.837 11.4032 888.434 202.561 685.873
internal_count=2280 38 2242 466 1776
is_linear=0
shrinkage=0.05


Tree=46
num_leaves=8
num_cat=0
split_feature=48 36 31 31 34 37 34
split_gain=8.30313 19.2357 12.2172 9.36325 16.5741 13.9924 2.27996
threshold=2.2358022928237919 -1.014554977416992 -5.4914176464080802 -9.6742029190063459 0.64454957842826854 2.5995957851409917 -0.72512689232826222
decision_type=2 2 2 2 2 2 2
left_child=3 6 -3 4 -1 -5 -2
right_child=1 2 -4 5 -6 -7 -8
leaf_value=0.041246835692700795 -0.079821766296902019 -0.0075360061199697534 0.066047309804145513 0.0017035971237526855 -0.0039170024510829732 0.030489907512280617 -0.012991264163340205
leaf_weight=45.548453018069267 3.3729306161403656 7.5032100081443813 21.385465294122696 738.40917931497097 36.329138666391373 44.819547921419144 2.3760905265808097
leaf_count=86 15 21 29 1933 95 94 7
internal_value=0.00601474 0.0300484 0.0467626 0.00504669 0.0211465 0.00335725 -0.0530702
internal_weight=899.744 34.6377 28.8887 865.106 81.8776 783.229 5.74902
internal_count=2280 72 50 2208 181 2027 22
is_linear=0
shrinkage=0.05


Tree=47
num_leaves=7
num_cat=0
split_feature=55 61 61 1 51 8
split_gain=8.4117 15.3752 28.3385 13.6238 17.9065 15.4918
threshold=-0.38644284009933466 46.220382690429695 62.308752059936531 76763.347656250015 -0.0040622795931994906 1.4818000197410586
decision_type=2 2 2 2 2 2
left_child=1 -1 -3 4 -2 -5
right_child=3 2 -4 5 -6 -7
leaf_value=0.066693168459845895 -0.027879317995322783 -0.091610635611090716 0.013216726916799535 -0.0064988180964323169 0.03493598108766887 0.010673111071132696
leaf_weight=12.81374543905258 13.949599727988241 6.6104326844215384 246.26237414777279 350.89651256799698 59.141811937093735 209.90837454795837
leaf_count=18 44 27 586 972 118 515
internal_value=0.00571489 0.0131877 0.0104566 0.00257492 0.0228792 -6.24766e-05
internal_weight=899.583 265.687 252.873 633.896 73.0914 560.805
internal_count=2280 631 613 1649 162 1487
is_linear=0
shrinkage=0.05


Tree=48
num_leaves=6
num_cat=0
split_feature=61 59 44 64 54
split_gain=8.56844 9.75529 22.1962 14.1664 8.30658
threshold=539.93383789062511 0.96581915020942699 10700.955078125002 42.008274078369148 1.4125843644142153
decision_type=2 2 2 2 2
left_child=1 2 -1 -3 -2
right_child=4 3 -4 -5 -6
leaf_value=0.0014956337493232837 -0.084362613203676384 0.0022053370434092297 0.025755706184222977 -0.084243228637699674 0.003244890291081519
leaf_weight=219.3796970397234 5.1972759366035444 498.6686585098505 165.96903577446938 4.7825546860694876 5.425162062048912
leaf_count=574 22 1296 355 20 13
internal_value=0.00542987 0.00596827 0.0119574 0.00137418 -0.0391484
internal_weight=899.422 888.8 385.349 503.451 10.6224
internal_count=2280 2245 929 1316 35
is_linear=0
shrinkage=0.05


Tree=49
num_leaves=8
num_cat=0
split_feature=7 69 37 67 38 3 53
split_gain=8.14211 13.275 12.3584 11.3246 23.5305 15.9059 4.68006
threshold=5.6833765506744394 86.687179565429702 0.27925302088260656 -4.0655097961425772 -1.7103651165962217 -362771.29687499994 0.82419419288635265
decision_type=2 2 2 2 2 2 2
left_child=3 6 -3 4 -1 -5 -2
right_child=1 2 -4 5 -6 -7 -8
leaf_value=0.0038863259298484165 0.035329254216968434 0.030601777717265733 -0.093753108408150376 0.06106461826445693 -0.075720892047279262 0.0047383909525108986 0.087461055266546558
leaf_weight=29.941883563995361 12.64768928289414 4.6818361729383451 3.4425288140773773 12.747498512268065 13.384942173957823 815.48116263747215 6.9947770982980719
leaf_count=82 25 9 14 19 61 2062 8
internal_value=0.00515884 0.0318412 -0.0214756 0.00430304 -0.0205913 0.00561136 0.0541482
internal_weight=899.322 27.7668 8.12436 871.555 43.3268 828.229 19.6425
internal_count=2280 56 23 2224 143 2081 33
is_linear=0
shrinkage=0.05


Tree=50
num_leaves=6
num_cat=0
split_feature=33 42 42 54 34
split_gain=8.10114 34.6434 13.3828 21.2226 12.3863
threshold=-1.4602596163749693 -0.00052250002045184363 -0.00083392500528134395 0.21253898739814761 -1.3005175590515134
decision_type=2 2 2 2 2
left_child=1 -1 3 -2 -4
right_child=2 -3 4 -5 -6
leaf_value=0.052628752876436626 0.0067928557320633583 -0.076561081551236032 0.025701005284734291 -0.039461305992344542 0.0056583838779023605
leaf_weight=8.5551398545503634 63.598570719361305 13.091739788651465 87.091196894645691 40.509740844368935 686.22116753458977
leaf_count=15 171 59 187 143 1705
internal_value=0.00490243 -0.0252725 0.00565257 -0.0111571 0.00792207
internal_weight=899.068 21.6469 877.421 104.108 773.312
internal_count=2280 74 2206 314 1892
is_linear=0
shrinkage=0.05


Tree=51
num_leaves=8
num_cat=0
split_feature=5 2 36 31 33 10 71
split_gain=8.08325 19.0406 18.0219 12.7513 12.4622 20.858 12.0773
threshold=14937.689941406252 287695.81250000006 -1.8473699092864988 6.4071602821350107 -1.4602596163749693 -0.00052250002045184363 127322.82421875001
decision_type=2 2 2 2 2 2 2
left_child=4 2 -2 -3 5 -1 -6
right_child=1 3 -4 -5 6 -7 -8
leaf_value=0.037167833378647673 0.038880903498361347 0.00024009079232031224 -0.058805624313239158 0.086608666575658078 0.0065558314835143169 -0.074609462391397915 0.064580959693399706
leaf_weight=6.4253099560737637 5.7157573699951199 57.931319266557693 25.778981566429138 4.6242718100547782 777.40009307861328 11.68495938181877 9.0942836105823499
leaf_count=13 10 154 100 6 1930 54 13
internal_value=0.00465865 -0.00918981 -0.0409184 0.00670461 0.00628362 -0.0346761 0.00723314
internal_weight=898.655 94.0503 31.4947 62.5556 804.605 18.1103 786.494
internal_count=2280 270 110 160 2010 67 1943
is_linear=0
shrinkage=0.05


Tree=52
num_leaves=8
num_cat=0
split_feature=22 70 55 55 71 41 0
split_gain=7.93196 18.0318 22.8877 18.4118 13.6803 18.9026 15.1603
threshold=88510.968750000015 25433.277343750004 1.4797198772430422 0.80541297793388378 22651.067382812504 0.89262273907661449 17174.500000000004
decision_type=2 2 2 2 2 2 2
left_child=4 3 -3 -2 6 -6 -1
right_child=1 2 -4 -5 5 -7 -8
leaf_value=-0.057174160426747438 0.03342686286219692 -0.03765772842147945 0.064076008236883725 -0.02106022307273123 0.02373307787244788 -0.019865824652522845 -1.3818215117624684e-05
leaf_weight=11.840954646468161 95.461987540125847 27.114484205842018 6.918780803680419 18.392481073737144 128.94967322051525 30.674540877342224 578.81162765622139
leaf_count=42 179 84 9 52 278 97 1539
internal_value=0.00442781 0.0150175 -0.0168289 0.0245809 0.00233381 0.0153235 -0.00116819
internal_weight=898.165 147.888 34.0333 113.854 750.277 159.624 590.653
internal_count=2280 324 93 231 1956 375 1581
is_linear=0
shrinkage=0.05


Tree=53
num_leaves=6
num_cat=0
split_feature=61 59 44 63 7
split_gain=7.82206 8.83078 19.6871 12.9069 7.78999
threshold=539.93383789062511 0.96581915020942699 10700.955078125002 41.920963287353523 3.6497035026550297
decision_type=2 2 2 2 2
left_child=1 2 -1 -3 -2
right_child=4 3 -4 -5 -6
leaf_value=0.00057104296528172631 0 0.0011357747898382681 0.023444777510785882 -0.082138417202016867 -0.085906389536488909
leaf_weight=219.10940417647362 5.7586803138256055 497.8220491707325 165.45163269340992 4.696452632546424 4.7628797292709351
leaf_count=574 15 1296 355 20 20
internal_value=0.0042086 0.00472196 0.0104251 0.000347558 -0.0385975
internal_weight=897.601 887.08 384.561 502.519 10.5216
internal_count=2280 2245 929 1316 35
is_linear=0
shrinkage=0.05


Tree=54
num_leaves=7
num_cat=0
split_feature=55 61 61 41 22 48
split_gain=8.02975 13.7631 25.3332 12.5884 18.149 11.2837
threshold=-0.38644284009933466 46.220382690429695 62.308752059936531 2.2119522094726567 68295.519531250015 2.4303863048553471
decision_type=2 2 2 2 2 2
left_child=1 -1 -3 5 -5 -2
right_child=3 2 -4 4 -6 -7
leaf_value=0.062112908181381266 0.0012758738601785764 -0.088435704249757649 0.011329990991702106 -0.061573595259481709 0.026627289156474606 0.043705745913458077
leaf_weight=12.724244594573973 590.09931467473507 6.5231572091579428 245.47154065966606 17.881663963198665 8.5626925975084287 16.110780373215675
leaf_count=18 1533 27 586 70 18 28
internal_value=0.00399905 0.0113126 0.00872761 0.00093098 -0.032825 0.00241175
internal_weight=897.373 264.719 251.995 632.654 26.4444 606.21
internal_count=2280 631 613 1649 88 1561
is_linear=0
shrinkage=0.05


Tree=55
num_leaves=6
num_cat=0
split_feature=72 47 71 43 21
split_gain=7.82675 13.7675 9.65968 14.5913 13.6329
threshold=-2634028.6249999995 -0.48843468725681299 37856.242187500007 55718.853515625007 72590.250000000015
decision_type=2 2 2 2 2
left_child=1 -1 4 -4 -2
right_child=2 -3 3 -5 -6
leaf_value=0.031520160681984308 0.0031232880448188705 -0.081723655713753743 0.040910125176833165 0 -0.079194844603381123
leaf_weight=4.3165278285741806 793.19497472047806 6.8931730538606626 42.941445201635361 44.569006115198135 5.0578379184007636
leaf_count=8 2028 30 77 114 23
internal_value=0.00380098 -0.0376707 0.00433147 0.02011 0.00259545
internal_weight=896.973 11.2097 885.763 87.5105 798.253
internal_count=2280 38 2242 191 2051
is_linear=0
shrinkage=0.05


Tree=56
num_leaves=8
num_cat=0
split_feature=5 2 34 8 51 33 53
split_gain=7.564 17.5192 16.0239 12.1992 11.4161 11.5812 1.66936
threshold=14937.689941406252 287695.81250000006 -0.85883560776710499 1.9547500014305117 0.043385554105043418 -1.4602596163749693 1.1049724817276003
decision_type=2 2 2 2 2 2 2
left_child=4 2 -2 -3 5 -1 -6
right_child=1 3 -4 -5 6 -7 -8
leaf_value=-0.034132379685718736 0.015377886895631732 -0.0097752759472053558 -0.06328837509442968 0.037434786751689909 -0.081670243323480857 0.0066427400650963669 -0.025575637513939625
leaf_weight=17.776481054723263 9.0076717585325259 42.268092885613441 22.202555850148201 20.180843755602837 3.9837732315063468 778.7483034580946 2.4554549008607864
leaf_count=67 21 119 89 41 17 1918 8
internal_value=0.00361217 -0.00981603 -0.0404241 0.00540095 0.00518468 0.00572646 -0.0610563
internal_weight=896.623 93.6592 31.2102 62.4489 802.964 796.525 6.43923
internal_count=2280 270 110 160 2010 1985 25
is_linear=0
shrinkage=0.05


Tree=57
num_leaves=7
num_cat=0
split_feature=7 54 19 41 60 56
split_gain=7.30402 11.0407 14.59 10.2238 17.0984 14.7898
threshold=5.6833765506744394 2.8784320354461674 70270.246093750015 0.95877617597579967 0.0048792341258376845 -0.8426842689514159
decision_type=2 2 2 2 2 2
left_child=3 2 -2 5 -5 -1
right_child=1 -3 -4 4 -6 -7
leaf_value=-0.022162016360660397 0.026730740286536381 0.078736062916177518 -0.093795954428054218 -0.002970829106448857 -0.056342940899427069 0.0074688102228391692
leaf_weight=45.039542943239212 16.737296700477607 7.9118093252181998 2.9459014683961859 173.48074523359537 16.459036037325859 633.58266027271748
leaf_count=137 35 9 12 473 58 1556
internal_value=0.00343159 0.0287745 0.00843799 0.00262066 -0.00762206 0.00549487
internal_weight=896.157 27.595 19.6832 868.562 189.94 678.622
internal_count=2280 56 47 2224 531 1693
is_linear=0
shrinkage=0.05


Tree=58
num_leaves=7
num_cat=0
split_feature=55 66 38 61 27 44
split_gain=7.27101 13.3632 15.8605 14.2653 12.3667 11.1701
threshold=-0.38644284009933466 2.0853703022003178 1.438807547092438 46.220382690429695 -766015.99999999988 10063.534667968752
decision_type=2 2 2 2 2 2
left_child=1 3 -3 -1 -2 -6
right_child=4 2 -4 -5 5 -7
leaf_value=0.059187705835689254 -0.079741804454367057 0.051619656293115879 -0.0056885594689355078 0.0013762689827244486 -0.0057803583381516059 0.0075658229965984954
leaf_weight=11.290341854095457 4.7830211073160163 35.968060582876205 17.950148448348045 198.98158377408981 310.04163865745068 316.92850643396378
leaf_count=16 21 57 45 513 856 772
internal_value=0.00326016 0.0102262 0.0324482 0.00450418 0.000339162 0.000958057
internal_weight=895.943 264.19 53.9182 210.272 631.753 626.97
internal_count=2280 631 102 529 1649 1628
is_linear=0
shrinkage=0.05


Tree=59
num_leaves=7
num_cat=0
split_feature=22 18 1 60 60 26
split_gain=7.18535 11.3397 12.0626 11.0624 16.3941 14.2868
threshold=103351.28125000001 467424.15625000006 510719.81250000006 -0.0013413480482995508 -0.0058365883305668822 0.010357192717492582
decision_type=2 2 2 2 2 2
left_child=1 2 -1 4 -2 -5
right_child=3 -3 -4 5 -6 -7
leaf_value=-0.00080093114755382588 0.023052282568832305 -0.079898970695470861 0.016692307596759392 -0.020511528705330795 -0.053142176284674464 0.032506541160296838
leaf_weight=658.29644136875868 15.019935160875322 4.2676228284835807 115.81400680541992 15.239698752760885 13.243554055690764 73.530598908662796
leaf_count=1739 30 19 270 42 45 135
internal_value=0.0030992 0.00135535 0.00180976 0.0146546 -0.0124736 0.0233483
internal_weight=895.412 778.378 774.11 117.034 28.2635 88.7703
internal_count=2280 2028 2009 252 75 177
is_linear=0
shrinkage=0.05


Tree=60
num_leaves=7
num_cat=0
split_feature=5 58 47 5 51 39
split_gain=7.0607 16.8752 26.4758 11.2358 10.1443 9.81493
threshold=14937.689941406252 -274591.99999999994 0.2151296138763428 10742.600097656252 0.043385554105043418 -0.8345486819744109
decision_type=2 2 2 2 2 2
left_child=3 -2 -3 4 -1 -5
right_child=1 2 -4 5 -6 -7
leaf_value=0.0038705617618819406 0.062839863143026281 -0.00030873635307994825 -0.064674632412164854 -0.046159722894768086 -0.059494312908323466 0.046830417595187052
leaf_weight=767.85206840932369 7.2905679345130912 64.723412305116653 21.281701758503914 3.1600491106510189 6.3602643609046927 24.266527011990547
leaf_count=1933 10 175 85 10 25 42
internal_value=0.00294539 -0.0100565 -0.016294 0.00446481 0.00334355 0.0359339
internal_weight=894.935 93.2957 86.0051 801.639 774.212 27.4266
internal_count=2280 270 260 2010 1958 52
is_linear=0
shrinkage=0.05


Tree=61
num_leaves=8
num_cat=0
split_feature=48 28 72 28 67 18 31
split_gain=7.04905 9.00156 9.33568 8.83485 19.6716 15.7528 7.51231
threshold=2.2358022928237919 -111.56249999999999 -894048.34374999988 -1495.5312499999998 -4.3310508728027335 84.200000762939467 -2.9218125343322749
decision_type=2 2 2 2 2 2 2
left_child=3 2 -2 5 -5 -1 -3
right_child=1 6 -4 4 -6 -7 -8
leaf_value=0.062995184014553035 -0.052117427508660122 0.013921490750805818 0.044503972725080707 -0.052419954670747129 0.00129823271689546 0.0074668657289024588 0.071091057736719088
leaf_weight=15.075132012367247 6.2543189376592636 11.902480766177176 4.1248240768909437 17.442880682647228 742.28667752444744 85.855714738368988 11.603339061141016
leaf_count=21 24 27 7 72 1913 202 14
internal_value=0.00279834 0.0251795 -0.0132369 0.00191137 5.83179e-05 0.0158102 0.0423552
internal_weight=894.545 33.885 10.3791 860.66 759.73 100.931 23.5058
internal_count=2280 72 31 2208 1985 223 41
is_linear=0
shrinkage=0.05


Tree=62
num_leaves=6
num_cat=0
split_feature=72 47 71 54 70
split_gain=6.98718 12.4897 8.625 16.6531 12.0317
threshold=-2634028.6249999995 -0.48843468725681299 37856.242187500007 -0.22107579559087751 58680.919921875007
decision_type=2 2 2 2 2
left_child=1 -1 4 -4 -2
right_child=2 -3 3 -5 -6
leaf_value=0.029109308369263866 0.0021444565511908637 -0.079452092890663253 -0.019169929189346527 0.030982227609783277 -0.059779101403754843
leaf_weight=4.2784001380205154 788.20039954781532 6.7450749874114972 22.120210856199265 64.631882935762405 7.9191142544150344
leaf_count=8 2020 30 65 126 31
internal_value=0.00266127 -0.036864 0.00316044 0.0181367 0.00152221
internal_weight=893.895 11.0235 882.872 86.7521 796.12
internal_count=2280 38 2242 191 2051
is_linear=0
shrinkage=0.05


Tree=63
num_leaves=8
num_cat=0
split_feature=12 40 36 65 12 15 46
split_gain=7.10732 21.0317 21.3367 13.6518 13.3908 28.3531 13.2247
threshold=5561994.5000000009 -1.6119341850280759 0.16221396625041964 2.551270723342896 5350534.2500000009 3.6050000190734868 -0.88101801276206959
decision_type=2 2 2 2 2 2 2
left_child=4 2 -2 -3 6 -6 -1
right_child=1 3 -4 -5 5 -7 -8
leaf_value=-0.019622933441791574 -0.085090325788779272 0.019918107380874468 0.00063845465945598873 -0.062334862587988621 0.065507293392460336 -0.070137330280240537 0.0037108988630067024
leaf_weight=67.618754521012306 10.393997490406035 171.8498240634799 23.679558500647545 5.1696957349777213 4.9773431718349483 16.640513643622398 593.12696272134781
leaf_count=203 45 379 61 19 7 62 1504
internal_value=0.00252888 0.0105468 -0.025366 0.0174877 4.11612e-05 -0.0386749 0.00131542
internal_weight=893.457 211.093 34.0736 177.02 682.364 21.6179 660.746
internal_count=2280 504 106 398 1776 69 1707
is_linear=0
shrinkage=0.05


Tree=64
num_leaves=6
num_cat=0
split_feature=41 41 60 56 58
split_gain=6.85037 9.5932 29.7486 13.6503 8.10706
threshold=4.0421702861785898 1.0444282889366152 0.0055788415484130391 -0.8426842689514159 86688.000000000015
decision_type=2 2 2 2 2
left_child=1 3 -3 -1 -2
right_child=4 2 -4 -5 -6
leaf_value=-0.021314817013645081 -0.00068392206613426256 -0.0032335355158085149 -0.088213969006864276 0.0063842594450473165 0.074550139709921234
leaf_weight=47.667166501283646 6.9439018368720991 168.09704135358334 10.983778446912764 652.11698251962662 7.1182229071855545
leaf_count=145 19 458 46 1603 9
internal_value=0.00240301 0.00184306 -0.00847366 0.00449034 0.0370439
internal_weight=892.927 878.865 179.081 699.784 14.0621
internal_count=2280 2252 504 1748 28
is_linear=0
shrinkage=0.05


Tree=65
num_leaves=8
num_cat=0
split_feature=7 69 54 67 54 3 34
split_gain=6.84394 11.4771 12.5217 8.77151 25.213 13.2432 5.05277
threshold=5.6833765506744394 86.687179565429702 1.0884139537811282 -4.0655097961425772 -0.70264762639999379 -362771.29687499994 0.73297932744026195
decision_type=2 2 2 2 2 2 2
left_child=3 6 -3 4 -1 -5 -2
right_child=1 2 -4 5 -6 -7 -8
leaf_value=0.03701136274938964 0.028113629400807801 -0.09132007787917118 0.033664294170318743 0.053959351211922163 -0.046354040874267116 0.0018558926375457985 0.082359579323516813
leaf_weight=13.044816404581068 12.445566862821584 3.6735235601663572 4.3376881182193756 12.391907498240469 29.444916598498821 810.34779182076454 6.9380992949008933
leaf_count=29 25 15 8 19 114 2062 8
internal_value=0.00228244 0.026898 -0.0230229 0.00149728 -0.0206423 0.00264674 0.0477881
internal_weight=892.624 27.3949 8.01121 865.229 42.4897 822.74 19.3837
internal_count=2280 56 23 2224 143 2081 33
is_linear=0
shrinkage=0.05


Tree=66
num_leaves=6
num_cat=0
split_feature=61 12 50 50 43
split_gain=6.76553 8.36165 14.8527 13.1597 8.02639
threshold=539.93383789062511 4688208.5000000009 -0.0020000359509140249 -0.0049020198639482251 1.0000000180025095e-35
decision_type=2 2 2 2 2
left_child=1 3 -3 -1 -2
right_child=4 2 -4 -5 -6
leaf_value=0.012416014821219689 0.0043222106645325201 -0.012725705277377521 0.014374301519587669 -0.0054030621029424325 -0.082689468278732192
leaf_weight=137.15811158716679 5.299865707755087 62.643429055809975 258.82601489126682 423.1125982105732 5.1038580536842346
leaf_count=334 13 186 585 1140 22
internal_value=0.00217004 0.0026483 0.00907788 -0.00103191 -0.0378834
internal_weight=892.144 881.74 321.469 560.271 10.4037
internal_count=2280 2245 771 1474 35
is_linear=0
shrinkage=0.05


Tree=67
num_leaves=8
num_cat=0
split_feature=48 36 62 8 65 55 18
split_gain=6.72768 22.5453 14.2195 13.6916 16.7757 13.9957 12.0875
threshold=-0.39394961297512049 2.2565916776657109 41.970333099365241 3.3438500165939335 1.6699819564819338 -1.228970408439636 971.60000610351574
decision_type=2 2 2 2 2 2 2
left_child=1 2 -1 5 -5 -2 -3
right_child=3 6 -4 4 -6 -7 -8
leaf_value=0.00067328787917884643 -0.026380149441135148 0.0072649216813828535 -0.084433495439722894 -0.083742433956551163 0.047220155485446003 0.0097802154905819901 -0.093760674784122866
leaf_weight=399.88476220518351 28.459218829870224 4.0587649792432776 4.9683807939290991 8.61488129198551 3.36148378252983 432.24650950729847 10.126615166664122
leaf_count=1037 86 10 21 37 5 1042 42
internal_value=0.00206203 -0.00254213 -0.000358797 0.00615425 -0.0465668 0.00753562 -0.0645024
internal_weight=891.721 419.039 404.853 472.682 11.9764 460.706 14.1854
internal_count=2280 1110 1058 1170 42 1128 52
is_linear=0
shrinkage=0.05


Tree=68
num_leaves=8
num_cat=0
split_feature=55 1 65 2 1 51 8
split_gain=6.93056 12.7916 21.888 18.5915 12.4048 16.333 12.5607
threshold=-0.38644284009933466 127518.10156250001 1.1905767321586611 299512.18750000006 76763.347656250015 -0.0040622795931994906 1.4818000197410586
decision_type=2 2 2 2 2 2 2
left_child=1 2 -1 -3 5 -2 -6
right_child=4 3 -4 -5 6 -7 -8
leaf_value=-0.034176850632932708 -0.030130406065327128 0.031113200396492676 0.028030222853889803 0.00063383734694991232 -0.00922893467602111 0.030147972757588199 0.006293490805444008
leaf_weight=38.476290568709373 13.826051816344259 93.943406164646149 22.284031808376312 107.7687955647707 348.6375407576561 58.598680526018143 207.76713411509991
leaf_count=122 44 187 43 279 972 118 515
internal_value=0.00195881 0.00878498 -0.0112799 0.0148538 -0.000882474 0.0185717 -0.00342372
internal_weight=891.302 262.473 60.7603 201.712 628.829 72.4247 556.405
internal_count=2280 631 165 466 1649 162 1487
is_linear=0
shrinkage=0.05


Tree=69
num_leaves=6
num_cat=0
split_feature=17 12 65 54 70
split_gain=6.60314 7.91837 14.7616 12.8308 7.16042
threshold=511392.45312500006 5561994.5000000009 2.551270723342896 6.5356891155242929 50502.814453125007
decision_type=2 2 2 2 2
left_child=1 3 -3 -1 -2
right_child=4 2 -4 -5 -6
leaf_value=0.00046701262365823676 -0.080701183603734572 0.013361842174682692 -0.065653577198793778 -0.062058664042682558 0.011797912928721437
leaf_weight=671.38422864675522 4.9739594310522062 196.47028678655624 6.0755031406879416 8.3056909888982755 3.4659759700298309
leaf_count=1739 22 455 23 32 9
internal_value=0.00186254 0.00228899 0.010967 -0.000289684 -0.0421227
internal_weight=890.676 882.236 202.546 679.69 8.43994
internal_count=2280 2249 478 1771 31
is_linear=0
shrinkage=0.05


Tree=70
num_leaves=6
num_cat=0
split_feature=13 34 12 40 34
split_gain=6.64996 9.05313 7.63839 16.4686 13.7032
threshold=22690185.000000004 0.78818315267562877 5561994.5000000009 -1.6119341850280759 -1.4162288904190061
decision_type=2 2 2 2 2
left_child=2 -2 4 -4 -1
right_child=1 -3 3 -5 -6
leaf_value=0.022970283852873606 -0.099725146205330351 0.015967240269433306 -0.022103218445856745 0.016857003469174677 -0.002542451253397345
leaf_weight=57.480428218841553 3.7404092699289313 2.9682938754558563 32.14258199930191 170.87335920333862 623.14259287714958
leaf_count=123 16 6 99 383 1653
internal_value=0.00176939 -0.0477913 0.00215132 0.010664 -0.000380487
internal_weight=890.348 6.7087 883.639 203.016 680.623
internal_count=2280 22 2258 482 1776
is_linear=0
shrinkage=0.05


Tree=71
num_leaves=6
num_cat=0
split_feature=72 47 71 54 21
split_gain=6.56228 11.4926 7.72582 15.0292 11.3233
threshold=-2634028.6249999995 -0.48843468725681299 37856.242187500007 -0.61264556646347035 72590.250000000015
decision_type=2 2 2 2 2
left_child=1 -1 4 -4 -2
right_child=2 -3 3 -5 -6
leaf_value=0.02672194253193004 0.0010863263201421254 -0.078275524586845377 -0.031277005659516403 0.02558684323425536 -0.075952784663612605
leaf_weight=4.2090626209974289 788.44961529970169 6.6155677884817106 13.779167428612707 72.130148768424988 4.7976811528205863
leaf_count=8 2028 30 44 147 23
internal_value=0.00168134 -0.0369863 0.00216313 0.0164081 0.000614079
internal_weight=889.981 10.8246 879.157 85.9093 793.247
internal_count=2280 38 2242 191 2051
is_linear=0
shrinkage=0.05


Tree=72
num_leaves=6
num_cat=0
split_feature=41 41 60 56 5
split_gain=6.56614 8.82775 26.8775 11.8953 8.55342
threshold=4.0421702861785898 1.0444282889366152 0.0055788415484130391 -0.8426842689514159 2575.0949707031255
decision_type=2 2 2 2 2
left_child=1 3 -3 -1 -2
right_child=4 2 -4 -5 -6
leaf_value=-0.020549663234758184 -0.0035247789720024869 -0.0039169052731810768 -0.085425496756618979 0.0053624610712910076 0.073993041786053579
leaf_weight=47.468377843499184 6.87367035448551 167.37810456752777 10.779551357030867 649.82539574801922 7.1272088438272476
leaf_count=145 19 458 46 1603 9
internal_value=0.00159749 0.00104832 -0.0088767 0.00359132 0.0355789
internal_weight=889.452 875.451 178.158 697.294 14.0009
internal_count=2280 2252 504 1748 28
is_linear=0
shrinkage=0.05


Tree=73
num_leaves=6
num_cat=0
split_feature=61 59 50 42 54
split_gain=6.58434 7.87462 13.5539 11.8062 7.10953
threshold=539.93383789062511 0.96581915020942699 -0.013873073272407053 -0.00083392500528134395 1.4125843644142153
decision_type=2 2 2 2 2
left_child=1 2 -1 -3 -2
right_child=4 3 -4 -5 -6
leaf_value=-0.064151806087486052 -0.080863040347383383 -0.022826115556331537 0.0086558207198698545 0.00071124981078245567 0.0014530536811324043
leaf_weight=6.4887816309928885 5.0158700048923475 60.616845354437828 374.38050030171871 437.32309871912003 5.2546975910663605
leaf_count=24 22 198 905 1118 13
internal_value=0.00151701 0.00198758 0.00740229 -0.00214404 -0.0382611
internal_weight=889.08 878.809 380.869 497.94 10.2706
internal_count=2280 2245 929 1316 35
is_linear=0
shrinkage=0.05


Tree=74
num_leaves=7
num_cat=0
split_feature=39 35 51 34 51 47
split_gain=6.63912 13.4945 11.3544 25.8307 14.4126 9.4575
threshold=3.5207946300506596 1.5324097871780398 -0.033739401027560227 -1.4162288904190061 -0.018886383622884747 -0.88682112097740162
decision_type=2 2 2 2 2 2
left_child=2 5 3 -1 -4 -2
right_child=1 -3 4 -5 -6 -7
leaf_value=0.042554986794041627 -0.085676033764625625 -0.050670978986686904 0.019839404687696224 -0.078231692141885772 -0.00085259112956335341 0.045123818078589693
leaf_weight=6.6619323194026974 1.4362451285123849 5.064014643430709 94.872813820838928 12.966251119971274 742.15945004671812 25.523872047662735
leaf_count=11 6 18 214 51 1934 46
internal_value=0.00144109 0.0237972 0.000599524 -0.0369812 0.00148675 0.0379703
internal_weight=888.685 32.0241 856.66 19.6282 837.032 26.9601
internal_count=2280 70 2210 62 2148 52
is_linear=0
shrinkage=0.05


Tree=75
num_leaves=8
num_cat=0
split_feature=5 2 28 68 17 70 5
split_gain=6.49698 15.5009 26.2235 10.9435 10.3353 13.4051 10.2538
threshold=14937.689941406252 287695.81250000006 -1334.7187499999998 20.793977737426761 354254.20312500006 50502.814453125007 10742.600097656252
decision_type=2 2 2 2 2 2 2
left_child=4 2 -2 -3 6 -6 -1
right_child=1 3 -4 -5 5 -7 -8
leaf_value=0.0024463301784592032 0.048169802107752444 0.047310414483715431 -0.064431013126839506 -0.006809127265272082 -0.082917777961623806 0.02801396067642048 0.033839073733631805
leaf_weight=757.56670827418566 6.5313888788223293 11.472674265503882 24.102982506155968 49.949746340513229 7.6623341888189298 4.1398842334747314 26.974743187427521
leaf_count=1916 11 22 99 138 34 9 51
internal_value=0.00136874 -0.0111964 -0.0402608 0.00321809 0.00282753 -0.0435824 0.00353207
internal_weight=888.4 92.0568 30.6344 61.4224 796.344 11.8022 784.541
internal_count=2280 270 110 160 2010 43 1967
is_linear=0
shrinkage=0.05


Tree=76
num_leaves=7
num_cat=0
split_feature=49 17 18 50 37 41
split_gain=6.50275 8.47572 8.56094 7.25153 6.71619 3.99492
threshold=2.472460269927979 511392.45312500006 175110.95312500003 0.0056537599302828321 1.8594706654548647 0.71700224280357372
decision_type=2 2 2 2 2 2
left_child=1 2 -1 4 -2 -3
right_child=3 5 -4 -5 -6 -7
leaf_value=-0.00027423105249191863 -0.027176767763372446 -0.077977126447803691 0.018809011786343949 0.068521721399927321 0.050838978728796717 0
leaf_weight=798.19688545167446 6.6503543704748171 5.0113402456045142 63.405215233564377 7.5094528794288626 4.6908380538225174 2.2763655632734299
leaf_count=2072 20 23 142 9 7 7
internal_value=0.00130064 0.000664447 0.0011243 0.0303599 0.00465051 -0.0530164
internal_weight=887.74 868.89 861.602 18.8506 11.3412 7.28771
internal_count=2280 2244 2214 36 27 30
is_linear=0
shrinkage=0.05


Tree=77
num_leaves=8
num_cat=0
split_feature=70 41 24 70 47 40 45
split_gain=6.45359 19.2607 17.3626 15.0812 27.4141 13.6561 9.83058
threshold=8603.7133789062518 1.667919993400574 573.50000000000011 12591.340820312502 0.36073203384876257 -1.6119341850280759 -0.64086753129959095
decision_type=2 2 2 2 2 2 2
left_child=1 2 -1 4 -2 -5 -3
right_child=3 6 -4 5 -6 -7 -8
leaf_value=0.0042457064814095148 -0.0025854337074238706 -0.0036205804066307061 0.036236412942241988 -0.016254328919718505 -0.058332973171326942 0.0061470424818649786 -0.086563355080650162
leaf_weight=267.04542802274227 75.593750283122063 6.6861049383878699 50.551224574446678 83.580576300621033 31.257469072937965 364.58887991309166 8.0071864575147611
leaf_count=679 197 18 99 247 113 893 34
internal_value=0.0012364 0.0067509 0.00935335 -0.00205612 -0.0189402 0.00195818 -0.049161
internal_weight=887.311 332.29 317.597 555.021 106.851 448.169 14.6933
internal_count=2280 830 778 1450 310 1140 52
is_linear=0
shrinkage=0.05


Tree=78
num_leaves=7
num_cat=0
split_feature=7 24 48 10 19 54
split_gain=6.36354 10.1741 7.92591 14.3386 13.8936 7.00201
threshold=5.6833765506744394 295.50000000000006 0.78419876098632824 -0.00080450001405552019 192603.94531250003 -0.74154567718505848
decision_type=2 2 2 2 2 2
left_child=2 5 4 -4 -1 -2
right_child=1 -3 3 -5 -6 -7
leaf_value=0 -0.027313182409982165 -0.049625754703109114 -0.030771047498183393 0.014061146087434556 -0.026264244514910086 0.049110935613225236
leaf_weight=613.37125307321548 3.441172927618033 3.8586656600236884 19.844599857926369 171.6339348256588 54.824981354176998 19.840378046035767
leaf_count=1592 11 13 67 398 167 32
internal_value=0.0011738 0.0250146 0.00041532 0.00938868 -0.00214861 0.0376002
internal_weight=886.815 27.1402 859.675 191.479 668.196 23.2816
internal_count=2280 56 2224 465 1759 43
is_linear=0
shrinkage=0.05


Tree=79
num_leaves=8
num_cat=0
split_feature=55 43 34 19 1 51 8
split_gain=6.16631 11.8647 24.1549 16.2877 11.2604 15.1619 10.6632
threshold=-0.38644284009933466 36087.458984375007 0.22940225154161456 34919.111328125007 76763.347656250015 -0.0040622795931994906 1.4818000197410586
decision_type=2 2 2 2 2 2 2
left_child=1 3 -3 -1 5 -2 -6
right_child=4 2 -4 -5 6 -7 -8
leaf_value=0.00056342804590559599 -0.030030862576494673 0.00075080365260706992 -0.089867061747707477 0.030454331457307117 -0.0093572335019965324 0.028194717152064661 0.0049788703211543321
leaf_weight=98.381359800696373 13.756775856018065 68.689416006207466 8.2220036834478361 85.47081495821476 347.00863756239414 58.299399346113205 206.63299954682589
leaf_count=247 44 177 35 172 972 118 515
internal_value=0.00111504 0.00757802 -0.00887144 0.0144866 -0.00157046 0.0170091 -0.00399761
internal_weight=886.461 260.764 76.9114 183.852 625.698 72.0562 553.642
internal_count=2280 631 212 419 1649 162 1487
is_linear=0
shrinkage=0.05


Tree=80
num_leaves=7
num_cat=0
split_feature=41 28 5 70 44 70
split_gain=6.13252 9.35695 17.2689 7.79159 17.1789 14.7525
threshold=4.0421702861785898 -2534.8124999999995 2575.0949707031255 8603.7133789062518 23302.669921875004 12591.340820312502
decision_type=2 2 2 2 2 2
left_child=3 -2 -3 4 -1 -5
right_child=1 2 -4 5 -6 -7
leaf_value=0.001449840098318953 0.077393715535992266 -0.081259024385282638 0.071950990507625087 -0.020112450410582735 0.03199065230324169 0.00084971634150741234
leaf_weight=275.39701570570469 6.5696275234222412 3.6818261891603452 3.667399525642395 103.75707839429379 55.389518156647682 437.32654702663422
leaf_count=711 7 16 5 305 115 1121
internal_value=0.00106025 0.0339927 -0.00412405 0.000528775 0.00657895 -0.0031607
internal_weight=885.789 13.9189 7.34923 871.87 330.787 541.084
internal_count=2280 28 21 2252 826 1426
is_linear=0
shrinkage=0.05


Tree=81
num_leaves=6
num_cat=0
split_feature=61 59 3 64 7
split_gain=6.11863 6.98946 13.9316 11.0744 6.56684
threshold=539.93383789062511 0.96581915020942699 -123788.90234374999 42.008274078369148 3.6497035026550297
decision_type=2 2 2 2 2
left_child=1 2 -1 -3 -2
right_child=4 3 -4 -5 -6
leaf_value=-0.028932451783798142 -7.1167525067516828e-05 -0.0017106898489649182 0.0091602938599617857 -0.079921485920739513 -0.081904500478970244
leaf_weight=25.696336224675179 5.5357278734445554 491.16749504208565 353.98505185544491 4.5722931623458853 4.5833093523979187
leaf_count=83 15 1296 846 20 20
internal_value=0.00100809 0.00146043 0.00656906 -0.00244213 -0.0376308
internal_weight=885.54 875.421 379.681 495.74 10.119
internal_count=2280 2245 929 1316 35
is_linear=0
shrinkage=0.05


Tree=82
num_leaves=8
num_cat=0
split_feature=39 54 51 34 51 23 21
split_gain=5.98531 17.3927 10.3262 23.3094 13.3918 6.0445 4.87497
threshold=3.5207946300506596 0.085340723395347609 -0.033739401027560227 -1.4162288904190061 -0.021337947808206078 194.50000000000003 -10469.899414062498
decision_type=2 2 2 2 2 2 2
left_child=2 5 3 -1 -4 -2 -3
right_child=1 6 4 -5 -6 -7 -8
leaf_value=0.040069982645323528 -0.090721751796586772 -0.0070147683219011899 0.022443720254417959 -0.075274251816350779 -0.00086417235649008633 0.0089255490400198586 0.050496789966383959
leaf_weight=6.5883937031030682 3.8796323090791729 4.2782644182443645 66.989321559667587 12.829444259405134 767.02321624755859 2.3638589084148407 21.256395250558853
leaf_count=11 16 11 145 51 2003 7 36
internal_value=0.000956181 0.0222637 0.000156919 -0.0358809 0.00100196 -0.0521933 0.0406651
internal_weight=885.209 31.7782 853.43 19.4178 834.013 6.24349 25.5347
internal_count=2280 70 2210 62 2148 23 47
is_linear=0
shrinkage=0.05


Tree=83
num_leaves=6
num_cat=0
split_feature=13 34 12 65 34
split_gain=5.93427 7.84134 7.80522 15.3985 12.5843
threshold=22690185.000000004 0.78818315267562877 5561994.5000000009 2.551270723342896 1.4474279880523684
decision_type=2 2 2 2 2
left_child=2 -2 4 -4 -1
right_child=1 -3 3 -5 -6
leaf_value=4.0169546454409474e-05 -0.095039609864271068 0.013434432853523158 0.012492571858664642 -0.065010105539820492 -0.035928077702360388
leaf_weight=651.87534196674824 3.6788632720708838 2.9149217009544373 194.50466378033161 6.6095911413431159 25.249707415699959
leaf_count=1693 16 6 456 26 83
internal_value=0.000908316 -0.0463281 0.00126866 0.0099206 -0.00129369
internal_weight=884.833 6.59378 878.239 201.114 677.125
internal_count=2280 22 2258 482 1776
is_linear=0
shrinkage=0.05


Tree=84
num_leaves=8
num_cat=0
split_feature=54 58 8 18 36 34 10
split_gain=5.88646 19.5331 22.6353 19.0602 10.2081 10.3962 10.2433
threshold=-1.074013829231262 -54495.999999999993 1.1064000129699709 11484.899902343752 -2.5367926359176631 -1.4378536939620969 -5.158499880053568e-05
decision_type=2 2 2 2 2 2 2
left_child=1 2 -1 -3 5 -2 -6
right_child=4 3 -4 -5 6 -7 -8
leaf_value=0.069935738505690306 -0.093621044492080197 -0.029289785072622528 -0.0034850868881792633 0.01912316865598078 -0.0047480337554823594 0.020409572605493045 0.0072637105715421119
leaf_weight=24.375191390514374 5.7873561531305313 37.940743952989578 18.219280764460564 43.734776318073273 464.17049689590931 2.9561267942190153 287.34350326657295
leaf_count=36 24 119 50 99 1248 6 698
internal_value=0.000862687 0.0109542 0.0384135 -0.00330489 -0.000780265 -0.054496 -0.000148656
internal_weight=884.527 124.27 42.5945 81.6755 760.257 8.74348 751.514
internal_count=2280 304 86 218 1976 30 1946
is_linear=0
shrinkage=0.05


Tree=85
num_leaves=7
num_cat=0
split_feature=7 54 19 67 54 3
split_gain=5.86004 9.4456 11.7375 7.68451 21.818 11.7076
threshold=5.6833765506744394 2.8784320354461674 70270.246093750015 -4.0655097961425772 -0.70264762639999379 -362771.29687499994
decision_type=2 2 2 2 2 2
left_child=3 2 -2 4 -1 -5
right_child=1 -3 -4 5 -6 -7
leaf_value=0.032988360201755058 0.021463760247635105 0.070958295168644853 -0.087857628880071634 0.050084160562927561 -0.044986719522286361 0.00043021058767731365
leaf_weight=12.928577795624731 16.43852689862252 7.6236567646265021 2.8806019574403754 12.054266482591627 28.944167077541351 803.38878336548805
leaf_count=29 35 9 12 19 114 2062
internal_value=0.00081928 0.0237804 0.00490445 9.1849e-05 -0.0207918 0.00117035
internal_weight=884.259 26.9428 19.3191 857.316 41.8727 815.443
internal_count=2280 56 47 2224 143 2081
is_linear=0
shrinkage=0.05


Tree=86
num_leaves=8
num_cat=0
split_feature=47 66 23 41 65 37 39
split_gain=5.91638 10.141 11.9607 8.54434 10.7329 10.3814 7.71728
threshold=-1.8770751953124998 2.9811135530471806 567.50000000000011 -3.3698140382766719 2.551270723342896 2.2526024580001835 0.097458619624376311
decision_type=2 2 2 2 2 2 2
left_child=1 6 -3 5 -5 -2 -1
right_child=3 2 -4 4 -6 -7 -8
leaf_value=0.038819288881479584 0.001526585787144902 -0.10081729796469846 0.013809593355053967 -0.00047993868102447006 -0.041411450932539777 0.067804742808134838 0.0031025539036267443
leaf_weight=32.439806148409843 14.810897275805475 3.8912471085786802 5.3326434940099716 771.85424188524485 16.363198012113571 10.009091675281523 28.944756478071213
leaf_count=57 40 16 11 2018 56 14 68
internal_value=0.000779313 0.0146644 -0.0340055 -0.00042039 -0.00133601 0.0284559 0.0220592
internal_weight=883.646 70.6085 9.22389 813.037 788.217 24.82 61.3846
internal_count=2280 152 27 2128 2074 54 125
is_linear=0
shrinkage=0.05


Tree=87
num_leaves=8
num_cat=0
split_feature=48 28 43 8 46 41 31
split_gain=5.84374 8.20989 11.2266 6.98029 15.5959 7.6867 6.8143
threshold=2.2358022928237919 -111.56249999999999 12709.055175781252 3.3438500165939335 -0.5261901021003722 4.0421702861785898 -2.9218125343322749
decision_type=2 2 2 2 2 2 2
left_child=3 2 -2 5 -5 -1 -3
right_child=1 6 -4 4 -6 -7 -8
leaf_value=3.171762397526851e-05 0.02644664487590841 0.010980519817420389 -0.080865928176647783 0.018775761074049924 -0.070067678543880949 0.039006290787816443 0.066375269446324089
leaf_weight=817.75805041193962 6.103870362043379 11.649461820721625 4.0189825743436813 8.9897217601537722 10.78166903555393 12.853887155652044 11.068493798375131
leaf_count=2120 13 27 18 21 43 24 14
internal_value=0.000741241 0.0214373 -0.0156647 -5.21387e-05 -0.0294192 0.000640877 0.0381897
internal_weight=883.224 32.8408 10.1229 850.383 19.7714 830.612 22.718
internal_count=2280 72 31 2208 64 2144 41
is_linear=0
shrinkage=0.05


Tree=88
num_leaves=7
num_cat=0
split_feature=60 33 52 17 58 0
split_gain=5.69719 7.96973 8.72878 7.41481 11.1918 10.4328
threshold=0.015725883655250076 0.99274909496307384 0.025745842605829242 354254.20312500006 -175087.99999999997 201557.00000000003
decision_type=2 2 2 2 2 2
left_child=3 2 -2 5 -5 -1
right_child=1 -3 -4 4 -6 -7
leaf_value=-0.00028223847047668363 0.055468229074247005 0.066612452291240035 -0.019269552694176118 0.017494921206138606 -0.067018226722985519 0.033309104278084221
leaf_weight=817.46432395279408 5.8299448490142884 7.6909879297018042 11.754802688956259 6.3794023096561459 9.8400614857673627 23.781073153018951
leaf_count=2120 9 11 36 16 42 46
internal_value=0.000705454 0.0241015 0.00522424 9.97129e-06 -0.0334694 0.000661408
internal_weight=882.741 25.2757 17.5847 857.465 16.2195 841.245
internal_count=2280 56 45 2224 58 2166
is_linear=0
shrinkage=0.05


Tree=89
num_leaves=7
num_cat=0
split_feature=5 58 3 56 22 17
split_gain=5.58929 13.9158 12.7221 9.43203 11.521 9.32535
threshold=14937.689941406252 -274591.99999999994 48105.900390625007 7.7547371387481698 20674.514648437504 354254.20312500006
decision_type=2 2 2 2 2 2
left_child=3 -2 -3 5 -5 -1
right_child=1 2 -4 4 -6 -7
leaf_value=0.0035688968857508006 0.05656261888247887 -0.030687389062827475 0.010421462232986947 -0.0046885235196868647 -0.087075121017253607 -0.042020850419446948
leaf_weight=761.00864171236753 6.9858704209327689 55.544733420014381 28.23866032063961 12.831148922443392 6.4473241865634909 11.370297774672506
leaf_count=1906 10 189 71 34 27 43
internal_value=0.000670328 -0.0110731 -0.0167722 0.00202311 -0.0325005 0.00289129
internal_weight=882.427 90.7693 83.7834 791.657 19.2785 772.379
internal_count=2280 270 260 2010 61 1949
is_linear=0
shrinkage=0.05


Tree=90
num_leaves=8
num_cat=0
split_feature=55 1 55 3 1 35 1
split_gain=5.55975 12.0781 19.3571 13.5223 10.3482 14.8182 10.4765
threshold=-0.38644284009933466 127518.10156250001 -0.59578615427017201 -66661.249999999985 76763.347656250015 1.323837459087372 369654.04687500006
decision_type=2 2 2 2 2 2 2
left_child=1 2 -1 -3 5 -2 -6
right_child=4 3 -4 -5 6 -7 -8
leaf_value=-0.038131363358013509 0.025444702451650737 -0.0048370534405840025 0.018890221355801113 0.022395272256283766 -0.0088205179628193433 -0.038538939276142346 0.0061355850586081511
leaf_weight=33.51067353785038 61.106017231941223 70.213065072894096 26.6479761749506 128.57119773328304 383.0849792137742 10.568190664052961 168.23793078958988
leaf_count=107 128 194 58 272 1062 34 425
internal_value=0.000636221 0.00679818 -0.0127899 0.0127513 -0.00191691 0.0159407 -0.00424755
internal_weight=881.94 258.943 60.1586 198.784 622.997 71.6742 551.323
internal_count=2280 631 165 466 1649 162 1487
is_linear=0
shrinkage=0.05


Tree=91
num_leaves=8
num_cat=0
split_feature=22 72 27 35 52 37 66
split_gain=5.38403 12.6927 16.1854 11.8365 20.3401 16.9226 5.68447
threshold=103351.28125000001 -903563.49999999988 53920.000000000007 1.1746765375137331 0.0064742341637611398 0.61051443219184887 2.3297352790832524
decision_type=2 2 2 2 2 2 2
left_child=3 2 -2 5 -5 -1 -3
right_child=1 6 -4 4 -6 -7 -8
leaf_value=-0.0010366053899683095 -0.030766007021377984 0.055985439099261791 0.016042561384948674 -0.06529771911107024 -0.006657378700643553 0.022320950790792351 0.0077682482802455587
leaf_weight=481.56297093629837 27.065991744399071 18.645209908485416 58.082446932792664 16.167116463184357 178.03877225518227 92.357366189360619 9.4783227741718274
leaf_count=1277 83 26 122 62 486 203 21
internal_value=0.000604647 0.0107844 0.00110488 -0.000890002 -0.0115648 0.00271347 0.0399128
internal_weight=881.398 113.272 85.1484 768.126 194.206 573.92 28.1235
internal_count=2280 252 205 2028 548 1480 47
is_linear=0
shrinkage=0.05


Tree=92
num_leaves=6
num_cat=0
split_feature=72 47 12 40 34
split_gain=5.44783 10.4019 7.88221 13.8419 11.7704
threshold=-2634028.6249999995 -0.48843468725681299 5561994.5000000009 -1.6119341850280759 -1.4162288904190061
decision_type=2 2 2 2 2
left_child=1 -1 4 -4 -2
right_child=2 -3 3 -5 -6
leaf_value=0.02574570415820665 0.020233114373149692 -0.075570578692972415 -0.020373980839316509 0.01569009438697689 -0.0035565866616399204
leaf_weight=4.1177767515182495 56.741810724139214 6.3553724735975248 31.638668686151505 164.32904007285833 617.50191804766655
leaf_count=8 123 30 99 367 1653
internal_value=0.000574931 -0.0352582 0.00101193 0.00984209 -0.00154712
internal_weight=880.685 10.4731 870.211 195.968 674.244
internal_count=2280 38 2242 466 1776
is_linear=0
shrinkage=0.05


Tree=93
num_leaves=7
num_cat=0
split_feature=61 67 59 44 63 16
split_gain=5.50981 7.16482 6.82597 15.981 10.0979 3.00324
threshold=539.93383789062511 4.4826555252075204 0.96581915020942699 10700.955078125002 41.920963287353523 5.0350000858306894
decision_type=2 2 2 2 2 2
left_child=2 5 3 -1 -4 -2
right_child=1 -3 4 -5 -6 -7
leaf_value=-0.002812911331598892 -0.081675000109504126 0.036598940485122189 -0.0022004695778814307 0.017970095917500619 -0.077601693057229637 -0.0089561044715007389
leaf_weight=216.61192721873522 5.2764467447996122 2.4347438216209412 488.09596619009972 161.00539463758469 4.4862473607063285 2.1645880043506622
leaf_count=574 23 5 1296 355 20 7
internal_value=0.000546045 -0.0365775 0.0009731 0.00603514 -0.00289735 -0.0611931
internal_weight=880.075 9.87578 870.2 377.617 492.582 7.44103
internal_count=2280 35 2245 929 1316 30
is_linear=0
shrinkage=0.05


Tree=94
num_leaves=6
num_cat=0
split_feature=13 34 39 1 64
split_gain=5.53311 6.8633 6.65469 21.8471 11.8363
threshold=22690185.000000004 0.78818315267562877 -1.0874842405319212 260495.54687500003 42.008274078369148
decision_type=2 2 2 2 2
left_child=2 -2 3 -1 -4
right_child=1 -3 4 -5 -6
leaf_value=-0.027591492320536204 -0.091453513456310087 0.010741254236251324 0.0028639851507133232 0.032999396922225005 -0.060491379645940327
leaf_weight=61.078074395656586 3.6159399151802054 2.8666325211524963 784.9867512062192 19.606694974005222 7.4362115412950507
leaf_count=188 16 6 1999 41 30
internal_value=0.000517557 -0.0454911 0.000864885 -0.0128057 0.00226314
internal_weight=879.59 6.48257 873.108 80.6848 792.423
internal_count=2280 22 2258 229 2029
is_linear=0
shrinkage=0.05


Tree=95
num_leaves=8
num_cat=0
split_feature=39 54 51 34 51 47 23
split_gain=5.38244 15.4996 9.51066 20.5808 11.852 5.87807 5.71088
threshold=3.5207946300506596 0.085340723395347609 -0.033739401027560227 -1.4162288904190061 -0.018886383622884747 -0.88682112097740162 194.50000000000003
decision_type=2 2 2 2 2 2 2
left_child=2 6 3 -1 -4 -3 -2
right_child=1 5 4 -5 -6 -7 -8
leaf_value=0.037014384781306385 -0.087769496412785086 -0.02707469316920319 0.017291680854791502 -0.072382816740676495 -0.0015869343680466098 0.047122832926509289 0.0095557481247598667
leaf_weight=6.4486607462167767 3.8187328428030041 2.9423974156379762 93.717830896377563 12.636459499597548 735.13603913038969 22.312021702527996 2.3484560251235962
leaf_count=11 16 9 214 51 1934 38 7
internal_value=0.000491233 0.0208142 -0.000255966 -0.0351567 0.000541623 0.0382801 -0.0498975
internal_weight=879.361 31.4216 847.939 19.0851 828.854 25.2544 6.16719
internal_count=2280 70 2210 62 2148 47 23
is_linear=0
shrinkage=0.05


Tree=96
num_leaves=8
num_cat=0
split_feature=7 69 54 67 13 3 34
split_gain=5.4078 9.51404 10.3488 6.98405 21.0701 10.229 4.03119
threshold=5.6833765506744394 86.687179565429702 1.0884139537811282 -4.0655097961425772 8623941.0000000019 -362771.29687499994 0.73297932744026195
decision_type=2 2 2 2 2 2 2
left_child=3 6 -3 4 -1 -5 -2
right_child=1 2 -4 5 -6 -7 -8
leaf_value=0.0030231409423437023 0.024202258329650617 -0.086041188971730756 0.028776435766109443 0.047141367516323501 -0.074626260765949456 0.00010822379009559202 0.073567221649149736
leaf_weight=28.849457249045372 12.079282343387609 3.5903187543153754 4.2427128255367279 11.733555123209952 12.461824104189871 799.25732816755772 6.6953567415475836
leaf_count=83 25 15 8 19 60 2062 8
internal_value=0.000466431 0.0226656 -0.0232126 -0.00022073 -0.0202793 0.000794873 0.042073
internal_weight=878.91 26.6077 7.83303 852.302 41.3113 810.991 18.7746
internal_count=2280 56 23 2224 143 2081 33
is_linear=0
shrinkage=0.05


Tree=97
num_leaves=6
num_cat=0
split_feature=33 42 42 56 34
split_gain=5.46112 26.9867 8.49417 18.7323 9.08292
threshold=-1.4602596163749693 -0.00052250002045184363 -0.00083392500528134395 0.6132330894470216 -1.3005175590515134
decision_type=2 2 2 2 2
left_child=1 -1 3 -2 -4
right_child=2 -3 4 -5 -6
leaf_value=0.044096557352881191 0.0069510822493210238 -0.072810628484937606 0.018327368778628918 -0.036021945610584277 0.00093645845490990384
leaf_weight=8.2773540616035479 55.81474344432354 12.117251418530939 84.657297611236572 46.248597130179405 671.14991082251072
leaf_count=15 148 59 187 166 1705
internal_value=0.000443825 -0.0251175 0.00105734 -0.0124726 0.00289101
internal_weight=878.265 20.3946 857.871 102.063 755.807
internal_count=2280 74 2206 314 1892
is_linear=0
shrinkage=0.05


Tree=98
num_leaves=7
num_cat=0
split_feature=49 30 67 54 34 54
split_gain=5.38332 7.34279 6.63518 6.44106 16.9832 11.4013
threshold=2.472460269927979 7.0907788276672372 3.3850194215774541 -1.074013829231262 -0.72512689232826222 -0.64211595058441151
decision_type=2 2 2 2 2 2
left_child=3 2 -2 4 -1 -5
right_child=1 -3 -4 5 -6 -7
leaf_value=0.031409271509357878 -0.046285246669336116 0.058155198806418951 0.041182823358716994 -0.017721814843652123 -0.0059753638503896511 0.00052590494516760976
leaf_weight=54.147867664694786 4.6610612720251101 9.3798705488443357 4.0291214734315872 98.796617940068245 68.819363564252853 637.666149944067
leaf_count=110 16 13 7 292 192 1650
internal_value=0.000421312 0.027431 -0.00515614 -0.000140767 0.0104461 -0.00191524
internal_weight=877.5 18.0701 8.69018 859.43 122.967 736.463
internal_count=2280 36 23 2244 302 1942
is_linear=0
shrinkage=0.05


Tree=99
num_leaves=8
num_cat=0
split_feature=38 33 28 33 34 18 40
split_gain=5.31726 21.0284 15.8836 15.3108 12.8023 11.8917 10.0762
threshold=0.29460759460926061 1.3072398304939272 -223.62499999999997 -1.2651349902153013 -0.51628127694129933 175110.95312500003 1.0954129099845888
decision_type=2 2 2 2 2 2 2
left_child=1 2 -1 6 -5 -3 -2
right_child=3 5 -4 4 -6 -7 -8
leaf_value=0.0059979084085109192 -0.0589099120415887 -0.093154657390052936 -0.014086586232596591 0.030283044214621052 0.0029928294440082818 0.016752784452115334 0.045698890162695044
leaf_weight=260.16930595040321 14.386876970529558 9.8861688971519452 158.25293893367052 48.558792918920517 379.98322470486164 3.1804144233465186 2.685840666294097
leaf_count=643 56 41 469 100 959 7 5
internal_value=0.000400762 -0.00354919 -0.00158637 0.00423672 0.0060968 -0.0660205 -0.0421602
internal_weight=877.104 431.489 418.422 445.615 428.542 13.0666 17.0727
internal_count=2280 1160 1112 1120 1059 48 61
is_linear=0
shrinkage=0.05


end of trees

feature_importances:
ret_kurt_10=34
z_btc_4=24
z_ls=21
log_ret_1=20
z_delta_qty=19
ret_skew_20=19
btc_cvd_mom=18
pull_ema50=18
Agg._Liq_Short=17
stoch_k=17
Candle_Delta=14
Agg._Funding_Rate=14
z_cvd_4=14
log_ret_3=14
price_atr=14
Long/Short_Ratio_(Account)=13
Net_Shorts=13
Delta_USD=13
z_cvd_20=13
vol_regime=13
btc_CVD=13
z_bid_trades=12
Sell_Qty=11
funding=11
Buy_Qty=10
Ask_Qty=10
z_oi=10
liq_short_5=10
macro_score=9
z_btc_10=9
cvd_accel=9
liq_long_5_mean=9
liq_short_5_mean=9
Bid_Qty=8
cvd_delta=8
z_cvd_10=8
atr_ratio_lag1=8
ret_lag1=8
pull_ema8=8
Whale_Ind=7
Bid_Trades=7
z_ask_trades=7
liq_long_5=6
ret_kurt_20=6
Bid_USD=5
Delta_Qty=5
z_ask_qty=5
Agg._OI=4
Net_Longs=4
Ask_Trades=4
atr=4
z_btc_20=4
log_ret_5=4
ema_21=4
Ask_USD=3
ret_skew_10=3
ema_50=3
pull_ema21=3
Candle=2
Agg._Liq_Long=2
Mid_Price=2
ema_slow=2
z_bid_qty=2
Price_Low=1
Price_High=1
atr_ratio=1
ema_8=1
rsi=1

parameters:
[boosting: gbdt]
[objective: binary]
[metric: binary_logloss]
[tree_learner: serial]
[device_type: cpu]
[data_sample_strategy: bagging]
[data: ]
[valid: ]
[num_iterations: 100]
[learning_rate: 0.05]
[num_leaves: 31]
[num_threads: 1]
[seed: 42]
[deterministic: 0]
[force_col_wise: 0]
[force_row_wise: 0]
[histogram_pool_size: -1]
[max_depth: 3]
[min_data_in_leaf: 10]
[min_sum_hessian_in_leaf: 0.001]
[bagging_fraction: 0.8]
[pos_bagging_fraction: 1]
[neg_bagging_fraction: 1]
[bagging_freq: 0]
[bagging_seed: 400]
[bagging_by_query: 0]
[feature_fraction: 0.8]
[feature_fraction_bynode: 1]
[feature_fraction_seed: 30056]
[extra_trees: 0]
[extra_seed: 12879]
[early_stopping_round: 0]
[early_stopping_min_delta: 0]
[first_metric_only: 0]
[max_delta_step: 0]
[lambda_l1: 0.1]
[lambda_l2: 0]
[linear_lambda: 0]
[min_gain_to_split: 0]
[drop_rate: 0.1]
[max_drop: 50]
[skip_drop: 0.5]
[xgboost_dart_mode: 0]
[uniform_drop: 0]
[drop_seed: 17869]
[top_rate: 0.2]
[other_rate: 0.1]
[min_data_per_group: 100]
[max_cat_threshold: 32]
[cat_l2: 10]
[cat_smooth: 10]
[max_cat_to_onehot: 4]
[top_k: 20]
[monotone_constraints: ]
[monotone_constraints_method: basic]
[monotone_penalty: 0]
[feature_contri: ]
[forcedsplits_filename: ]
[refit_decay_rate: 0.9]
[cegb_tradeoff: 1]
[cegb_penalty_split: 0]
[cegb_penalty_feature_lazy: ]
[cegb_penalty_feature_coupled: ]
[path_smooth: 0]
[interaction_constraints: ]
[verbosity: -1]
[saved_feature_importance_type: 0]
[use_quantized_grad: 0]
[num_grad_quant_bins: 4]
[quant_train_renew_leaf: 0]
[stochastic_rounding: 1]
[linear_tree: 0]
[max_bin: 63]
[max_bin_by_feature: ]
[min_data_in_bin: 3]
[bin_construct_sample_cnt: 200000]
[data_random_seed: 175]
[is_enable_sparse: 1]
[enable_bundle: 1]
[use_missing: 1]
[zero_as_missing: 0]
[feature_pre_filter: 1]
[pre_partition: 0]
[two_round: 0]
[header: 0]
[label_column: ]
[weight_column: ]
[group_column: ]
[ignore_column: ]
[categorical_feature: ]
[forcedbins_filename: ]
[precise_float_parser: 0]
[parser_config_file: ]
[objective_seed: 16083]
[num_class: 1]
[is_unbalance: 0]
[scale_pos_weight: 4.36471]
[sigmoid: 1]
[boost_from_average: 1]
[reg_sqrt: 0]
[alpha: 0.9]
[fair_c: 1]
[poisson_max_delta_step: 0.7]
[tweedie_variance_power: 1.5]
[lambdarank_truncation_level: 30]
[lambdarank_norm: 1]
[label_gain: ]
[lambdarank_position_bias_regularization: 0]
[eval_at: ]
[multi_error_top_k: 1]
[auc_mu_weights: ]
[num_machines: 1]
[local_listen_port: 12400]
[time_out: 120]
[machine_list_filename: ]
[machines: ]
[gpu_platform_id: -1]
[gpu_device_id: -1]
[gpu_use_dp: 0]
[num_gpu: 1]

end of parameters

pandas_categorical:[]
