tree
version=v4
num_class=1
num_tree_per_iteration=1
label_index=0
max_feature_idx=72
objective=binary sigmoid:1
feature_names=Candle Buy_Qty Sell_Qty Candle_Delta Agg._Liq_Long Agg._Liq_Short CVD Long/Short_Ratio_(Account) Whale_Ind Agg._OI Agg._Funding_Rate RSI Net_Shorts Net_Longs Price_Low Price_High Mid_Price Bid_Qty Ask_Qty Bid_USD Ask_USD Delta_Qty Delta_USD Bid_Trades Ask_Trades total_qty atr cvd_delta btc_cvd_mom ema_fast ema_slow macro_score macro z_cvd_4 z_btc_4 z_cvd_10 z_btc_10 z_cvd_20 z_btc_20 vol_regime z_oi z_ls funding liq_long_5 liq_short_5 z_bid_qty z_ask_qty z_delta_qty z_bid_trades z_ask_trades log_ret_1 log_ret_3 log_ret_5 ret_skew_10 ret_kurt_10 ret_skew_20 ret_kurt_20 atr_ratio cvd_accel atr_ratio_lag1 ret_lag1 price_atr ema_8 ema_21 ema_50 pull_ema8 pull_ema21 pull_ema50 rsi stoch_k liq_long_5_mean liq_short_5_mean btc_CVD
feature_infos=[304:114232] [84820.5:35195720] [85155.203125:31563314] [-8151840.5:10865821] [0:2754060.5] [0:50521852] [-6140518912:-32888472] [0:6.4043889045715332] [0:3.9928998947143555] [0:129392120] [-0.013764999806880951:0.0029760000761598349] [0:95.419998168945312] [0:56399640] [0:93215592] [0.37999999523162842:5.1500000953674316] [0.37999999523162842:5.1500000953674316] [0.37999999523162842:5.1500000953674316] [0:1855925.25] [0:1521306.75] [0:736671.1875] [0:705541.625] [-686842.125:1249040.25] [-495740.59375:576845.625] [0:1536] [0:1792] [0:1285594.375] [0.0007142850081436336:0.11500000953674316] [-18314240:11666944] [-14221.625:6204.5] [0.37553152441978455:5.1541242599487305] [0.39275988936424255:4.8600940704345703] [-63.875049591064453:28.267642974853516] [-1:1] [-1.4999134540557861:1.4994863271713257] [-1.4999138116836548:1.4997597932815552] [-2.7912559509277344:2.8041772842407227] [-2.8145694732666016:2.8367669582366943] [-4.0825190544128418:4.0640096664428711] [-3.8845658302307129:4.1315202713012695] [-2.9109702110290527:5.6300921440124512] [-9.7234115600585938:6.5661544799804688] [-4.7297344207763672:5.5112504959106445] [-0.013764999806880951:0.0029760000761598349] [0:8769771] [0:50553376] [-1.6623313426971436:2.8314051628112793] [-1.8309222459793091:2.7698659896850586] [-2.8127715587615967:2.7714483737945557] [-1.746052622795105:2.7628815174102783] [-1.7949918508529663:2.7983365058898926] [-0.089612148702144623:0.068628504872322083] [-0.10919936001300812:0.10668415576219559] [-0.097638517618179321:0.13226799666881561] [-3.1622776985168457:3.1622776985168457] [-2.570300817489624:10] [-4.4721360206604004:4.4721360206604004] [-1.642059326171875:20] [0.30000001192092896:3] [-7043584:11842304] [0.30000001192092896:3] [-0.12516319751739502:0.068319149315357208] [25.586206436157227:1974.0018310546875] [0.37213179469108582:5.1670527458190918] [0.37050196528434753:5.1972360610961914] [0.37014743685722351:5.2069573402404785] [-10.865926742553711:10.946933746337891] [-11.49736499786377:14.155429840087891] [-18.797117233276367:17.370683670043945] [0:100] [0:100] [0:1777254.375] [0:2730712.25] [-2646353.25:-977199.1875]
tree_sizes=768 767 976 981 977 981 978 978 986 979 768 984 978 772 978 979 775 776 770 777 972 772 872 774 776 780 977 770 879 781 778 974 783 961 778 775 982 781 990 962 891 781 888 883 780 777 883 990 980 990 778 779 882 982 994 756 992 880 682 979 879 758 980 990 682 983 880 759 879 978 682 786 880 778 879 782 775 759 964 990 778 986 684 893 885 988 786 787 996 781 778 682 881 989 780 988 886 759 989 883

Tree=0
num_leaves=6
num_cat=0
split_feature=26 26 55 47 44
split_gain=178.413 51.731 43.1845 29.6316 16.2036
threshold=0.0021107111824676399 0.0064285674598068008 -0.57434883713722218 1.2220878601074221 1830.6199951171877
decision_type=2 2 2 2 2
left_child=4 2 -2 -3 -1
right_child=1 3 -4 -5 -6
leaf_value=-0.9387595939722615 -1.0543597614870615 -0.99582962110695283 -0.95376408000446822 -1.1032372343012304 -0.84551370171421603
leaf_weight=5.940073996782302 11.457502126693724 229.26421934366226 140.67990079522133 6.5720391869544974 26.696782171726227
leaf_count=18 52 866 455 34 49
internal_value=-0.974674 -0.984137 -0.961373 -0.998844 -0.862332
internal_weight=420.611 387.974 152.137 235.836 32.6369
internal_count=1474 1407 507 900 67
is_linear=0
shrinkage=1


Tree=1
num_leaves=6
num_cat=0
split_feature=26 26 7 44 56
split_gain=140.948 43.1289 45.0905 27.9826 13.57
threshold=0.0021107111824676399 0.0064285674598068008 1.7702225446701052 1476456.1875000002 5.3526458740234384
decision_type=2 2 2 2 2
left_child=4 2 -2 -3 -1
right_child=1 3 -4 -5 -6
leaf_value=0.084751801912170549 0.027321388252282149 0.031933265568163241 0.086059725275047905 0.13413234039401947 0.1674070825476055
leaf_weight=6.3241807818412772 46.74926483631134 233.07594664394855 110.73136092722416 6.9314133673906317 28.911248803138733
leaf_count=18 176 883 331 17 49
internal_value=0.0568037 0.0482892 0.0686546 0.0349056 0.152714
internal_weight=432.723 397.488 157.481 240.007 35.2354
internal_count=1474 1407 507 900 67
is_linear=0
shrinkage=0.05


Tree=2
num_leaves=8
num_cat=0
split_feature=26 54 26 55 2 18 56
split_gain=120.468 35.678 30.4431 34.6503 24.033 19.9766 10.5018
threshold=0.0035714273108169441 -0.8731882870197295 0.0021107111824676399 -0.57434883713722218 353196.70312500006 2670.150024414063 5.3526458740234384
decision_type=2 2 2 2 2 2 2
left_child=2 5 6 -4 -3 -2 -1
right_child=1 4 3 -5 -6 -7 -8
leaf_value=0.077745276179775169 0.051877017863411104 0.1050418558016669 -0.067203217447364003 0.088858783826370635 0.041865545567514748 -0.017949002300363111 0.14929874144004382
leaf_weight=6.5433910042047492 13.944338053464888 16.054064020514488 3.7473529875278464 59.15258851647377 274.57152305543423 38.573664426803589 30.744429767131805
leaf_count=18 48 42 19 164 967 167 49
internal_value=0.0526258 0.0385188 0.100893 0.0794817 0.0453726 0.000495675 0.136876
internal_weight=443.331 343.144 100.188 62.8999 290.626 52.518 37.2878
internal_count=1474 1224 250 183 1009 215 67
is_linear=0
shrinkage=0.05


Tree=3
num_leaves=8
num_cat=0
split_feature=26 54 26 44 36 41 44
split_gain=101.794 31.0374 25.4189 23.0784 19.4932 19.161 9.3955
threshold=0.0035714273108169441 -0.8731882870197295 0.0021107111824676399 596078.03125000012 -1.4564893841743467 1.6594883203506472 1830.6199951171877
decision_type=2 2 2 2 2 2 2
left_child=2 5 6 -3 -4 -2 -1
right_child=1 3 4 -5 -6 -7 -8
leaf_value=0.069655119180578401 0.013735481875967277 0.037347012513038201 -0.017619946864442442 0.082350198836327132 0.081320672048594944 -0.068606257268351192 0.13607537655653529
leaf_weight=6.7940025627613059 44.118124723434448 264.11942607164383 5.3434243351221076 32.194278404116631 59.558942764997482 8.411173999309538 32.077145874500275
leaf_count=18 173 917 22 92 161 42 49
internal_value=0.0489301 0.0359738 0.0924356 0.0422535 0.0730978 0.000455451 0.124595
internal_weight=452.617 348.843 103.774 296.314 64.9024 52.5293 38.8711
internal_count=1474 1224 250 1009 183 215 67
is_linear=0
shrinkage=0.05


Tree=4
num_leaves=8
num_cat=0
split_feature=26 2 12 26 36 43 70
split_gain=87.3767 25.0778 30.7587 21.9572 16.7316 12.7784 8.4037
threshold=0.0035714273108169441 353196.70312500006 15019075.000000002 0.0021107111824676399 -1.4564893841743467 41077.144531250007 1.0000000180025095e-35
decision_type=2 2 2 2 2 2 2
left_child=3 5 -3 6 -5 -2 -1
right_child=1 2 -4 4 -6 -7 -8
leaf_value=0.0039248102636298158 0.11235464728922176 -0.032138664953314154 0.034207183363352919 -0.016862663033910107 0.074941003017361077 0.0050933211584287081 0.1196306204088439
leaf_weight=1.7296307533979405 14.399303004145624 18.408398568630219 317.65349723398685 5.3052181005477896 61.348596513271332 3.5625987499952307 38.330615073442459
leaf_count=6 32 80 1099 22 161 13 61
internal_value=0.045635 0.033657 0.0305581 0.0853249 0.067559 0.0913586 0.11476
internal_weight=460.738 354.024 336.062 106.714 66.6538 17.9619 40.0602
internal_count=1474 1224 1179 250 183 45 67
is_linear=0
shrinkage=0.05


Tree=5
num_leaves=8
num_cat=0
split_feature=26 54 26 44 6 53 56
split_gain=76.013 26.5649 19.4324 19.3811 17.9268 15.2573 7.55982
threshold=0.0035714273108169441 -0.8731882870197295 0.0021107111824676399 596078.03125000012 -2429977599.9999995 -1.7792016267776487 5.3526458740234384
decision_type=2 2 2 2 2 2 2
left_child=2 4 6 -3 -2 -4 -1
right_child=1 3 5 -5 -6 -7 -8
leaf_value=0.058434559091801265 -0.020231519457874877 0.032753029390133769 -0.0017004283686882897 0.073122263151988484 0.042811391827317975 0.071331682420574541 0.1166856768601275
leaf_weight=7.1243413239717475 37.055219188332558 271.82681614160538 7.9644736349582663 33.670967280864716 16.203790277242661 60.18751734495163 33.797527670860291
leaf_count=18 159 917 30 92 56 153 49
internal_value=0.0426736 0.0315374 0.0792557 0.0372188 -0.000957145 0.0627235 0.106667
internal_weight=467.831 358.757 109.074 305.498 53.259 68.152 40.9219
internal_count=1474 1224 250 1009 215 183 67
is_linear=0
shrinkage=0.05


Tree=6
num_leaves=8
num_cat=0
split_feature=61 7 53 22 26 34 44
split_gain=68.466 25.3112 24.0646 22.9532 19.4266 15.1243 7.24323
threshold=217.31745147705081 1.7702225446701052 -1.3848838806152342 -10088.729980468748 0.0021107111824676399 1.4309482574462893 1830.6199951171877
decision_type=2 2 2 2 2 2 2
left_child=1 3 -3 -1 6 -6 -2
right_child=4 2 -4 -5 5 -7 -8
leaf_value=-0.071061131439538308 0.053214189410724116 -0.017523719090521788 0.042729476826372167 0.015630248367981766 0.062435051540086973 -0.038770158848971857 0.10969699340286117
leaf_weight=8.2039776146411878 7.2594331204891196 17.828674390912056 215.49630758166313 107.60659727454185 79.529479444026947 3.8092464357614508 34.222438037395477
leaf_count=39 18 70 682 386 215 15 49
internal_value=0.0399988 0.0286122 0.038104 0.00944589 0.0718082 0.0577492 0.0999329
internal_weight=473.956 349.136 233.325 115.811 124.821 83.3387 41.4819
internal_count=1474 1177 752 425 297 230 67
is_linear=0
shrinkage=0.05


Tree=7
num_leaves=8
num_cat=0
split_feature=61 57 37 6 67 67 39
split_gain=60.474 24.1627 19.1191 15.2352 19.9677 13.7564 6.84079
threshold=217.31745147705081 0.91848525404930126 -1.6572601795196531 -2557207295.9999995 -3.2329812049865718 4.4811542034149179 -1.4911277294158933
decision_type=2 2 2 2 2 2 2
left_child=1 5 -3 4 -2 -1 -5
right_child=3 2 -4 6 -6 -7 -8
leaf_value=-0.0017655076942486064 0.095765370407919048 0.013135175409503656 0.043321584627014013 0.035386034635764278 0.037248205569894416 0.058825382117325534 0.095047244039052042
leaf_weight=82.871674790978432 20.041026264429092 73.878699153661728 185.49958179891109 5.6876875162124625 55.615568771958351 10.544058948755263 45.291501715779305
leaf_count=308 42 264 575 15 159 30 81
internal_value=0.0375496 0.0268868 0.0347429 0.0672157 0.0528152 0.00502001 0.088489
internal_weight=479.43 352.794 259.378 126.636 75.6566 93.4157 50.9792
internal_count=1474 1177 839 297 201 338 96
is_linear=0
shrinkage=0.05


Tree=8
num_leaves=8
num_cat=0
split_feature=26 54 47 59 26 36 56
split_gain=56.2646 23.2356 20.6071 17.9194 15.0237 12.9775 6.49533
threshold=0.0035714273108169441 -0.77413243055343617 -0.54434001445770253 0.83128693699836742 0.0021107111824676399 -1.4564893841743467 5.3526458740234384
decision_type=2 2 2 2 2 2 2
left_child=4 2 -2 -3 6 -6 -1
right_child=1 3 -4 -5 5 -7 -8
leaf_value=0.046374395678747134 -0.059605740952213583 0.010326446172474392 0.012392999186153776 0.038306177213348169 -0.02108603162837246 0.058245784672158754 0.099374669331470031
leaf_weight=7.4128666371107093 12.485882669687269 76.491788536310196 48.600238636136055 233.63191786408424 5.4963464587926856 65.74865235388279 34.486042201519012
leaf_count=18 58 265 179 722 22 161 49
internal_value=0.0352986 0.0258681 -0.00224155 0.0314211 0.0661944 0.0520554 0.0901171
internal_weight=484.354 371.21 61.0861 310.124 113.144 71.245 41.8989
internal_count=1474 1224 237 987 250 183 67
is_linear=0
shrinkage=0.05


Tree=9
num_leaves=8
num_cat=0
split_feature=59 7 23 26 8 10 21
split_gain=50.7239 26.2536 27.1607 24.5114 5.68272 7.2825 0.808698
threshold=0.45907962322235113 1.7435434460639956 24.500000000000004 0.0064285674598068008 1.2574499845504763 -0.00033450000046286727 -76255.597656249985
decision_type=2 2 2 2 2 2 2
left_child=4 2 -2 -3 6 -6 -1
right_child=1 3 -4 -5 5 -7 -8
leaf_value=0.075776178339510156 0.036939135097539877 0.052562957425201777 -0.0096484829529938608 0.023790479932328232 0.088649529560996143 0.016076251738216214 0.096135667514701373
leaf_weight=9.5410179644823057 51.94031348824501 127.03632761538029 78.413143306970596 179.86686971783638 7.1220346391201019 7.1043036580085737 27.316424280405045
leaf_count=17 163 329 294 595 13 21 42
internal_value=0.0332519 0.0277265 0.00887635 0.0357166 0.080449 0.0527596 0.091001
internal_weight=488.34 437.257 130.353 306.903 51.0838 14.2263 36.8574
internal_count=1474 1381 457 924 93 34 59
is_linear=0
shrinkage=0.05


Tree=10
num_leaves=6
num_cat=0
split_feature=26 7 17 54 44
split_gain=47.032 21.602 29.0946 18.983 6.29085
threshold=0.0021107111824676399 1.7702225446701052 40597.650390625007 -1.0005354881286619 1830.6199951171877
decision_type=2 2 2 2 2
left_child=4 3 -3 -2 -1
right_child=1 2 -4 -5 -6
leaf_value=0.039604540611180482 -0.042403614615338453 0.024286184178945142 0.058320797031412588 0.016795783546120789 0.091456503088133037
leaf_weight=7.5078734606504431 15.119335189461706 219.48173210024834 88.535346865653992 127.0741288214922 34.162007451057434
leaf_count=18 68 693 223 423 49
internal_value=0.0313566 0.0266365 0.0340852 0.010466 0.0822341
internal_weight=491.88 450.211 308.017 142.193 41.6699
internal_count=1474 1407 916 491 67
is_linear=0
shrinkage=0.05


Tree=11
num_leaves=8
num_cat=0
split_feature=61 57 45 53 26 55 56
split_gain=43.562 19.3421 20.7104 16.4109 14.1095 35.3346 5.97114
threshold=217.31745147705081 0.91848525404930126 -0.41539101302623743 -1.7792016267776487 0.0021107111824676399 -0.57434883713722218 5.3526458740234384
decision_type=2 2 2 2 2 2 2
left_child=1 2 -1 -3 6 -6 -2
right_child=4 3 -4 -5 5 -7 -8
leaf_value=0.023810809592630634 0.037367635358397454 -0.040641789396871283 -0.022771016045681519 0.029826313042579405 -0.075338593278148486 0.051558673540564696 0.087859807891354211
leaf_weight=49.60136790573597 7.5389151424169532 8.4728120714426023 45.95745562016964 261.05667589604855 5.8453354835510245 82.586874097585678 33.799649178981781
leaf_count=160 18 35 178 804 26 204 49
internal_value=0.0296056 0.020739 0.00135572 0.0275926 0.0545118 0.0431143 0.0787725
internal_weight=494.859 365.088 95.5588 269.529 129.771 88.4322 41.3386
internal_count=1474 1177 338 839 297 230 67
is_linear=0
shrinkage=0.05


Tree=12
num_leaves=8
num_cat=0
split_feature=59 7 23 30 26 19 28
split_gain=40.6022 20.2912 23.5886 20.2718 4.81201 6.42893 0.611337
threshold=0.45907962322235113 1.7435434460639956 24.500000000000004 1.0699031352996828 0.0021107111824676399 24942.235351562504 611.00000000000011
decision_type=2 2 2 2 2 2 2
left_child=4 2 -2 -3 6 -6 -1
right_child=1 3 -4 -5 5 -7 -8
leaf_value=0.086971357101074509 0.032404581175362247 0.043578861237251576 -0.010659719155380158 0.018074059568231785 0.0064430891366578013 0.070094851912849643 0.066764737029938834
leaf_weight=24.594892680644989 53.189174920320511 147.65417297184467 78.846962198615074 167.02195565402508 6.0844232290983227 12.466017633676527 7.5201046615838996
leaf_count=36 163 385 294 539 18 26 13
internal_value=0.0279779 0.0231501 0.00665035 0.0300575 0.0704452 0.049487 0.0823954
internal_weight=497.378 446.712 132.036 314.676 50.6654 18.5504 32.115
internal_count=1474 1381 457 924 93 44 49
is_linear=0
shrinkage=0.05


Tree=13
num_leaves=6
num_cat=0
split_feature=26 37 9 2 44
split_gain=37.9103 18.6922 21.4717 18.3522 6.17312
threshold=0.0021107111824676399 -1.6572601795196531 84088672.000000015 5502060.2500000009 1830.6199951171877
decision_type=2 2 2 2 2
left_child=4 2 -2 -3 -1
right_child=1 3 -4 -5 -6
leaf_value=0.031119991577873804 -0.010300489060278776 0.031566296846992949 0.033182384454289726 -0.015090248278190686 0.082415404966806841
leaf_weight=7.5547153651714316 77.533842504024506 314.42128591239452 44.717845156788826 22.440985798835754 32.853145003318787
leaf_count=18 283 909 135 80 49
internal_value=0.0264641 0.022362 0.005564 0.0284433 0.0729489
internal_weight=499.522 459.114 122.252 336.862 40.4079
internal_count=1474 1407 418 989 67
is_linear=0
shrinkage=0.05


Tree=14
num_leaves=8
num_cat=0
split_feature=59 54 41 53 12 56 9
split_gain=35.5104 18.4343 22.0972 13.7539 4.35851 9.58152 5.95619
threshold=0.45907962322235113 -0.77413243055343617 1.6594883203506472 -0.61848285794258107 26034760.000000004 7.3973731994628915 91666436.000000015
decision_type=2 2 2 2 2 2 2
left_child=4 2 -2 -3 5 -1 -6
right_child=1 3 -4 -5 6 -7 -8
leaf_value=-0.010774769068828521 0.0085032997148543499 0.0067284839451895607 -0.071632256984407519 0.029798462078430173 0.08167451487637245 0.090896027550972258 0.031648817649154136
leaf_weight=5.21757063269615 57.113283097743988 82.991176143288612 10.120466873049734 301.38198709487915 32.882735386490822 4.0651399493217468 7.6995783001184455
leaf_count=16 198 275 48 860 52 6 19
internal_value=0.0250412 0.0206038 -0.00348486 0.0248304 0.0651288 0.0332109 0.0723065
internal_weight=501.472 451.607 67.2337 384.373 49.865 9.28271 40.5823
internal_count=1474 1381 246 1135 93 22 71
is_linear=0
shrinkage=0.05


Tree=15
num_leaves=8
num_cat=0
split_feature=61 59 53 29 59 55 9
split_gain=33.4502 17.4644 16.2932 13.3986 9.95185 16.4221 3.92856
threshold=217.31745147705081 0.83128693699836742 -1.3848838806152342 0.90607610344886791 0.45907962322235113 -0.57434883713722218 91666436.000000015
decision_type=2 2 2 2 2 2 2
left_child=1 3 -3 -1 6 -6 -2
right_child=4 2 -4 -5 5 -7 -8
leaf_value=0.020732350376119427 0.070202140442047756 -0.02102728916178798 0.02488274615650753 -0.021667675955168865 -0.042561232235160174 0.041376617819303602 0.030006114328220115
leaf_weight=30.69724714756012 40.236090272665024 20.667259469628334 275.01687747240067 47.229723900556564 6.2581698149442664 75.231440082192421 7.7146291583776465
leaf_count=93 70 78 826 180 24 184 19
internal_value=0.0237138 0.0161041 0.0216569 -0.00490116 0.0456397 0.0348691 0.0638394
internal_weight=503.051 373.611 295.684 77.927 129.44 81.4896 47.9507
internal_count=1474 1177 904 273 297 208 89
is_linear=0
shrinkage=0.05


Tree=16
num_leaves=6
num_cat=0
split_feature=26 1 40 37 44
split_gain=32.1911 18.1786 25.133 19.3976 6.25748
threshold=0.0021107111824676399 784312.90625000012 0.76725015044212352 -2.080096840858459 1830.6199951171877
decision_type=2 2 2 2 2
left_child=4 3 -3 -2 -1
right_child=1 2 -4 -5 -6
leaf_value=0.024465902938049889 -0.051915509444810506 0.0038178652565257613 0.032011009093407483 0.041530181677968118 0.076404589738690618
leaf_weight=7.5062604695558539 5.8181130141019812 236.12980827689171 119.20814275741577 104.63020251691341 31.053575038909912
leaf_count=18 24 772 342 269 49
internal_value=0.0224688 0.0188192 0.0132901 0.0365625 0.0664236
internal_weight=504.346 465.786 355.338 110.448 38.5598
internal_count=1474 1407 1114 293 67
is_linear=0
shrinkage=0.05


Tree=17
num_leaves=6
num_cat=0
split_feature=26 1 40 37 56
split_gain=30.3262 16.226 22.3979 22.3946 6.00488
threshold=0.0021107111824676399 784312.90625000012 0.76725015044212352 -2.1526836156845088 5.3526458740234384
decision_type=2 2 2 2 2
left_child=4 3 -3 -2 -1
right_child=1 2 -4 -5 -6
leaf_value=0.023409586317649167 -0.074991881999133689 0.0036232647336556056 0.030166130544851961 0.039128173620873667 0.074435439770390799
leaf_weight=7.5027611851692191 4.4506522119045249 236.36521254479885 120.14849744737148 106.67318738996983 30.285006761550903
leaf_count=18 20 772 342 273 49
internal_value=0.0213007 0.0178044 0.0125825 0.0345125 0.0644366
internal_weight=505.425 467.638 356.514 111.124 37.7878
internal_count=1474 1407 1114 293 67
is_linear=0
shrinkage=0.05


Tree=18
num_leaves=6
num_cat=0
split_feature=26 7 17 54 44
split_gain=28.6139 16.0101 22.1978 15.3962 6.13558
threshold=0.0021107111824676399 1.7702225446701052 40597.650390625007 -1.0005354881286619 1830.6199951171877
decision_type=2 2 2 2 2
left_child=4 3 -3 -2 -1
right_child=1 2 -4 -5 -6
leaf_value=0.021099114779493888 -0.044083514765641998 0.014738037908763156 0.043826848755473352 0.0087261656764200772 0.07290125669161801
leaf_weight=7.4500848054885855 15.393837869167326 229.07491032779217 92.429876565933228 132.36081832647324 29.52906459569931
leaf_count=18 68 693 223 423 49
internal_value=0.0202045 0.016853 0.0231164 0.00319034 0.0626
internal_weight=506.239 469.259 321.505 147.755 36.9791
internal_count=1474 1407 916 491 67
is_linear=0
shrinkage=0.05


Tree=19
num_leaves=6
num_cat=0
split_feature=26 54 40 53 56
split_gain=27.0234 14.7882 17.1243 16.3298 5.92212
threshold=0.0021107111824676399 -0.77413243055343617 0.86037334799766552 -2.8738019466400142 5.3526458740234384
decision_type=2 2 2 2 2
left_child=4 2 -2 -3 -1
right_child=1 3 -4 -5 -6
leaf_value=0.020200297770148128 -0.022811833580030295 -0.029174183213996081 0.031059531430978633 0.02168519608785046 0.071267512076549799
leaf_weight=7.443100541830062 46.233742222189903 16.372433364391327 21.621971279382706 386.33649036288261 28.702283263206482
leaf_count=18 181 60 64 1102 49
internal_value=0.0191785 0.0159638 -0.00557224 0.0196051 0.06089
internal_weight=506.71 470.565 67.8557 402.709 36.1454
internal_count=1474 1407 245 1162 67
is_linear=0
shrinkage=0.05


Tree=20
num_leaves=8
num_cat=0
split_feature=26 2 12 67 53 65 34
split_gain=25.9646 14.9798 22.5866 10.6577 9.79376 9.46 3.35714
threshold=0.0035714273108169441 353196.70312500006 15019075.000000002 5.1746609210968026 0.1628559157252312 -1.7918319106101988 1.3683591485023501
decision_type=2 2 2 2 2 2 2
left_child=3 4 -3 5 -2 -1 -5
right_child=1 2 -4 6 -6 -7 -8
leaf_value=0.0552315484245419 0.015927238442378717 -0.041649900697234232 0.012863259140934436 0.071990428156697858 0.086179016872854147 0.017354112687261142 0.031375723038562314
leaf_weight=24.419726088643074 9.4136861115694064 20.033610552549362 356.60297340154648 26.070908099412918 10.988951146602629 52.717492774128914 6.9274493157863608
leaf_count=52 26 80 1099 46 19 136 16
internal_value=0.0182037 0.0122271 0.00995038 0.0397039 0.0540102 0.02941 0.0636156
internal_weight=507.175 397.039 376.637 110.136 20.4026 77.1372 32.9984
internal_count=1474 1224 1179 250 45 188 62
is_linear=0
shrinkage=0.05


Tree=21
num_leaves=6
num_cat=0
split_feature=26 7 17 22 44
split_gain=24.5291 13.9348 19.3016 15.4584 6.34666
threshold=0.0021107111824676399 1.7702225446701052 40597.650390625007 -13853.595214843748 1830.6199951171877
decision_type=2 2 2 2 2
left_child=4 3 -3 -2 -1
right_child=1 2 -4 -5 -6
leaf_value=0.01568693217997082 -0.060929235753764854 0.012330470687191772 0.039346823186192044 0.0057715304124511327 0.069071934972180074
leaf_weight=7.3150757551193228 9.2594382464885694 231.056988671422 93.151892781257629 139.44400410354137 27.326405644416809
leaf_count=18 40 693 223 451 49
internal_value=0.0172832 0.0142942 0.0201082 0.0015846 0.0579432
internal_weight=507.554 472.912 324.209 148.703 34.6415
internal_count=1474 1407 916 491 67
is_linear=0
shrinkage=0.05


Tree=22
num_leaves=7
num_cat=0
split_feature=59 37 35 9 9 12
split_gain=23.3281 13.9642 20.4645 16.6977 4.69896 6.67999
threshold=0.45907962322235113 -1.6572601795196531 0.76030609011650097 84088672.000000015 92133872.000000015 26034760.000000004
decision_type=2 2 2 2 2 2
left_child=4 3 -3 -2 5 -1
right_child=1 2 -4 -5 -6 -7
leaf_value=0.018685767983031652 -0.015019036114535653 0.030386283013682975 0.0057676094651438192 0.023247126116939302 0.010444619423843775 0.069109804816742268
leaf_weight=8.8307765126228315 79.458492338657379 172.69992062449455 166.28376515209675 44.437689080834389 6.4343881905078879 29.464924484491348
leaf_count=22 284 467 499 131 17 54
internal_value=0.01642 0.0130734 0.0183247 -0.0012538 0.0509395 0.0576129
internal_weight=507.61 462.88 338.984 123.896 44.7301 38.2957
internal_count=1474 1381 966 415 93 76
is_linear=0
shrinkage=0.05


Tree=23
num_leaves=6
num_cat=0
split_feature=26 1 37 40 44
split_gain=22.2333 13.1672 19.221 18.5713 6.2922
threshold=0.0021107111824676399 784312.90625000012 -2.1526836156845088 0.76725015044212352 1830.6199951171877
decision_type=2 2 2 2 2
left_child=4 2 -2 -3 -1
right_child=1 3 -4 -5 -6
leaf_value=0.013268390332562758 -0.074434525145962258 4.070665417093182e-05 0.031973651849093038 0.02398477919419665 0.066941646812714195
leaf_weight=7.2403019666671744 4.3906068354845038 239.58114211261272 108.17155839502811 122.65558469295502 25.768710643053055
leaf_count=18 20 772 273 342 49
internal_value=0.0155955 0.0128232 0.0277787 0.00816212 0.0553203
internal_weight=507.808 474.799 112.562 362.237 33.009
internal_count=1474 1407 293 1114 67
is_linear=0
shrinkage=0.05


Tree=24
num_leaves=6
num_cat=0
split_feature=26 53 26 23 56
split_gain=21.0506 12.7631 15.6351 8.02842 6.19952
threshold=0.0021107111824676399 -2.8738019466400142 0.0064285674598068008 289.00000000000006 5.3526458740234384
decision_type=2 2 2 2 2
left_child=4 3 -3 -2 -1
right_child=1 2 -4 -5 -6
leaf_value=0.012327685879834896 -0.054534719857896513 0.025415564546109479 0.0064106493972280014 0.020351734806959381 0.065887464385509492
leaf_weight=7.2071905434131613 11.35710382461548 176.31145165860653 282.78102123737335 5.1082844734191886 24.93041980266571
leaf_count=18 46 453 894 14 49
internal_value=0.0148217 0.0121614 0.0137203 -0.030998 0.0540317
internal_weight=507.695 475.558 459.092 16.4654 32.1376
internal_count=1474 1407 1347 60 67
is_linear=0
shrinkage=0.05


Tree=25
num_leaves=6
num_cat=0
split_feature=26 54 41 53 44
split_gain=19.9335 12.4784 19.1158 13.5807 6.22195
threshold=0.0021107111824676399 -0.77413243055343617 1.6594883203506472 -2.8738019466400142 1830.6199951171877
decision_type=2 2 2 2 2
left_child=4 2 -2 -3 -1
right_child=1 3 -4 -5 -6
leaf_value=0.01100367394073515 0.0027341670032171098 -0.029728469949312965 -0.071710756808887458 0.016736487551754681 0.06499590063409591
leaf_weight=7.1528471559286144 58.583004578948021 16.309622183442116 10.091147705912588 391.20179979503155 24.118097484111786
leaf_count=18 197 60 48 1102 49
internal_value=0.0140905 0.0115376 -0.00813214 0.0148646 0.0528057
internal_weight=507.457 476.186 68.6742 407.511 31.2709
internal_count=1474 1407 245 1162 67
is_linear=0
shrinkage=0.05


Tree=26
num_leaves=8
num_cat=0
split_feature=59 7 21 58 8 10 43
split_gain=19.2333 13.2684 14.269 13.6249 4.35847 5.5019 1.5764
threshold=0.45907962322235113 1.7996267676353457 5671.8000488281259 291840.00000000006 1.2574499845504763 -0.00033450000046286727 364924.57812500006
decision_type=2 2 2 2 2 2 2
left_child=4 3 -3 -2 6 -6 -1
right_child=1 2 -4 -5 5 -7 -8
leaf_value=0.06268668226692535 0.0083756681995514753 0.012023839909493027 0.042821309582624548 -0.023901813139261572 0.055596080254011596 -0.0066233140323995899 0.026661031816168863
leaf_weight=23.629786774516109 105.72985585033894 268.50309525430202 43.969910100102425 47.298547208309174 6.6667660027742386 7.3423579484224302 4.0801969170570365
leaf_count=48 332 774 105 170 13 21 11
internal_value=0.0133934 0.0104647 0.0163735 -0.00156809 0.0459519 0.0226292 0.0575625
internal_weight=507.221 465.501 312.473 153.028 41.7191 14.0091 27.71
internal_count=1474 1381 879 502 93 34 59
is_linear=0
shrinkage=0.05


Tree=27
num_leaves=6
num_cat=0
split_feature=26 44 55 56 21
split_gain=18.1996 11.1758 13.7372 6.1857 5.20963
threshold=0.0021107111824676399 1476456.1875000002 -1.1097032427787779 5.3526458740234384 -40782.251953124993
decision_type=2 2 2 2 2
left_child=3 2 -2 -1 -3
right_child=1 4 -4 -5 -6
leaf_value=0.0090182787697077795 -0.028954520315045702 0.10495819078306089 0.011188938362408774 0.063492549975977572 0.028021679350829672
leaf_weight=7.0571749955415752 22.317861586809158 4.367039754986763 445.7368149459362 22.672781705856323 4.9010864347219449
leaf_count=18 82 7 1305 49 13
internal_value=0.0127304 0.0103532 0.00926413 0.0507299 0.0648128
internal_weight=507.053 477.323 468.055 29.73 9.26813
internal_count=1474 1407 1387 67 20
is_linear=0
shrinkage=0.05


Tree=28
num_leaves=7
num_cat=0
split_feature=26 44 9 28 25 47
split_gain=17.31 14.0501 15.167 13.8952 12.0338 8.63148
threshold=0.0035714273108169441 1021393.8437500001 95363104.000000015 212.87500000000003 80822.601562500015 -1.9431869387626646
decision_type=2 2 2 2 2 2
left_child=4 2 -2 -3 5 -1
right_child=1 3 -4 -5 -6 -7
leaf_value=0.084956716265861001 0.0089614480654481091 0.082290141557045893 -0.022841765737095711 -0.022090648165834992 -0.055622856409203447 0.029412666563414264
leaf_weight=7.6990132778882971 345.63560262322426 11.539541721343992 41.980628594756126 4.3119605630636206 3.8727648854255667 91.875894472002983
leaf_count=13 1043 22 145 14 14 223
internal_value=0.0121003 0.00740535 0.00550411 0.0535808 0.030363 0.0337575
internal_weight=506.915 403.468 387.616 15.8515 103.448 99.5749
internal_count=1474 1224 1188 36 250 236
is_linear=0
shrinkage=0.05


Tree=29
num_leaves=6
num_cat=0
split_feature=26 54 47 53 56
split_gain=16.902 11.1272 16.7709 12.266 6.07315
threshold=0.0021107111824676399 -0.77413243055343617 -0.54434001445770253 -2.8738019466400142 5.3526458740234384
decision_type=2 2 2 2 2
left_child=4 2 -2 -3 -1
right_child=1 3 -4 -5 -6
leaf_value=0.0077171996968106995 -0.057532166598729464 -0.030016436041006036 0.0032371971537544738 0.014164571609353678 0.062246295589069883
leaf_weight=6.990739285945895 14.287557691335676 16.294854179024696 54.692384496331215 393.1500760614872 21.421804130077362
leaf_count=18 61 60 184 1102 49
internal_value=0.011497 0.00925902 -0.00927725 0.0123941 0.0490057
internal_weight=506.837 478.425 68.9799 409.445 28.4125
internal_count=1474 1407 245 1162 67
is_linear=0
shrinkage=0.05


Tree=30
num_leaves=6
num_cat=0
split_feature=26 7 21 22 44
split_gain=15.9912 10.9492 17.4671 13.7922 6.26827
threshold=0.0021107111824676399 1.7702225446701052 5671.8000488281259 -13853.595214843748 1830.6199951171877
decision_type=2 2 2 2 2
left_child=4 3 -3 -2 -1
right_child=1 2 -4 -5 -6
leaf_value=0.0058310200095607638 -0.061542264776247593 0.0091430686222861036 0.041970236770066852 0.0014938458278009807 0.061742121031964886
leaf_weight=6.8823197633028057 9.2372110337018949 280.40903207659721 47.54375533759594 141.61728470027447 20.717299520969391
leaf_count=18 40 806 110 451 49
internal_value=0.010933 0.00878704 0.0139173 -0.00233287 0.0479811
internal_weight=506.407 478.807 327.953 150.854 27.5996
internal_count=1474 1407 916 491 67
is_linear=0
shrinkage=0.05


Tree=31
num_leaves=8
num_cat=0
split_feature=59 59 1 46 12 9 37
split_gain=15.2696 10.8826 12.3588 10.4701 4.39755 6.52823 5.99195
threshold=0.45907962322235113 1.8013307452201845 784312.90625000012 0.57472166419029247 26034760.000000004 92133872.000000015 0.23969003558158877
decision_type=2 2 2 2 2 2 2
left_child=4 2 -2 -3 6 -6 -1
right_child=1 3 -4 -5 5 -7 -8
leaf_value=0.044988146653498901 0.020977065120489278 0.051669176007103773 0.0012491897242595962 -0.029373582877587637 0.061632339663577784 0.0037829644047335459 -0.040993007290854727
leaf_weight=4.7142511606216413 104.32060708105564 23.572519198060039 334.85820125043392 4.712459757924079 23.82222239673138 6.3679814636707297 3.5209543704986572
leaf_count=10 274 53 1038 16 54 17 12
internal_value=0.0104 0.00789621 0.00594665 0.0379902 0.0407298 0.0495959 0.00761984
internal_weight=505.889 467.464 439.179 28.285 38.4254 30.1902 8.23521
internal_count=1474 1381 1312 69 93 71 22
is_linear=0
shrinkage=0.05


Tree=32
num_leaves=6
num_cat=0
split_feature=26 54 41 53 44
split_gain=14.4581 9.85824 17.472 11.1327 6.17706
threshold=0.0021107111824676399 -0.77413243055343617 1.6594883203506472 -2.8738019466400142 1830.6199951171877
decision_type=2 2 2 2 2
left_child=4 2 -2 -3 -1
right_child=1 3 -4 -5 -6
leaf_value=0.0043595187396885627 0.00068486084096495764 -0.029650838458628287 -0.070941127458323344 0.012531088313340717 0.060587335567386186
leaf_weight=6.7992623746395138 59.077393665909767 16.222248911857605 9.9223695099353773 394.08835327625275 19.332578659057617
leaf_count=18 197 60 48 1102 49
internal_value=0.00989205 0.00790492 -0.0095427 0.0108512 0.0461487
internal_weight=505.442 479.31 68.9998 410.311 26.1318
internal_count=1474 1407 245 1162 67
is_linear=0
shrinkage=0.05


Tree=33
num_leaves=8
num_cat=0
split_feature=59 22 44 26 12 37 1
split_gain=13.744 10.7102 18.5038 16.4831 4.18946 5.4374 3.14349
threshold=0.45907962322235113 3068.8649902343755 549233.84375000012 0.0064285674598068008 26034760.000000004 0.23969003558158877 2413948.6250000005
decision_type=2 2 2 2 2 2 2
left_child=4 3 -3 -2 5 -1 -6
right_child=1 2 -4 -5 6 -7 -8
leaf_value=0.042636083928185096 0.035729199389442114 -0.0035895369751559451 0.034211414882591037 0.0043619157952083298 0.053550247530900819 -0.039803029233179514 0
leaf_weight=4.5921084582805616 69.700774013996124 255.04323394596577 37.069667235016823 106.01436257362366 25.682382628321651 3.5132983922958374 3.2246024608612052
leaf_count=10 166 795 92 328 60 12 11
internal_value=0.00940988 0.00707631 0.00119036 0.0168328 0.0387706 0.00628588 0.0477062
internal_weight=504.84 467.828 292.113 175.715 37.0124 8.10541 28.907
internal_count=1474 1381 887 494 93 22 71
is_linear=0
shrinkage=0.05


Tree=34
num_leaves=6
num_cat=0
split_feature=26 7 17 23 56
split_gain=13.1862 9.77156 14.483 14.4448 6.19957
threshold=0.0021107111824676399 1.7702225446701052 40597.650390625007 6.5000000000000009 5.3526458740234384
decision_type=2 2 2 2 2
left_child=4 3 -3 -2 -1
right_child=1 2 -4 -5 -6
leaf_value=0.0026060210048140481 0.022626630004567334 0.0052994810609189071 0.028620564300908431 -0.012588584269070047 0.059655944288153379
leaf_weight=6.7058131694793728 39.318533703684807 234.9950934946537 93.316508248448372 111.85826873779297 18.173655152320862
leaf_count=18 111 693 223 380 49
internal_value=0.00895036 0.00709638 0.0119433 -0.00339663 0.0444801
internal_weight=504.368 479.488 328.312 151.177 24.8795
internal_count=1474 1407 916 491 67
is_linear=0
shrinkage=0.05


Tree=35
num_leaves=6
num_cat=0
split_feature=26 1 40 41 44
split_gain=12.4496 9.4396 16.478 16.1224 6.24271
threshold=0.0021107111824676399 784312.90625000012 0.76725015044212352 2.0877022743225102 1830.6199951171877
decision_type=2 2 2 2 2
left_child=4 3 -3 -2 -1
right_child=1 2 -4 -5 -6
leaf_value=0.0015274908709534015 0.012525004711204546 -0.0047396639758536929 0.017648260628246509 0.07193212402248679 0.059246473614372325
leaf_weight=6.6413070559501675 99.908801898360252 242.38080844283104 124.2288506180048 12.964679285883902 17.511538743972778
leaf_count=18 269 772 342 24 49
internal_value=0.00851845 0.00674175 0.00283304 0.0193928 0.0435825
internal_weight=503.636 479.483 366.61 112.873 24.1528
internal_count=1474 1407 1114 293 67
is_linear=0
shrinkage=0.05


Tree=36
num_leaves=8
num_cat=0
split_feature=59 44 11 37 8 10 61
split_gain=11.7739 9.77682 17.1075 16.3147 3.98579 4.56801 3.24308
threshold=0.45907962322235113 596078.03125000012 74.939998626708999 -1.6572601795196531 1.2574499845504763 -0.00033450000046286727 288.59118652343756
decision_type=2 2 2 2 2 2 2
left_child=4 3 -3 -2 6 -6 -1
right_child=1 2 -4 -5 5 -7 -8
leaf_value=0.0050731819366524634 -0.012802869621584105 0.038751664372546908 -0.060463209935612133 0.0094964304636923173 0.045967053514738662 -0.012419570568233652 0.057990301703454178
leaf_weight=3.6961405128240612 111.23750311136246 40.52029550075531 4.8308271020650855 311.26089905202389 6.1055082231760025 7.2219419628381711 18.154323324561119
leaf_count=10 381 97 18 885 13 21 49
internal_value=0.00810559 0.0059952 0.028073 0.00361352 0.0360307 0.0139531 0.0492679
internal_weight=503.027 467.85 45.3511 422.498 35.1779 13.3275 21.8505
internal_count=1474 1381 115 1266 93 34 59
is_linear=0
shrinkage=0.05


Tree=37
num_leaves=6
num_cat=0
split_feature=26 35 37 43 56
split_gain=11.2222 9.27103 15.0921 12.4676 6.05712
threshold=0.0021107111824676399 1.3601065874099734 -1.6572601795196531 461747.82812500006 5.3526458740234384
decision_type=2 2 2 2 2
left_child=4 2 -2 -3 -1
right_child=1 3 -4 -5 -6
leaf_value=0.0006860345207856856 -0.0043729901582016074 -0.0033913911946286943 0.01674016724447866 -0.085819933668077344 0.058353042702998598
leaf_weight=6.5681942999362972 126.94317919015884 95.702047079801559 252.05716378986835 4.8303478211164466 16.273566246032715
leaf_count=18 418 285 684 20 49
internal_value=0.00771212 0.00606894 0.00965529 -0.00740163 0.0419897
internal_weight=502.374 479.533 379 100.532 22.8418
internal_count=1474 1407 1102 305 67
is_linear=0
shrinkage=0.05


Tree=38
num_leaves=8
num_cat=0
split_feature=54 47 41 26 52 27 11
split_gain=10.8469 15.7169 18.6325 10.5339 10.5081 5.97729 4.2175
threshold=-0.77413243055343617 -0.54434001445770253 1.6594883203506472 0.0021107111824676399 0.017752153798937801 1488640.0000000002 70.36999893188478
decision_type=2 2 2 2 2 2 2
left_child=1 5 -3 6 -5 -1 -2
right_child=3 2 -4 4 -6 -7 -8
leaf_value=-0.074794106183781101 0.052951057780935312 0.012947260116157608 -0.07039995401669967 0.013094989343969528 -0.0053617679468336366 0.0016746750335637586 -0.010882141910248801
leaf_weight=11.175733953714369 18.821288332343105 47.372210994362831 7.8089701980352393 308.25547981262207 102.40496025979519 3.1488052904605857 2.8545020073652259
leaf_count=52 55 147 38 857 305 10 10
internal_value=0.00733509 -0.0109634 0.00106176 0.0102885 0.00848032 -0.0576358 0.0443141
internal_weight=501.842 69.5057 55.1812 432.336 410.66 14.3245 21.6758
internal_count=1474 247 185 1227 1162 62 65
is_linear=0
shrinkage=0.05


Tree=39
num_leaves=8
num_cat=0
split_feature=59 59 30 68 12 47 1
split_gain=9.9488 9.52634 10.9881 9.89028 3.85073 3.61455 3.26324
threshold=0.45907962322235113 1.8013307452201845 3.4223927259445195 66.666675567626967 26034760.000000004 -0.23853214085102079 2413948.6250000005
decision_type=2 2 2 2 2 2 2
left_child=4 2 -2 -3 5 -1 -6
right_child=1 3 -4 -5 6 -7 -8
leaf_value=0.02919130117446005 0 0.058626313115479424 0.022515105028937266 -0.00065264212066280726 0.049018357251830166 -0.041342048395567828 -0.0061834467592216851
leaf_weight=4.7533098310232162 376.06968678534031 16.281678557395939 63.383578181266785 12.100904539227484 22.820710182189945 2.9293587207794181 2.8540662080049506
leaf_count=12 1132 34 180 35 60 10 11
internal_value=0.00697623 0.00508256 0.0032567 0.0331766 0.0333849 0.00164651 0.0426873
internal_weight=501.193 467.836 439.453 28.3826 33.3574 7.68267 25.6748
internal_count=1474 1381 1312 69 93 22 71
is_linear=0
shrinkage=0.05


Tree=40
num_leaves=7
num_cat=0
split_feature=7 26 47 60 50 47
split_gain=10.1214 14.8066 18.2101 12.2495 12.1747 11.4845
threshold=1.7996267676353457 0.0064285674598068008 1.2220878601074221 0.015544504392892124 -0.023718039505183693 0.66004285216331493
decision_type=2 2 2 2 2 2
left_child=4 3 -3 -2 -1 -6
right_child=1 2 -4 -5 5 -7
leaf_value=0.079452624871840682 0.025740060295037642 0.0051230913261582885 -0.082394099913714991 -0.063917787470546272 6.3126830153364174e-05 -0.036236400566987771
leaf_weight=4.2910096496343604 145.00523319840431 182.84707568585873 6.1403786838054648 3.8817293047904959 132.82902547717094 26.001883253455162
leaf_count=9 363 545 26 14 419 98
internal_value=0.00663128 0.0115728 0.00225312 0.0233689 -0.00357339 -0.00584791
internal_weight=500.996 337.874 188.987 148.887 163.122 158.831
internal_count=1474 948 571 377 526 517
is_linear=0
shrinkage=0.05


Tree=41
num_leaves=6
num_cat=0
split_feature=26 22 43 44 44
split_gain=9.38597 9.24114 22.5774 14.4457 6.42828
threshold=0.0021107111824676399 3068.8649902343755 56814.929687500007 596078.03125000012 1830.6199951171877
decision_type=2 2 2 2 2
left_child=4 2 -2 -3 -1
right_child=1 3 -4 -5 -6
leaf_value=-0.0022574540598143903 0.032086296271874933 -0.0044018692627854168 -0.0033333491769729478 0.030441431729244628 0.05734244314561341
leaf_weight=6.3230862915515926 87.211240381002426 266.33552837371826 92.465043589472771 33.481568545103073 14.617288038134573
leaf_count=18 218 821 286 82 49
internal_value=0.0063062 0.0048633 0.0138308 -0.000494126 0.0391071
internal_weight=500.434 479.493 179.676 299.817 20.9404
internal_count=1474 1407 504 903 67
is_linear=0
shrinkage=0.05


Tree=42
num_leaves=7
num_cat=0
split_feature=54 41 24 25 52 49
split_gain=9.25909 14.4084 18.3632 10.6225 9.36864 1.93005
threshold=-0.77413243055343617 1.6594883203506472 19.500000000000004 80822.601562500015 0.017752153798937801 0.75597453117370617
decision_type=2 2 2 2 2 2
left_child=1 2 -1 4 -2 -5
right_child=3 -3 -4 5 -6 -7
leaf_value=0.048135556618980252 0.013913779908759721 -0.068522138577593081 -0.017230953073035359 -0.090303087353069286 -0.0031579998985361681 -0.02529496248176917
leaf_weight=14.030612349510191 318.52773906290531 9.3949891775846464 45.792610794305801 2.8726655244827262 106.89101253449917 2.3336370438337326
leaf_count=36 887 48 163 12 320 8
internal_value=0.00599884 -0.0109428 -0.00181667 0.00873364 0.00961256 -0.0621247
internal_weight=499.843 69.2182 59.8232 430.625 425.419 5.2063
internal_count=1474 247 199 1227 1207 20
is_linear=0
shrinkage=0.05


Tree=43
num_leaves=7
num_cat=0
split_feature=7 17 20 28 45 47
split_gain=9.01072 12.9259 15.5128 11.9643 12.4998 11.522
threshold=1.7996267676353457 40597.650390625007 107080.01953125001 1623.6875000000002 -0.51663196086883534 1.2220878601074221
decision_type=2 2 2 2 2 2
left_child=3 5 -3 4 -1 -2
right_child=1 2 -4 -5 -6 -7
leaf_value=0.014961494200619841 0.0055129997549320416 0.042523039791760572 0.0023290968484971819 -0.082082305385092202 -0.01351248014310885 -0.078489267517946326
leaf_weight=66.310565039515495 233.50466704368591 57.098383247852325 41.89172537624836 4.7567430585622779 91.934400603175163 4.1488428711891165
leaf_count=193 681 128 121 20 313 18
internal_value=0.00569732 0.0103737 0.0255638 -0.00393003 -0.00154922 0.00402549
internal_weight=499.645 336.644 98.9901 163.002 158.245 237.654
internal_count=1474 948 249 526 506 699
is_linear=0
shrinkage=0.05


Tree=44
num_leaves=6
num_cat=0
split_feature=26 53 1 23 44
split_gain=8.8709 9.31721 9.55232 6.70879 6.20329
threshold=0.0021107111824676399 -2.8738019466400142 784312.90625000012 289.00000000000006 1830.6199951171877
decision_type=2 2 2 2 2
left_child=4 3 -3 -2 -1
right_child=1 2 -4 -5 -6
leaf_value=-0.0023431706807929267 -0.054656114314932114 0.018521757671875912 0.0014223138488681708 0.013885880912121871 0.056784452566997851
leaf_weight=6.3044171631336239 11.252452194690706 106.25307382643223 356.52045963704586 5.0788324028253546 13.794125363230703
leaf_count=18 46 271 1076 14 49
internal_value=0.00541684 0.00404001 0.00535916 -0.0330342 0.0379888
internal_weight=499.203 479.105 462.774 16.3313 20.0985
internal_count=1474 1407 1347 60 67
is_linear=0
shrinkage=0.05


Tree=45
num_leaves=6
num_cat=0
split_feature=57 59 43 35 40
split_gain=8.6206 8.14445 10.0542 9.14077 0.208472
threshold=0.30349025130271917 1.8013307452201845 56814.929687500007 1.5739601850509646 -1.0000000180025095e-35
decision_type=2 2 2 2 2
left_child=4 2 -2 -3 -1
right_child=1 3 -4 -5 -6
leaf_value=0.045471665637127401 0.010189791523683159 0.042896767656560232 -0.0045486945780371111 -0.03395307741235782 0.069227165510700725
leaf_weight=4.0433749407529831 228.13908007740974 23.756514936685566 234.29431258141994 4.5487693995237342 3.7169630974531165
leaf_count=16 649 54 732 15 8
internal_value=0.005155 0.00431714 0.00271165 0.0303701 0.0574941
internal_weight=498.499 490.739 462.433 28.3053 7.76034
internal_count=1474 1450 1381 69 24
is_linear=0
shrinkage=0.05


Tree=46
num_leaves=7
num_cat=0
split_feature=26 59 9 71 47 34
split_gain=8.11566 13.2324 15.0015 13.3416 9.28906 9.8646
threshold=0.0035714273108169441 0.83128693699836742 95363104.000000015 259869.42187500003 -1.9431869387626646 1.4309482574462893
decision_type=2 2 2 2 2 2
left_child=4 2 -2 -3 -1 -6
right_child=1 3 -4 -5 5 -7
leaf_value=0.073671032063350475 -0.0071323941491459632 0.0041048264056101078 -0.069094873310529659 0.045688370906155303 0.018780663002717697 -0.043713228872831911
leaf_weight=7.0446299463510504 85.389698714017868 289.35561187565327 11.077482387423514 20.71217679977417 77.833845347166061 6.8305495679378501
leaf_count=14 272 857 46 49 210 26
internal_value=0.00490081 0.00185625 -0.0142995 0.00689869 0.0183425 0.0136797
internal_weight=498.244 406.535 96.4672 310.068 91.709 84.6644
internal_count=1474 1224 318 906 250 236
is_linear=0
shrinkage=0.05


Tree=47
num_leaves=8
num_cat=0
split_feature=54 71 66 71 25 26 49
split_gain=8.02727 13.8417 16.6964 14.1563 9.74442 10.5393 1.82288
threshold=-0.77413243055343617 155361.82812500003 -1.7396967411041258 67206.734375000015 80822.601562500015 0.0021107111824676399 0.75597453117370617
decision_type=2 2 2 2 2 2 2
left_child=1 3 -3 -1 5 -2 -6
right_child=4 2 -4 -5 6 -7 -8
leaf_value=0.0029958213669750993 0.045720819626470732 -0.071421143521755923 0.046018423718756564 -0.050604631259906586 -0.088477518526938748 0.0063887082044253186 -0.024980728207031826
leaf_weight=22.973710268735886 17.834409296512604 3.696216985583308 16.184066295623779 26.150124967098236 2.846181869506835 405.85759334266186 2.3264912068843842
leaf_count=76 62 18 42 111 12 1145 8
internal_value=0.00465917 -0.0111401 0.0239321 -0.0254356 0.00721293 0.00805611 -0.0608855
internal_weight=497.869 69.0041 19.8803 49.1238 428.865 423.692 5.17267
internal_count=1474 247 60 187 1227 1207 20
is_linear=0
shrinkage=0.05


Tree=48
num_leaves=8
num_cat=0
split_feature=61 55 59 26 71 8 67
split_gain=7.34839 12.9191 12.6768 12.3787 12.0086 11.9944 11.0313
threshold=217.31745147705081 -0.57434883713722218 0.83128693699836742 0.0021107111824676399 259869.42187500003 2.295499444007874 -3.0186003446578975
decision_type=2 2 2 2 2 2 2
left_child=2 3 5 -2 -4 -1 -3
right_child=1 6 4 -5 -6 -7 -8
leaf_value=-0.0205121636079462 0.053241853321122357 0.055483971950199273 0.0031716851962758151 -0.081229439254285468 0.04251971205973637 0.074533131167676583 0.012896401364089573
leaf_weight=77.373445525765419 2.3353250473737699 18.911625668406487 287.425144135952 6.0806327760219574 20.836608827114105 3.4483105391263953 80.705664217472076
leaf_count=266 10 39 855 26 49 7 222
internal_value=0.0044316 0.0159721 0.00121441 -0.0433212 0.00584759 -0.0163951 0.0210315
internal_weight=497.117 108.033 389.084 8.41596 308.262 80.8218 99.6173
internal_count=1474 297 1177 36 904 273 261
is_linear=0
shrinkage=0.05


Tree=49
num_leaves=8
num_cat=0
split_feature=7 58 2 19 26 47 26
split_gain=7.77887 11.5255 12.4266 12.1734 11.0989 15.7452 12.1781
threshold=1.7996267676353457 291840.00000000006 1818535.6250000002 26550.759765625004 0.0064285674598068008 1.2220878601074221 0.0057142823934555062
decision_type=2 2 2 2 2 2 2
left_child=1 3 -3 -1 6 -6 -2
right_child=4 2 -4 -5 5 -7 -8
leaf_value=0.015165413060352954 0.013137367662326774 -0.05287058396979144 -0.0023241850568384839 -0.020264511329439874 0.0032086758960090593 -0.07946457743371714 0.055234813882864442
leaf_weight=77.573141515254974 124.78434352576733 22.006938204169273 27.662145644426346 35.197729140520096 183.21723814308643 5.9451081752777091 20.066307604312897
leaf_count=225 337 88 89 124 545 26 40
internal_value=0.00421693 -0.00473804 -0.0248205 0.00406279 0.00858696 0.000583939 0.0190037
internal_weight=496.453 162.44 49.6691 112.771 334.013 189.162 144.851
internal_count=1474 526 177 349 948 571 377
is_linear=0
shrinkage=0.05


Tree=50
num_leaves=6
num_cat=0
split_feature=57 44 55 21 40
split_gain=7.51606 7.34962 8.79109 6.34175 0.192686
threshold=0.30349025130271917 1476456.1875000002 -1.1097032427787779 -33490.949218749993 -0.65664070844650257
decision_type=2 2 2 2 2
left_child=4 2 -2 -3 -1
right_child=1 3 -4 -5 -6
leaf_value=0.038922147721007799 -0.027243350988160733 0.084581462784172987 0.0039418584858486221 0.0011345160535218923 0.063866840771572841
leaf_weight=2.6473075896501541 23.750986665487289 5.1273690164089203 455.61916902661324 4.3175924569368345 4.4235488027334204
leaf_count=11 87 8 1343 12 13
internal_value=0.00400912 0.0032579 0.00238632 0.0469646 0.0552347
internal_weight=495.886 488.815 479.37 9.44496 7.07086
internal_count=1474 1450 1430 20 24
is_linear=0
shrinkage=0.05


Tree=51
num_leaves=6
num_cat=0
split_feature=57 22 43 44 11
split_gain=7.07382 7.27433 18.6238 12.0207 0.175027
threshold=0.30349025130271917 3068.8649902343755 56814.929687500007 596078.03125000012 61.834999084472663
decision_type=2 2 2 2 2
left_child=4 2 -2 -3 -1
right_child=1 3 -4 -5 -6
leaf_value=0.063004403228407307 0.027389289629887705 -0.0050850606289900265 -0.0045839906140596005 0.026483125976110494 0.038363687217048172
leaf_weight=4.2375106811523429 88.920703738927841 273.08934396505356 92.912076562643051 33.878757998347282 2.5969728082418442
leaf_count=13 225 851 290 84 11
internal_value=0.00381272 0.00309555 0.0110242 -0.00158473 0.054373
internal_weight=495.635 488.801 181.833 306.968 6.83448
internal_count=1474 1450 515 935 24
is_linear=0
shrinkage=0.05


Tree=52
num_leaves=7
num_cat=0
split_feature=1 71 47 51 28 11
split_gain=7.12774 13.4826 12.7934 16.6014 12.9929 11.4636
threshold=3259016.8750000005 356881.07812500006 0.48443967103958135 -0.027832408435642716 835.81250000000011 31.904999732971195
decision_type=2 2 2 2 2 2
left_child=1 5 4 -4 -2 -1
right_child=2 -3 3 -5 -6 -7
leaf_value=-0.012471800486431787 0.01097107711370815 0.090807503405864673 0.019987061872232752 -0.067861509992974453 -0.044623890716052064 0.0097077591059793866
leaf_weight=71.144051119685173 64.137734025716782 4.7126794904470435 7.821316301822665 16.698130637407303 12.560308799147604 318.17540867626667
leaf_count=237 187 9 22 68 45 906
internal_value=0.00362596 0.00667312 -0.00818697 -0.0396353 0.00180148 0.00564183
internal_weight=495.25 394.032 101.217 24.5194 76.698 389.319
internal_count=1474 1152 322 90 232 1143
is_linear=0
shrinkage=0.05


Tree=53
num_leaves=8
num_cat=0
split_feature=35 5 53 27 37 17 63
split_gain=7.02704 13.6163 16.1136 14.1302 12.5023 15.9488 15.9463
threshold=1.3601065874099734 33285.433593750007 1.7788420319557192 2250720.0000000005 -1.6572601795196531 62330.550781250007 3.8515138626098637
decision_type=2 2 2 2 2 2 2
left_child=4 2 -2 -3 5 -1 -6
right_child=1 3 -4 -5 6 -7 -8
leaf_value=-0.01419805158566604 -0.036173585138587844 0.052249628583178498 0.0094261703704287495 -0.027179914748944212 0.0098325728989538189 0.031790518629067489 0.063628421087208037
leaf_weight=107.2233447432518 48.514526724815369 16.035464867949489 32.013958632946014 8.5114903002977353 245.27068234980106 22.831796586513519 14.645016357302664
leaf_count=367 170 38 92 28 683 65 31
internal_value=0.00344469 -0.00801015 -0.0179834 0.0245043 0.00654396 -0.00608609 0.012883
internal_weight=495.046 105.075 80.5285 24.547 389.971 130.055 259.916
internal_count=1474 328 262 66 1146 432 714
is_linear=0
shrinkage=0.05


Tree=54
num_leaves=8
num_cat=0
split_feature=54 47 41 25 26 27 49
split_gain=6.92011 14.5205 15.2088 8.71912 9.0496 4.94937 1.65191
threshold=-0.77413243055343617 -0.54434001445770253 1.6594883203506472 80822.601562500015 0.0021107111824676399 1488640.0000000002 0.75597453117370617
decision_type=2 2 2 2 2 2 2
left_child=1 5 -3 4 -2 -1 -5
right_child=3 2 -4 6 -6 -7 -8
leaf_value=-0.073188684873271168 0.043023059454022655 0.010450219951667443 -0.067309332680835388 -0.085720798190135394 0.0049701458652935222 -0.00012818241053784264 -0.024680305144712325
leaf_weight=10.762355402112005 16.299922227859497 47.479431167244911 7.2479475438594809 2.8051582872867575 404.54179327189922 3.129787176847457 2.3067641407251358
leaf_count=52 62 147 38 12 1145 10 8
internal_value=0.00327503 -0.0114365 6.0591e-05 0.00565675 0.00645588 -0.0570887 -0.0591543
internal_weight=494.573 68.6195 54.7274 425.954 420.842 13.8921 5.11192
internal_count=1474 247 185 1227 1207 62 20
is_linear=0
shrinkage=0.05


Tree=55
num_leaves=6
num_cat=0
split_feature=7 7 3 21 23
split_gain=6.86821 7.95232 11.4306 10.5073 4.34305
threshold=3.6177406311035161 1.7996267676353457 -1364380.3124999998 5671.8000488281259 87.500000000000014
decision_type=2 2 2 2 2
left_child=1 2 -1 -3 -2
right_child=4 3 -4 -5 -6
leaf_value=0.03139896181046959 -0.083772241234432249 0.0046214937603691877 -0.010086352089641582 0.030398799557855977 0
leaf_weight=18.744098752737045 3.6797644793987265 279.47220987081528 143.13277821242809 46.215274810791016 2.4909020811319351
leaf_count=54 16 809 472 116 7
internal_value=0.00311388 0.00378683 -0.00525178 0.00829466 -0.0492481
internal_weight=493.735 487.564 161.877 325.687 6.17067
internal_count=1474 1451 526 925 23
is_linear=0
shrinkage=0.05


Tree=56
num_leaves=8
num_cat=0
split_feature=35 37 60 5 10 43 60
split_gain=6.69083 18.623 18.4092 15.2044 15.7755 15.4712 15.0421
threshold=0.76030609011650097 -1.1383492946624754 -0.0066608102060854426 33285.433593750007 -0.00020049999875482169 416191.37500000006 0.0060210989322513351
decision_type=2 2 2 2 2 2 2
left_child=1 6 -3 4 -2 -5 -1
right_child=3 2 -4 5 -6 -7 -8
leaf_value=0.0014450328658621682 -0.02470026515904615 -0.039411862215871875 0.027982508367244852 0.033311565213674864 0.0109778987629481 -0.06240516194033912 -0.051303807701056914
leaf_weight=172.22645135223866 91.840509474277496 11.040561839938162 116.39262808859348 36.049791559576988 46.529256969690323 4.7507390826940528 14.654754370450972
leaf_count=545 310 39 291 90 126 18 55
internal_value=0.00295971 0.0073616 0.0221044 -0.00473453 -0.0126667 0.0220439 -0.00266464
internal_weight=493.485 314.314 127.433 179.17 138.37 40.8005 186.881
internal_count=1474 930 330 544 436 108 600
is_linear=0
shrinkage=0.05


Tree=57
num_leaves=7
num_cat=0
split_feature=47 70 21 3 40 59
split_gain=6.59529 15.1826 11.66 14.8445 10.938 7.4998
threshold=1.2220878601074221 201875.10156250003 5671.8000488281259 -1364380.3124999998 0.76725015044212352 0.7703172266483308
decision_type=2 2 2 2 2 2
left_child=2 5 4 -4 -1 -2
right_child=1 -3 3 -5 -6 -7
leaf_value=-0.0041944423031590088 -0.0061565502550128817 0.030697411419074557 -0.076658020237280383 0.035653922099630107 0.012808842860142864 -0.087893750152236994
leaf_weight=285.62995557487011 4.5165971368551281 7.4878040552139273 3.1328511834144583 42.956243753433228 141.29901723563671 8.0580824017524701
leaf_count=895 15 19 14 108 388 35
internal_value=0.00281295 -0.0252314 0.00401299 0.0279112 0.00142136 -0.0589329
internal_weight=493.081 20.0625 473.018 46.0891 426.929 12.5747
internal_count=1474 69 1405 122 1283 50
is_linear=0
shrinkage=0.05


Tree=58
num_leaves=5
num_cat=0
split_feature=26 35 37 5
split_gain=6.43744 7.22455 16.9911 14.3616
threshold=0.00071428823866881441 0.76030609011650097 -1.1383492946624754 33285.433593750007
decision_type=2 2 2 2
left_child=-1 2 -2 -3
right_child=1 3 -4 -5
leaf_value=0.056784174474238551 -0.0030009634958412992 -0.013874384281296732 0.020728770249963432 0.020209228042319224
leaf_weight=5.4425620436668387 185.38623164594173 135.04655310511589 126.8565149307251 39.991237163543701
leaf_count=22 594 425 329 104
internal_value=0.00267249 0.00205784 0.00662383 -0.00605867
internal_weight=492.723 487.281 312.243 175.038
internal_count=1474 1452 923 529
is_linear=0
shrinkage=0.05


Tree=59
num_leaves=8
num_cat=0
split_feature=63 21 18 64 23 44 19
split_gain=6.38523 16.5006 13.6755 11.7184 15.3069 11.1812 2.34397
threshold=3.8515138626098637 438.85083007812506 6896.5000000000009 1.7909263968467715 132.50000000000003 596078.03125000012 20890.834960937504
decision_type=2 2 2 2 2 2 2
left_child=3 2 -2 5 -5 -1 -3
right_child=1 6 -4 4 -6 -7 -8
leaf_value=0.0025885712411099424 0.0596865676849829 -0.085616083011227639 -0.021229923066247148 -0.0079368399618625751 -0.081459172836602478 0.03264525031975328 -0.014848899985326784
leaf_weight=311.20153108239174 20.765371859073642 3.0584851503372184 6.8685927540063849 106.11806416511536 7.6126606166362754 34.434459254145622 2.2093982100486755
leaf_count=925 47 13 24 341 33 83 8
internal_value=0.00254182 0.0238264 0.0393933 0.00100644 -0.0129021 0.00559748 -0.0568848
internal_weight=492.269 32.9018 27.634 459.367 113.731 345.636 5.26788
internal_count=1474 92 71 1382 374 1008 21
is_linear=0
shrinkage=0.05


Tree=60
num_leaves=7
num_cat=0
split_feature=59 43 13 22 46 35
split_gain=6.31018 8.92433 25.3653 14.0076 8.15726 6.7487
threshold=1.8013307452201845 56814.929687500007 53633798.000000007 3068.8649902343755 0.57472166419029247 1.5739601850509646
decision_type=2 2 2 2 2 2
left_child=1 3 -3 -1 5 -2
right_child=4 2 -4 -5 -6 -7
leaf_value=0.023626006224583107 0.049465386571454405 -0.016215499623290639 0.020332178937966999 -0.001702965166298271 -0.034551459500167907 -0.02277325740780263
leaf_weight=88.453466847538948 19.593583479523666 167.68512338399887 66.138083249330521 141.70564775168896 4.6361989229917517 3.7688556164503089
leaf_count=229 41 561 179 436 16 12
internal_value=0.00241331 0.00101106 -0.00585642 0.0080096 0.0254722 0.0375977
internal_weight=491.981 463.982 233.823 230.159 27.9986 23.3624
internal_count=1474 1405 740 665 69 53
is_linear=0
shrinkage=0.05


Tree=61
num_leaves=6
num_cat=0
split_feature=7 1 22 72 23
split_gain=6.20686 6.89589 12.4397 10.2693 3.8544
threshold=3.6177406311035161 3259016.8750000005 19198.550781250004 -1042600.0937499999 87.500000000000014
decision_type=2 2 2 2 2
left_child=1 3 -3 -1 -2
right_child=4 2 -4 -5 -6
leaf_value=0.0067444996573312113 -0.080918421564761145 -0.028079720714225476 0.0073981517883331925 -0.079712759839652675 0
leaf_weight=382.89677314460278 3.5994627922773352 45.469204127788544 53.776880577206612 3.4575654864311209 2.4614107012748718
leaf_count=1118 16 159 159 15 7
internal_value=0.0022929 0.00293023 -0.00880552 0.00595783 -0.0479454
internal_weight=491.661 485.6 99.2461 386.354 6.06087
internal_count=1474 1451 318 1133 23
is_linear=0
shrinkage=0.05


Tree=62
num_leaves=8
num_cat=0
split_feature=47 57 22 43 40 70 23
split_gain=6.24116 13.759 8.79717 14.9357 10.2092 8.71038 8.65566
threshold=1.2220878601074221 0.7498668134212495 3068.8649902343755 56814.929687500007 -2.3778077363967891 216958.09375000003 289.00000000000006
decision_type=2 2 2 2 2 2 2
left_child=2 6 3 -1 -4 -3 -2
right_child=1 5 4 -5 -6 -7 -8
leaf_value=0.027886188629572862 -0.029104726584853958 -0.084877546947125543 0.029659677534410719 -0.0022957560374276208 -0.0042769957582801275 0.0099940373756708858 0.075995381790087912
leaf_weight=81.473471507430077 3.6438790112733868 8.7786496579647046 24.018281400203705 81.926326796412468 284.26339563727379 3.2157097458839408 4.1265370398759842
leaf_count=204 13 39 62 255 884 9 8
internal_value=0.00217736 -0.0253192 0.00334014 0.0127228 -0.00161676 -0.0590254 0.026066
internal_weight=491.446 19.7648 471.681 163.4 308.282 11.9944 7.77042
internal_count=1474 69 1405 459 946 48 21
is_linear=0
shrinkage=0.05


Tree=63
num_leaves=8
num_cat=0
split_feature=71 42 49 1 26 47 1
split_gain=6.21096 14.5829 11.5842 7.45316 7.05507 9.28112 9.02119
threshold=241573.69531250003 -0.0001354999985778704 0.75597453117370617 3053384.6250000005 0.0035714273108169441 -1.9431869387626646 570289.93750000012
decision_type=2 2 2 2 2 2 2
left_child=4 2 -2 -3 5 -1 -6
right_child=1 3 -4 -5 6 -7 -8
leaf_value=0.069922176563712524 0.013010896476576493 0.097611363038031154 -0.085867447424108193 0.023781741418932637 0.019116721096293816 0.0085752735653657642 -0.0052863920501027631
leaf_weight=6.7266466468572608 16.362902298569683 7.1612273007631284 3.6096518933773032 6.9654398113489151 42.760064244270325 79.340052679181099 328.12470696866512
leaf_count=14 47 11 16 18 109 233 1026
internal_value=0.00206934 0.0226578 -0.0046091 0.0615621 0.000522027 0.013428 -0.00245943
internal_weight=491.051 34.0992 19.9726 14.1267 456.951 86.0667 370.885
internal_count=1474 92 63 29 1382 247 1135
is_linear=0
shrinkage=0.05


Tree=64
num_leaves=5
num_cat=0
split_feature=26 35 37 48
split_gain=6.11688 6.56018 14.8667 14.0488
threshold=0.00071428823866881441 0.76030609011650097 -1.1383492946624754 -0.65358641743659962
decision_type=2 2 2 2
left_child=-1 2 -2 -3
right_child=1 3 -4 -5
leaf_value=0.056269357914219581 -0.0032697712130557244 0.01272976354552474 0.018974377553973552 -0.016905741806897332
leaf_weight=5.1368638128042212 184.7060951590538 61.863050818443298 126.26827557384968 112.52615460753441
leaf_count=22 594 172 329 357
internal_value=0.00196968 0.00138469 0.00574618 -0.00636413
internal_weight=490.5 485.364 310.974 174.389
internal_count=1474 1452 923 529
is_linear=0
shrinkage=0.05


Tree=65
num_leaves=8
num_cat=0
split_feature=64 29 48 51 8 9 3
split_gain=5.99609 23.4974 16.6995 17.3841 12.2812 11.8929 9.25212
threshold=3.2774587869644169 2.2744284868240361 -0.85044074058532704 -0.0091885081492364389 2.295499444007874 95363104.000000015 -40055.298828124993
decision_type=2 2 2 2 2 2 2
left_child=1 6 3 -2 -3 -4 -1
right_child=2 4 5 -5 -6 -7 -8
leaf_value=0.01166611972163515 -0.038482829239209232 -0.054451841330417285 0.0105561290305216 0.091919675350462068 0.01016957486824676 -0.061788154602925055 -0.0041202746779474718
leaf_weight=174.59350195527077 3.2341606765985498 28.52555938065052 58.762637481093407 11.38695070147514 9.7412799894809705 6.2806489020586005 197.5544399023056
leaf_count=502 12 112 174 19 28 25 602
internal_value=0.00187339 -0.000551526 0.0144288 0.0627329 -0.037871 0.00349362 0.00327249
internal_weight=490.079 410.415 79.6644 14.6211 38.2668 65.0433 372.148
internal_count=1474 1244 230 31 140 199 1104
is_linear=0
shrinkage=0.05


Tree=66
num_leaves=7
num_cat=0
split_feature=12 68 28 1 70 43
split_gain=6.36635 15.0216 11.2215 7.309 11.6593 10.1969
threshold=15854606.000000002 99.999988555908217 -756.93749999999989 2917997.7500000005 201875.10156250003 24280.714843750004
decision_type=2 2 2 2 2 2
left_child=1 2 -1 4 -2 -5
right_child=3 -3 -4 5 -6 -7
leaf_value=0.034027450016948041 0.0030279313583303495 0.046269223926389547 -0.03406121543499066 0.018519496104091867 0.027171650901967926 -0.015860264438516639
leaf_weight=6.9775390624999991 256.05663059651852 8.8193087726831418 42.748355835676193 28.905530273914337 62.34427697956562 84.041248917579651
leaf_count=17 754 18 153 79 172 281
internal_value=0.00177824 -0.0136744 -0.0244065 0.00388716 0.00777108 -0.00701747
internal_weight=489.893 58.5452 49.7259 431.348 318.401 112.947
internal_count=1474 188 170 1286 926 360
is_linear=0
shrinkage=0.05


Tree=67
num_leaves=6
num_cat=0
split_feature=44 58 48 25 57
split_gain=5.91586 7.45744 19.0417 9.27025 5.46904
threshold=1476456.1875000002 808032.00000000012 1.8343454599380495 80822.601562500015 1.5614702701568606
decision_type=2 2 2 2 2
left_child=1 3 -3 -1 -2
right_child=4 2 -4 -5 -6
leaf_value=0.0043020054407627677 0 -0.023009660549034791 0.071542950733627611 -0.060793157593845661 0.076618210528476116
leaf_weight=408.29329609870911 4.3032987564802152 60.493837013840675 5.8189495950937262 5.5352851003408423 5.0185837745666504
leaf_count=1208 12 212 12 22 8
internal_value=0.00169159 0.000915011 -0.0146373 0.00341922 0.0411543
internal_weight=489.463 480.141 66.3128 413.829 9.32188
internal_count=1474 1454 224 1230 20
is_linear=0
shrinkage=0.05


Tree=68
num_leaves=7
num_cat=0
split_feature=47 63 57 21 7 3
split_gain=6.06858 12.256 10.0581 9.49811 13.9548 9.79637
threshold=1.2220878601074221 0.97464391589164745 0.78056317567825328 5671.8000488281259 1.8333546519279482 -1364380.3124999998
decision_type=2 2 2 2 2 2
left_child=3 2 -2 5 -5 -1
right_child=1 -3 -4 4 -6 -7
leaf_value=0.028678920690750682 0.051084319115670178 -0.076991091294534034 -0.040231608641608588 -0.017187867015910668 0.042853888298402865 -0.0016197508670392627
leaf_weight=28.600762873888016 5.9891192466020602 7.29719553887844 6.049391582608223 13.808808863162993 31.597125679254532 395.89675524830818
leaf_count=80 14 34 21 51 71 1203
internal_value=0.00160751 -0.0258199 0.00478243 0.00274674 0.0244839 0.000409861
internal_weight=489.239 19.3357 12.0385 469.903 45.4059 424.498
internal_count=1474 69 35 1405 122 1283
is_linear=0
shrinkage=0.05


Tree=69
num_leaves=8
num_cat=0
split_feature=59 30 12 64 68 37 70
split_gain=5.81265 7.81215 15.717 13.9951 7.74818 8.5647 4.24139
threshold=1.8013307452201845 3.4223927259445195 27104431.000000004 1.7909263968467715 66.666675567626967 0.6485247313976289 81825.921875000015
decision_type=2 2 2 2 2 2 2
left_child=1 3 -3 -1 6 -6 -2
right_child=4 2 -4 -5 5 -7 -8
leaf_value=0.0022121147586290544 0.079873413687675143 0.03110488950497562 -0.02567823264037071 -0.021391472450285894 0.027474034769735263 -0.059158156797007699 0.025514966444571699
leaf_weight=319.34370097517967 6.0815977752208736 47.295045286417007 16.323384404182434 78.105924099683762 7.1928225606679899 4.7044118344783783 9.7544229626655561
leaf_count=953 10 124 56 272 17 18 24
internal_value=0.00152726 0.000179097 0.0164567 -0.00241383 0.0237604 -0.00636185 0.0467063
internal_weight=488.801 461.068 63.6184 397.45 27.7333 11.8972 15.836
internal_count=1474 1405 180 1225 69 35 34
is_linear=0
shrinkage=0.05


Tree=70
num_leaves=5
num_cat=0
split_feature=26 45 48 48
split_gain=5.78787 6.36614 10.3345 5.56941
threshold=0.00071428823866881441 -1.1114233136177061 -0.94268098473548878 -1.0358015894889829
decision_type=2 2 2 2
left_child=-1 3 -3 -2
right_child=1 2 -4 -5
leaf_value=0.055779528186888298 -0.087950656831061347 0.026510024618479257 -0.0005962697913386685 0.0066147912497189834
leaf_weight=4.8567415475845328 3.7428322434425354 38.19863548874855 439.14533307403326 2.5073887854814521
leaf_count=22 16 99 1330 7
internal_value=0.00145174 0.00089579 0.00156239 -0.0492141
internal_weight=488.451 483.594 477.344 6.25022
internal_count=1474 1452 1429 23
is_linear=0
shrinkage=0.05


Tree=71
num_leaves=6
num_cat=0
split_feature=71 54 47 10 34
split_gain=5.71342 8.28767 11.5188 10.4941 7.66251
threshold=356881.07812500006 -0.8731882870197295 -0.54434001445770253 0.00053750001825392257 -0.57842567563056935
decision_type=2 2 2 2 2
left_child=1 2 -1 -3 -2
right_child=4 3 -4 -5 -6
leaf_value=-0.061994224549846988 0.076413718863403826 0.0052962054508769356 -0.00584691755545048 -0.024617041741643916 -0.014533966226112039
leaf_weight=11.5117991566658 5.7199339866638184 390.05430614203215 45.546205095946789 31.662710562348366 3.7566642910242063
leaf_count=55 11 1131 161 104 12
internal_value=0.00138019 0.000608627 -0.0172626 0.00303845 0.0398331
internal_weight=488.252 478.775 57.058 421.717 9.4766
internal_count=1474 1451 216 1235 23
is_linear=0
shrinkage=0.05


Tree=72
num_leaves=7
num_cat=0
split_feature=55 28 9 8 2 64
split_gain=5.76806 13.3845 8.12504 6.42651 18.9161 9.28231
threshold=-1.1097032427787779 -1147.7499999999998 64192630.000000007 2.295499444007874 804750.81250000012 1.7909263968467715
decision_type=2 2 2 2 2 2
left_child=1 -1 -3 5 -5 -2
right_child=3 2 -4 4 -6 -7
leaf_value=0.039202677918253194 0.0050543515303495537 -0.0067926011734473551 -0.072378199243761751 -0.067295639902661464 0.03649152440228897 -0.012166837324587551
leaf_weight=6.6658968478441265 320.76263580471277 8.8836187720298785 10.542327776551245 5.0466918945312491 32.553617790341377 103.44382141530514
leaf_count=17 932 32 47 19 81 346
internal_value=0.00130953 -0.0215415 -0.0426428 0.00261143 0.0224283 0.000843134
internal_weight=487.899 26.0918 19.4259 461.807 37.6003 424.206
internal_count=1474 96 79 1378 100 1278
is_linear=0
shrinkage=0.05


Tree=73
num_leaves=6
num_cat=0
split_feature=72 70 34 41 28
split_gain=5.74755 7.76845 6.19085 16.2411 13.9955
threshold=-2635096.4999999995 156356.32031250003 0.67634403705596935 2.0877022743225102 611.00000000000011
decision_type=2 2 2 2 2
left_child=1 -1 4 -4 -2
right_child=2 -3 3 -5 -6
leaf_value=-0.085618474262464661 -0.00062863710238007429 0.026668900261090714 0.004748037331250142 0.059421816836220422 -0.0727550066503172
leaf_weight=4.252571925520896 307.90076978504658 2.3275116831064224 151.23427924513817 14.962515875697134 6.8803670257329932
leaf_count=18 942 6 448 31 29
internal_value=0.00124293 -0.0451402 0.00188788 0.00970034 -0.00222103
internal_weight=487.558 6.58008 480.978 166.197 314.781
internal_count=1474 24 1450 479 971
is_linear=0
shrinkage=0.05


Tree=74
num_leaves=7
num_cat=0
split_feature=47 70 21 7 40 57
split_gain=5.67776 11.7676 8.59178 12.5131 9.48894 7.15552
threshold=1.2220878601074221 201875.10156250003 5671.8000488281259 1.8333546519279482 0.76725015044212352 0.78056317567825328
decision_type=2 2 2 2 2 2
left_child=2 5 4 -4 -1 -2
right_child=1 -3 3 -5 -6 -7
leaf_value=-0.0051975189008857392 0.0012808722757565083 0.024933840835121707 -0.016453920835830197 0.040549197114723629 0.01071122102065932 -0.081648442655619158
leaf_weight=283.19753743708134 3.6170973256230381 7.0898349583148947 13.756148062646387 31.30043338239193 140.09654554724693 8.3010526895523054
leaf_count=895 12 19 51 71 388 38
internal_value=0.00118021 -0.025587 0.00227724 0.0230347 5.59434e-05 -0.0560603
internal_weight=487.359 19.008 468.351 45.0566 423.294 11.9182
internal_count=1474 69 1405 122 1283 50
is_linear=0
shrinkage=0.05


Tree=75
num_leaves=6
num_cat=0
split_feature=40 28 55 23 70
split_gain=5.54938 9.73516 9.06832 7.03098 6.5578
threshold=-3.1324563026428218 -46.062499999999993 -1.1097032427787779 82.500000000000014 280379.26562500006
decision_type=2 2 2 2 2
left_child=1 -1 3 -2 -4
right_child=2 -3 4 -5 -6
leaf_value=0.070339389819874434 -0.056323360554404824 -0.036254639767533042 -0.00015151281546303089 -0.0013255647003187904 0.019265624067981418
leaf_weight=7.0363694578409195 12.16996678709984 3.0104904770851117 404.41461530327797 11.487563744187353 48.658385917544365
leaf_count=13 50 11 1221 42 137
internal_value=0.00112222 0.0379014 0.000336625 -0.029829 0.00192278
internal_weight=486.777 10.0469 476.731 23.6575 453.073
internal_count=1474 24 1450 92 1358
is_linear=0
shrinkage=0.05


Tree=76
num_leaves=6
num_cat=0
split_feature=57 72 1 44 37
split_gain=5.50192 5.86043 10.8123 6.02742 0.174687
threshold=0.30349025130271917 -2587493.3749999995 1081504.0000000002 596078.03125000012 0.6485247313976289
decision_type=2 2 2 2 2
left_child=4 2 -2 -3 -1
right_child=1 3 -4 -5 -6
leaf_value=0.058391655654978669 0.020918081111552109 -0.00015482915694959681 -0.053258305937559161 0.019548278217033865 0.03084110932110265
leaf_weight=3.7815654724836341 7.7460033595562008 417.40222141891718 13.089711382985113 42.74254347383976 1.8278671503067014
leaf_count=15 20 1269 51 110 9
internal_value=0.00106455 0.00047988 -0.0254421 0.00166451 0.0503055
internal_weight=486.59 480.98 20.8357 460.145 5.60943
internal_count=1474 1450 71 1379 24
is_linear=0
shrinkage=0.05


Tree=77
num_leaves=6
num_cat=0
split_feature=7 47 63 21 19
split_gain=5.44263 5.77053 10.5139 8.18345 3.32346
threshold=3.6177406311035161 1.2220878601074221 0.97464391589164745 5671.8000488281259 22123.440429687504
decision_type=2 2 2 2 2
left_child=1 3 -3 -1 -2
right_child=4 2 -4 -5 -6
leaf_value=0.00052311355544860222 -0.077965151319284443 0.0038385810351294967 -0.074145777891372749 0.023152177233166857 0
leaf_weight=418.09881154447794 3.4832160770893088 11.035092361271383 6.9886982589960089 44.237885847687721 2.3808004707098007
leaf_count=1264 16 33 34 120 7
internal_value=0.00101278 0.00160732 -0.0261223 0.00269915 -0.0468377
internal_weight=486.225 480.36 18.0238 462.337 5.86402
internal_count=1474 1451 67 1384 23
is_linear=0
shrinkage=0.05


Tree=78
num_leaves=8
num_cat=0
split_feature=12 53 41 58 71 48 14
split_gain=5.39187 13.854 16.4123 8.91153 6.7325 6.50927 5.58274
threshold=15854606.000000002 1.3890242576599123 -0.24461906403303144 -62527.999999999993 20987.026367187504 -0.85044074058532704 0.97500002384185802
decision_type=2 2 2 2 2 2 2
left_child=1 2 -1 -3 6 -6 -2
right_child=4 3 -4 -5 5 -7 -8
leaf_value=-0.072481691574427368 0 0.06141338715515391 -0.0059392092627500725 -0.011944488083319311 0.017259619849008704 -0.00067767645610756935 0.07002125646092712
leaf_weight=14.164897859096525 4.9512819647788984 8.4142477065324801 27.344720885157585 7.9677132070064536 58.835106164216995 357.46929085254669 6.728678971529007
leaf_count=60 15 16 88 24 164 1095 12
internal_value=0.00096156 -0.0133443 -0.0287669 0.025429 0.00290834 0.00184534 0.0403683
internal_weight=485.876 57.8916 41.5096 16.382 427.984 416.304 11.68
internal_count=1474 188 148 40 1286 1259 27
is_linear=0
shrinkage=0.05


Tree=79
num_leaves=8
num_cat=0
split_feature=34 4 54 3 7 71 52
split_gain=5.28802 13.5277 13.4505 12.9837 20.8633 14.9407 12.3144
threshold=0.67634403705596935 25733.950195312504 0.46826341748237615 -94107.398437499985 1.7996267676353457 259869.42187500003 -0.016167641617357727
decision_type=2 2 2 2 2 2 2
left_child=3 6 -3 5 -5 -1 -2
right_child=1 2 -4 4 -6 -7 -8
leaf_value=0.0016866988847882393 0.058604257901324411 0.001885440921500268 -0.072963942190493375 -0.044107490471240629 -0.0020868312756652514 0.052104299697848216 0.0091590897133957041
leaf_weight=150.34955751150846 14.007225051522253 16.242171064019207 9.4062231779098493 40.832796916365623 107.81740740686655 16.317954868078232 130.49132991582155
leaf_count=463 33 49 38 158 322 36 375
internal_value=0.000912887 0.00802467 -0.0253697 -0.00290881 -0.0136631 0.00665295 0.0139867
internal_weight=485.465 170.147 25.6484 315.318 148.65 166.668 144.499
internal_count=1474 495 87 979 480 499 408
is_linear=0
shrinkage=0.05


Tree=80
num_leaves=6
num_cat=0
split_feature=57 45 45 23 11
split_gain=5.18812 5.6213 7.1338 5.9191 0.209138
threshold=0.30349025130271917 -1.1114233136177061 -0.78282994031906117 8.5000000000000018 61.834999084472663
decision_type=2 2 2 2 2
left_child=4 3 -3 -2 -1
right_child=1 2 -4 -5 -6
leaf_value=0.05896053605045122 -0.086919535349103447 0.015886927807806799 -0.0015692888554382223 0.010421708123563057 0.030497916414483746
leaf_weight=3.4477630332112303 3.7327649444341651 68.370200946927071 405.06093460321426 2.5414827764034271 1.964330121874809
leaf_count=13 16 193 1234 7 11
internal_value=0.000867339 0.000307629 0.000941076 -0.046693 0.0495538
internal_weight=485.117 479.705 473.431 6.27425 5.41209
internal_count=1474 1450 1427 23 24
is_linear=0
shrinkage=0.05


Tree=81
num_leaves=8
num_cat=0
split_feature=64 30 12 49 21 38 59
split_gain=5.1633 21.1872 15.9938 13.8589 12.7509 12.392 8.10814
threshold=3.2774587869644169 2.4858623743057255 28556035.000000004 -0.44346953928470606 1347.000183105469 2.5159523487091069 1.8013307452201845
decision_type=2 2 2 2 2 2 2
left_child=1 6 4 -4 -2 -3 -1
right_child=2 5 3 -5 -6 -7 -8
leaf_value=-0.00013197282196201086 0.033604476436751317 -0.055278297204847171 0.013538085053565192 -0.077666145619568527 -0.02895514924330336 0.033508525029717455 0.029751573317112142
leaf_weight=351.02700573951006 53.331427901983261 25.681069992482666 8.3644947856664675 8.1486350148916227 9.5276334136724454 4.5662653297185889 24.244786500930786
leaf_count=1071 135 104 24 37 34 12 57
internal_value=0.00082506 -0.00144655 0.0124939 -0.0311651 0.0240427 -0.0417094 0.00178536
internal_weight=484.891 405.519 79.3722 16.5131 62.8591 30.2473 375.272
internal_count=1474 1244 230 61 169 116 1128
is_linear=0
shrinkage=0.05


Tree=82
num_leaves=5
num_cat=0
split_feature=26 45 48 48
split_gain=5.11164 5.31989 8.30019 4.8622
threshold=0.00071428823866881441 -1.1114233136177061 -0.94268098473548878 -1.0358015894889829
decision_type=2 2 2 2
left_child=-1 3 -3 -2
right_child=1 2 -4 -5
leaf_value=0.054586671826299643 -0.082913536640327537 0.023264310550131988 -0.0010560816200968319 0.0059732829718722406
leaf_weight=4.3753999620676032 3.6406987458467484 38.135713040828705 435.79444995522499 2.4931913763284674
leaf_count=22 16 99 1330 7
internal_value=0.000782006 0.000281204 0.000890356 -0.0459693
internal_weight=484.439 480.064 473.93 6.13389
internal_count=1474 1452 1429 23
is_linear=0
shrinkage=0.05


Tree=83
num_leaves=7
num_cat=0
split_feature=54 41 24 48 10 2
split_gain=4.97777 10.9208 12.096 7.09377 7.22226 3.72541
threshold=-0.77413243055343617 1.6594883203506472 19.500000000000004 -1.1777849793434141 0.00053750001825392257 2640642.6250000005
decision_type=2 2 2 2 2 2
left_child=1 2 -1 5 -5 -2
right_child=3 -3 -4 4 -6 -7
leaf_value=0.035744183355874717 -0.090309891645743545 -0.065343607540234508 -0.017154712576504035 0.0054444790288156342 -0.019552084734439666 -0.0036999043596859732
leaf_weight=14.271693676710127 3.0763658732175818 8.3760185614228231 44.255165711045265 380.72681540250778 31.203973315656185 2.2916146963834763
leaf_count=36 13 48 163 1105 101 8
internal_value=0.000743652 -0.0119034 -0.00416996 0.00278326 0.00353884 -0.0542672
internal_weight=484.202 66.9029 58.5269 417.299 411.931 5.36798
internal_count=1474 247 199 1227 1206 21
is_linear=0
shrinkage=0.05


Tree=84
num_leaves=7
num_cat=0
split_feature=55 28 9 27 56 52
split_gain=5.00558 11.779 7.57068 6.17941 17.7101 12.68
threshold=-1.1097032427787779 -1147.7499999999998 64192630.000000007 255264.00000000003 -0.25877457857131952 0.0086768618784844893
decision_type=2 2 2 2 2 2
left_child=1 -1 -3 4 -2 -5
right_child=3 2 -4 5 -6 -7
leaf_value=0.036321465367971012 -0.017836786045891798 -0.0061000834124417978 -0.070211895261632157 -0.04949877694535814 0.01300317453140375 -0.0012945314823055835
leaf_weight=6.5950486958026913 58.778921380639076 8.7095907628536242 10.228556297719477 14.922048181295393 222.19570311903954 162.27622685581446
leaf_count=17 207 32 47 55 622 494
internal_value=0.000703679 -0.020826 -0.0409911 0.0019144 0.00653377 -0.00538208
internal_weight=483.706 25.5332 18.9381 458.173 280.975 177.198
internal_count=1474 96 79 1378 829 549
is_linear=0
shrinkage=0.05


Tree=85
num_leaves=8
num_cat=0
split_feature=71 8 0 43 9 10 24
split_gain=4.92337 17.6176 13.0912 17.6017 12.8555 12.3827 9.55356
threshold=114488.36328125001 1.6976499557495119 64014.500000000007 80632.648437500015 58250036.000000007 0.0014775000163353982 32.500000000000007
decision_type=2 2 2 2 2 2 2
left_child=2 5 3 -1 -3 -2 -4
right_child=1 4 6 -5 -6 -7 -8
leaf_value=0.016274673656628515 -0.0047330013069624786 -0.046953642188554828 -0.045535643231376155 -0.016719087790164368 0.042516796454893188 0.085354931781588303 -0.009180145605616797
leaf_weight=121.97738157957792 127.41674926877022 4.3903795927762976 22.169011101126671 60.349988467991352 41.729768693447113 3.9294416308403006 101.32306425273418
leaf_count=335 407 18 81 205 97 7 324
internal_value=0.000666086 0.00729944 -0.00316689 0.00532638 0.0338913 -0.0019998 -0.0157471
internal_weight=483.286 177.466 305.819 182.327 46.1201 131.346 123.492
internal_count=1474 529 945 540 115 414 405
is_linear=0
shrinkage=0.05


Tree=86
num_leaves=6
num_cat=0
split_feature=40 34 55 11 21
split_gain=4.81577 8.23347 7.62394 8.63582 6.22977
threshold=-3.1324563026428218 -0.47876757383346552 -1.1097032427787779 29.48499965667725 -7417.8500976562491
decision_type=2 2 2 2 2
left_child=1 -1 3 -2 -4
right_child=2 -3 4 -5 -6
leaf_value=0.071069648547374853 -0.074626668833790155 -0.022150701652918475 -0.0046341937997266477 -0.0076480822027366474 0.0071325760066179161
leaf_weight=6.1318555921316147 6.9829998761415508 3.7524669468402845 220.60921732336283 16.147615127265453 229.1027190759778
leaf_count=11 32 13 685 60 673
internal_value=0.000631412 0.0351738 -8.00893e-05 -0.0280847 0.00134919
internal_weight=482.727 9.88432 472.843 23.1306 449.712
internal_count=1474 24 1450 92 1358
is_linear=0
shrinkage=0.05


Tree=87
num_leaves=6
num_cat=0
split_feature=26 53 35 44 23
split_gain=4.88473 7.96153 7.11685 6.98954 4.95323
threshold=0.0021107111824676399 -2.8738019466400142 0.76030609011650097 1830.6199951171877 289.00000000000006
decision_type=2 2 2 2 2
left_child=3 4 -3 -1 -2
right_child=1 2 -4 -5 -6
leaf_value=-0.015716817965885029 -0.053865732510617749 0.0057209836123689522 -0.0072947018767489675 0.054345758825009582 0.0051521664142133317
leaf_weight=5.4995155036449423 10.963591352105142 285.31682962924242 166.06846603751183 9.6356639638543111 5.0434260070323935
leaf_count=18 46 841 506 49 14
internal_value=0.000597931 -0.000296762 0.000921326 0.0285575 -0.0349582
internal_weight=482.527 467.392 451.385 15.1352 16.007
internal_count=1474 1407 1347 67 60
is_linear=0
shrinkage=0.05


Tree=88
num_leaves=8
num_cat=0
split_feature=1 47 42 42 71 7 71
split_gain=4.85999 11.4186 17.7864 10.2398 11.0426 9.5637 9.41465
threshold=3259016.8750000005 0.48443967103958135 0.00090549999731592845 0.00042549999488983309 114488.36328125001 1.9310073852539065 70197.695312500015
decision_type=2 2 2 2 2 2 2
left_child=3 5 -3 4 -1 -2 -5
right_child=1 2 -4 6 -6 -7 -8
leaf_value=-0.00041938479389684889 0.015858361790190571 -0.057275653669847042 0.065443392573761847 0.0023995198755622196 0.018592286526543836 -0.020108924535224473 -0.050094759407267368
leaf_weight=236.6456995382905 42.616027608513832 20.401372700929645 3.4163490533828726 17.312200985848904 112.43548379093409 32.630360692739487 16.534256391227245
leaf_count=720 123 83 7 52 316 109 64
internal_value=0.000568854 -0.0092896 -0.0394632 0.00313231 0.00568976 0.000194812 -0.0230966
internal_weight=481.992 99.0641 23.8177 382.928 349.081 75.2464 33.8465
internal_count=1474 322 90 1152 1036 232 116
is_linear=0
shrinkage=0.05


Tree=89
num_leaves=6
num_cat=0
split_feature=72 70 69 40 14
split_gain=4.80037 6.92776 5.32758 9.82432 8.15416
threshold=-2635096.4999999995 156356.32031250003 96.916515350341811 -3.1324563026428218 3.7050000429153447
decision_type=2 2 2 2 2
left_child=1 -1 3 -2 -4
right_child=2 -3 4 -5 -6
leaf_value=-0.081456139444847309 0.049184298214970876 0.025183715421124547 0.0057839833303827397 -0.0047467465597067215 0.064885694720652351
leaf_weight=4.1266677379608145 8.6952007412910444 2.3208763897418976 180.23162498325109 280.32962635904551 6.0549518913030616
leaf_count=18 19 6 521 898 12
internal_value=0.000538975 -0.0422943 0.00113052 -0.00310695 0.00773183
internal_weight=481.759 6.44754 475.311 289.025 186.287
internal_count=1474 24 1450 917 533
is_linear=0
shrinkage=0.05


Tree=90
num_leaves=6
num_cat=0
split_feature=59 40 64 46 35
split_gain=4.64391 7.32238 7.45868 7.24019 5.45857
threshold=1.8013307452201845 3.3403975963592534 3.2774587869644169 0.57472166419029247 1.5739601850509646
decision_type=2 2 2 2 2
left_child=1 2 -1 4 -2
right_child=3 -3 -4 -5 -6
leaf_value=-0.0044003849703335108 0.043165496739265244 0.05350652986467113 0.012612403247611873 -0.036730843654443436 -0.022610077945300414
leaf_weight=370.24626938998699 18.951861441135414 6.146161511540412 77.923394858837128 4.5087779611349097 3.6768150925636283
leaf_count=1166 41 14 225 16 12
internal_value=0.000512526 -0.000676985 -0.00143121 0.0206107 0.032257
internal_weight=481.453 454.316 448.17 27.1375 22.6287
internal_count=1474 1405 1391 69 53
is_linear=0
shrinkage=0.05


Tree=91
num_leaves=5
num_cat=0
split_feature=26 35 37 5
split_gain=4.63591 4.71964 12.4808 11.7422
threshold=0.00071428823866881441 0.76030609011650097 -1.1383492946624754 33285.433593750007
decision_type=2 2 2 2
left_child=-1 2 -2 -3
right_child=1 3 -4 -5
leaf_value=0.053967334527256106 -0.0045590682035163066 -0.013720303661881242 0.016006869049251419 0.01742770445468966
leaf_weight=4.018398404121398 181.74381297081709 132.56655499339104 123.92110313475132 39.091001659631729
leaf_count=22 594 425 329 104
internal_value=0.000486727 2.6019e-05 0.00376231 -0.00659794
internal_weight=481.341 477.322 305.665 171.658
internal_count=1474 1452 923 529
is_linear=0
shrinkage=0.05


Tree=92
num_leaves=7
num_cat=0
split_feature=47 70 21 7 3 57
split_gain=4.73659 10.383 7.33241 10.9879 8.47007 6.22907
threshold=1.2220878601074221 201875.10156250003 5671.8000488281259 1.8333546519279482 -1364380.3124999998 0.78056317567825328
decision_type=2 2 2 2 2 2
left_child=2 5 4 -4 -1 -2
right_child=1 -3 3 -5 -6 -7
leaf_value=0.025801058973965244 0.00017061258161688641 0.023511988398416069 -0.016380655031895727 0.037567028526622859 -0.0024989202989788629 -0.07857126706284466
leaf_weight=28.353078752756119 3.5002028122544306 6.8766303136944762 13.521186679601668 30.484490223228931 390.19817124307156 7.8866514191031456
leaf_count=80 12 19 51 71 1203 38
internal_value=0.00046339 -0.0244961 0.00145969 0.0208774 -0.000569906 -0.0539277
internal_weight=480.82 18.2635 462.557 44.0057 418.551 11.3869
internal_count=1474 69 1405 122 1283 50
is_linear=0
shrinkage=0.05


Tree=93
num_leaves=8
num_cat=0
split_feature=34 41 28 9 47 35 60
split_gain=4.66433 14.4528 11.9527 11.6029 10.6714 9.54143 0.451692
threshold=0.67634403705596935 2.0877022743225102 611.00000000000011 99243432.000000015 -1.0827366113662718 -1.2967397570610044 0.014005884528160097
decision_type=2 2 2 2 2 2 2
left_child=2 3 4 -2 -1 -3 -4
right_child=1 5 6 -5 -6 -7 -8
leaf_value=-0.026018092809335924 0.0057692902287539254 -0.040881507848993401 -0.080112740272199737 -0.057416657928271879 0.0018700826433332555 0.071524158589297268 -0.044612243412921651
leaf_weight=39.351813457906246 146.0816800519824 2.1638036221265802 4.5228047519922248 7.6385321766138068 265.98495855182409 12.501596882939335 2.1227449327707291
leaf_count=138 434 9 20 30 812 22 9
internal_value=0.000440153 0.00715569 -0.00316838 0.00259698 -0.00170777 0.0545983 -0.0695254
internal_weight=480.368 168.386 311.982 153.72 305.337 14.6654 6.64555
internal_count=1474 495 979 464 950 31 29
is_linear=0
shrinkage=0.05


Tree=94
num_leaves=6
num_cat=0
split_feature=71 1 34 41 28
split_gain=4.69383 8.85045 5.28567 13.1588 10.6025
threshold=356881.07812500006 3825661.2500000005 0.67634403705596935 2.0877022743225102 611.00000000000011
decision_type=2 2 2 2 2
left_child=2 -2 4 -4 -1
right_child=1 -3 3 -5 -6
leaf_value=-0.0028054233385692751 0.07674997518928145 -0.020373194170400746 0.002494455273803705 0.052352905353406969 -0.067241705827919981
leaf_weight=297.43031067401171 5.4753124415874463 3.9896693527698517 152.00897073745728 14.528698727488516 6.5344884842634192
leaf_count=932 10 13 459 31 29
internal_value=0.000416568 0.0352825 -0.000274194 0.00687412 -0.00420709
internal_weight=479.967 9.46498 470.502 166.538 303.965
internal_count=1474 23 1451 490 961
is_linear=0
shrinkage=0.05


Tree=95
num_leaves=8
num_cat=0
split_feature=34 56 37 58 34 68 1
split_gain=4.58195 15.9739 11.5497 19.9077 11.0474 10.8033 9.40179
threshold=-1.2106930017471311 0.16660625487565997 -2.2095613479614253 -1198687.9999999998 -1.4653997421264646 13.961059093475344 2781317.3750000005
decision_type=2 2 2 2 2 2 2
left_child=1 4 3 -2 -1 -3 -4
right_child=2 5 6 -5 -6 -7 -8
leaf_value=0.028978743566834872 0.031575105884822839 -0.039158816924400333 0.0053418865672239021 -0.04659061035189771 -0.053095235462637218 0.03314567304540314 -0.014420490782093207
leaf_weight=5.869254723191264 10.906736612319945 5.7099011540412894 287.15381862223148 31.512472927570343 13.160065367817877 49.297742336988449 76.091600708663464
leaf_count=16 30 25 851 127 52 123 250
internal_value=0.000395291 0.0118422 -0.00168153 -0.0263749 -0.0275182 0.0255494 0.00118836
internal_weight=479.702 74.037 405.665 42.4192 19.0293 55.0076 363.245
internal_count=1474 216 1258 157 68 148 1101
is_linear=0
shrinkage=0.05


Tree=96
num_leaves=7
num_cat=0
split_feature=26 56 53 35 55 56
split_gain=4.43425 7.72186 7.24587 6.23374 4.80984 1.36711
threshold=0.0021107111824676399 2.8649654388427739 -2.8738019466400142 0.76030609011650097 -0.010635660961270331 5.3526458740234384
decision_type=2 2 2 2 2 2
left_child=1 -1 4 -4 -2 -3
right_child=2 5 3 -5 -6 -7
leaf_value=-0.049306384685918463 -0.054831982844280647 0.011190142362046396 0.00520172155349897 -0.0070125337816616508 0.0016506712414928869 0.05431265574128602
leaf_weight=2.6115141361951819 9.9806407094001752 2.6868502944707862 283.66160315275192 165.23706494271755 5.7861392796039572 9.1832527220249158
leaf_count=9 42 9 841 506 18 49
internal_value=0.000373914 0.027626 -0.000464655 0.000694585 -0.0337867 0.0449729
internal_weight=479.147 14.4816 464.665 448.899 15.7668 11.8701
internal_count=1474 67 1407 1347 60 58
is_linear=0
shrinkage=0.05


Tree=97
num_leaves=6
num_cat=0
split_feature=7 57 68 9 19
split_gain=4.38152 4.78196 10.5809 8.23912 2.9803
threshold=3.6177406311035161 0.58892869949340831 11.111100196838381 94393400.000000015 22123.440429687504
decision_type=2 2 2 2 2
left_child=1 3 -3 -1 -2
right_child=4 2 -4 -5 -6
leaf_value=0.026267637966341836 -0.074341861110027538 -0.036755014123805212 0.00099510836953272557 -0.032645955436940322 0
leaf_weight=36.57723431289196 3.2735211923718444 19.436851501464844 409.94596353918314 7.0153595209121695 2.3563537448644638
leaf_count=116 16 78 1233 24 7
internal_value=0.000356353 0.000888658 -0.00070208 0.016672 -0.0434754
internal_weight=478.605 472.975 429.383 43.5926 5.62987
internal_count=1474 1451 1311 140 23
is_linear=0
shrinkage=0.05


Tree=98
num_leaves=8
num_cat=0
split_feature=12 53 41 58 26 45 44
split_gain=4.30568 11.3293 14.4963 8.25567 6.78856 7.69744 1.61193
threshold=15854606.000000002 1.3890242576599123 -0.24461906403303144 -62527.999999999993 0.0021107111824676399 -1.1114233136177061 1830.6199951171877
decision_type=2 2 2 2 2 2 2
left_child=1 2 -1 -3 6 -6 -2
right_child=4 3 -4 -5 5 -7 -8
leaf_value=-0.068649488101474185 0.0029994262980656892 0.058174942606807389 -0.0051818422324041782 -0.013222897731195249 -0.063399974991307742 0.0018185804809972611 0.053534026582518685
leaf_weight=13.682933881878851 2.2473742812871915 8.1578280776739138 26.84295280277729 7.8623702824115744 4.5724706351757041 406.9609694108367 7.7925408631563187
leaf_count=60 8 16 88 24 18 1214 46
internal_value=0.000337362 -0.0126057 -0.0267341 0.0228223 0.00208529 0.0010818 0.0427202
internal_weight=478.119 56.5461 40.5259 16.0202 421.573 411.533 10.0399
internal_count=1474 188 148 40 1286 1232 54
is_linear=0
shrinkage=0.05


Tree=99
num_leaves=7
num_cat=0
split_feature=47 21 57 21 20 40
split_gain=4.41984 10.1457 9.60257 6.58691 10.64 7.97181
threshold=1.2220878601074221 28510.156250000004 0.78056317567825328 5671.8000488281259 114780.62109375001 0.76725015044212352
decision_type=2 2 2 2 2 2
left_child=3 -2 -3 5 -5 -1
right_child=1 2 -4 4 -6 -7
leaf_value=-0.0055263848737097283 -0.072112843604433319 0.05457004611680645 -0.038371285276281981 0.027086463582806742 -0.065317745772405331 0.0091708108862182409
leaf_weight=278.0605488717556 6.8133216798305538 5.2458320781588537 5.8830532059073448 40.011654637753963 3.350947603583335 138.01213005930185
leaf_count=895 35 12 22 109 13 388
internal_value=0.000320728 -0.0240106 0.00498927 0.00128182 0.0198304 -0.000639279
internal_weight=477.377 17.9422 11.1289 459.435 43.3626 416.073
internal_count=1474 69 34 1405 122 1283
is_linear=0
shrinkage=0.05


end of trees

feature_importances:
atr=58
liq_short_5=30
z_delta_qty=24
Long/Short_Ratio_(Account)=23
atr_ratio_lag1=22
z_cvd_20=18
ret_kurt_10=18
Buy_Qty=17
ret_skew_10=17
ret_kurt_20=17
Delta_Qty=16
z_oi=15
Agg._OI=14
z_ls=14
atr_ratio=14
z_cvd_10=13
liq_short_5_mean=13
Net_Shorts=12
Bid_Trades=12
ret_skew_20=12
btc_cvd_mom=11
z_btc_4=11
liq_long_5=11
liq_long_5_mean=10
Delta_USD=9
z_bid_trades=9
Sell_Qty=7
Whale_Ind=7
Agg._Funding_Rate=7
z_bid_qty=7
Candle_Delta=6
RSI=6
Bid_Qty=6
cvd_accel=6
price_atr=6
ema_50=6
Bid_USD=5
total_qty=5
z_ask_trades=5
rsi=5
Agg._Liq_Short=4
cvd_delta=4
ema_slow=4
log_ret_5=4
ret_lag1=4
ema_21=4
pull_ema50=4
btc_CVD=4
Ask_Trades=3
z_btc_10=3
funding=3
z_ask_qty=3
CVD=2
Price_Low=2
Ask_Qty=2
Ask_USD=2
ema_fast=2
log_ret_3=2
Candle=1
Agg._Liq_Long=1
Net_Longs=1
z_btc_20=1
vol_regime=1
log_ret_1=1
pull_ema8=1
pull_ema21=1
stoch_k=1

parameters:
[boosting: gbdt]
[objective: binary]
[metric: binary_logloss]
[tree_learner: serial]
[device_type: cpu]
[data_sample_strategy: bagging]
[data: ]
[valid: ]
[num_iterations: 100]
[learning_rate: 0.05]
[num_leaves: 31]
[num_threads: 1]
[seed: 42]
[deterministic: 0]
[force_col_wise: 0]
[force_row_wise: 0]
[histogram_pool_size: -1]
[max_depth: 3]
[min_data_in_leaf: 10]
[min_sum_hessian_in_leaf: 0.001]
[bagging_fraction: 0.8]
[pos_bagging_fraction: 1]
[neg_bagging_fraction: 1]
[bagging_freq: 0]
[bagging_seed: 400]
[bagging_by_query: 0]
[feature_fraction: 0.8]
[feature_fraction_bynode: 1]
[feature_fraction_seed: 30056]
[extra_trees: 0]
[extra_seed: 12879]
[early_stopping_round: 0]
[early_stopping_min_delta: 0]
[first_metric_only: 0]
[max_delta_step: 0]
[lambda_l1: 0.1]
[lambda_l2: 0]
[linear_lambda: 0]
[min_gain_to_split: 0]
[drop_rate: 0.1]
[max_drop: 50]
[skip_drop: 0.5]
[xgboost_dart_mode: 0]
[uniform_drop: 0]
[drop_seed: 17869]
[top_rate: 0.2]
[other_rate: 0.1]
[min_data_per_group: 100]
[max_cat_threshold: 32]
[cat_l2: 10]
[cat_smooth: 10]
[max_cat_to_onehot: 4]
[top_k: 20]
[monotone_constraints: ]
[monotone_constraints_method: basic]
[monotone_penalty: 0]
[feature_contri: ]
[forcedsplits_filename: ]
[refit_decay_rate: 0.9]
[cegb_tradeoff: 1]
[cegb_penalty_split: 0]
[cegb_penalty_feature_lazy: ]
[cegb_penalty_feature_coupled: ]
[path_smooth: 0]
[interaction_constraints: ]
[verbosity: -1]
[saved_feature_importance_type: 0]
[use_quantized_grad: 0]
[num_grad_quant_bins: 4]
[quant_train_renew_leaf: 0]
[stochastic_rounding: 1]
[linear_tree: 0]
[max_bin: 63]
[max_bin_by_feature: ]
[min_data_in_bin: 3]
[bin_construct_sample_cnt: 200000]
[data_random_seed: 175]
[is_enable_sparse: 1]
[enable_bundle: 1]
[use_missing: 1]
[zero_as_missing: 0]
[feature_pre_filter: 1]
[pre_partition: 0]
[two_round: 0]
[header: 0]
[label_column: ]
[weight_column: ]
[group_column: ]
[ignore_column: ]
[categorical_feature: ]
[forcedbins_filename: ]
[precise_float_parser: 0]
[parser_config_file: ]
[objective_seed: 16083]
[num_class: 1]
[is_unbalance: 0]
[scale_pos_weight: 2.81865]
[sigmoid: 1]
[boost_from_average: 1]
[reg_sqrt: 0]
[alpha: 0.9]
[fair_c: 1]
[poisson_max_delta_step: 0.7]
[tweedie_variance_power: 1.5]
[lambdarank_truncation_level: 30]
[lambdarank_norm: 1]
[label_gain: ]
[lambdarank_position_bias_regularization: 0]
[eval_at: ]
[multi_error_top_k: 1]
[auc_mu_weights: ]
[num_machines: 1]
[local_listen_port: 12400]
[time_out: 120]
[machine_list_filename: ]
[machines: ]
[gpu_platform_id: -1]
[gpu_device_id: -1]
[gpu_use_dp: 0]
[num_gpu: 1]

end of parameters

pandas_categorical:[]
