tree
version=v4
num_class=1
num_tree_per_iteration=1
label_index=0
max_feature_idx=16
objective=binary sigmoid:1
feature_names=macro pull_ema8 pull_ema21 pull_ema50 rsi stoch_k z_cvd_4 z_btc_4 z_btc_10 z_cvd_20 z_btc_20 cvd_delta btc_cvd_mom vol_regime z_oi z_ls funding
feature_infos=[-1:1] [-2234299.9115410042:2434829.8185761231] [-32130088.73500289:27931619.060581613] [-100000000:100000000] [0:99.999998444444472] [0:100.00000000000001] [-1.4997852732623644:1.4999942686216818] [-1.499998479365763:1.4999960334176707] [-2.822365019137536:2.8409553325180119] [-4.2047858048049758:4.1459593663965437] [-4.1913075890052935:4.1665921201498177] [-26171855:28746418.299995422] [-9064.1369999996386:5735.8919999999925] [-3.3958035582507722:4.513932356561047] [-8.310226850085666:4.7219433227817351] [-6.579263367797723:9.9000000000000004] [-0.00445:0.0022590000000000002]
tree_sizes=3314 3381 3371 3398 3383 3400 3416 3415 3406 3419 3412 3416 3426 3433 3403 3431 3417 3417 3422 3424

Tree=0
num_leaves=31
num_cat=0
split_feature=13 4 4 5 15 1 1 14 6 15 10 3 3 2 0 5 3 8 5 13 11 14 16 1 13 7 5 8 1 1
split_gain=387.491 269.952 120.454 216.489 118.946 93.8566 86.1575 83.6455 73.5232 56.3385 53.9913 52.4258 81.0613 80.6181 50.2027 46.5541 45.3691 45.3032 51.025 43.1346 46.1326 45.6078 55.5603 39.1046 36.5226 35.7269 34.7272 30.2819 29.936 70.9259
threshold=0.29552340851294873 99.999985783507185 1.0000000180025095e-35 49.99999999999978 0.31246640375657114 3.3903054437876849 0.069707234518670627 -2.01718282670199 -0.63201479102670255 -2.4761767004294364 1.6045025195529043 0.1513113209273805 -1.9956648231420298 1.4977721895204104 -1.0000000180025095e-35 75.51251029221514 -4.9109725601351046 -0.62017768550370433 99.729729729729783 -1.4682486084832027 67096.650001525893 0.89549061170205546 -0.00053490999999999988 -336.05034310824061 -0.70754562529739651 0.26644809227746208 99.729729729729783 -0.88742963758561411 0.3404598964084562 -0.014070945416753489
decision_type=2 2 2 2 2 2 2 2 2 2 2 2 2 2 2 2 2 2 2 2 2 2 2 2 2 2 2 2 2 2
left_child=1 2 3 9 7 11 16 -5 17 -1 -7 12 -3 -13 26 -4 -6 -9 -19 -15 -21 -22 -23 -11 27 -26 -14 -10 29 -25
right_child=-2 5 15 4 6 10 -8 8 24 23 -12 13 14 19 -16 -17 -18 18 -20 20 21 22 -24 28 25 -27 -28 -29 -30 -31
leaf_value=-1.9808986222310314 -2.3198800824173942 -2.3176243613592029 -2.290659570157815 -1.8022697240349901 -2.0855498959216425 -1.7427267579696419 -1.9332642493787537 -1.8535043692540094 -2.04044158829638 -2.3381564186231159 -2.0750595918227437 -2.2935787969699146 -2.0675065728715367 -1.9919763833594679 -2.2028314957473261 -2.2561211548978957 -2.3054405032025951 -2.1892990034597473 -1.8721679885464844 -2.0749138318078959 -2.2742176631167026 -1.9412033115208001 -2.2346034341616421 -2.2711383615798675 -2.1793751757821891 -1.9030347435301929 -1.7923458963574317 -2.2538477941058099 -2.3381564186231159 -2.1561338798741265
leaf_weight=1.679459512233733 448.66760869324207 2.4352162927389145 392.65763396024704 2.5191892683506039 2.7711081951856658 1.8474054634571064 2.0993243902921668 3.6108379513025284 2.0153514146804872 19.145838439464569 3.6108379513025284 15.702946439385412 1.8474054634571073 3.6108379513025239 1.8474054634571055 129.82222029566765 15.283081561326981 3.6948109269142204 1.931378439068794 7.9774326831102469 12.511973366141321 2.7711081951856613 3.8627568781375876 77.591029465198517 2.5191892683505932 2.1832973659038544 3.0230271220207214 9.4889462441205961 11.084432780742643 16.206784293055534
leaf_count=20 5343 29 4676 30 33 22 25 43 24 228 43 187 22 43 22 1546 182 44 23 95 149 33 46 924 30 26 36 113 132 193
internal_value=-2.28306 -2.26124 -2.27008 -2.23403 -2.14384 -2.16043 -2.23644 -2.0771 -2.10431 -2.26855 -1.96258 -2.17985 -2.07049 -2.20141 -1.9809 -2.28208 -2.27169 -1.99172 -2.08043 -2.15432 -2.17593 -2.21803 -2.11204 -2.27245 -2.16847 -2.05107 -1.89672 -2.21646 -2.26045 -2.25127
internal_weight=1206.02 757.352 696.304 173.824 48.1165 61.0484 20.1535 27.963 25.4438 125.708 5.45824 55.5901 9.15305 46.4371 6.71784 522.48 18.0542 9.23703 5.62619 30.7341 27.1233 19.1458 6.63387 124.028 16.2068 4.70249 4.87043 11.5043 104.882 93.7978
internal_count=14362 9019 8292 2070 573 727 240 333 303 1497 65 662 109 553 80 6222 215 110 67 366 323 228 79 1477 193 56 58 137 1249 1117
is_linear=0
shrinkage=1


Tree=1
num_leaves=31
num_cat=0
split_feature=13 4 4 5 15 1 2 5 14 6 3 2 15 15 3 3 13 13 11 16 2 1 1 15 0 14 11 2 4 9
split_gain=352.299 209.544 101.175 161.157 75.9727 55.3101 54.6673 43.5311 40.8671 42.7922 40.0025 36.6877 35.4177 34.6663 33.5348 33.2541 29.7335 53.8879 29.4369 28.4276 26.9896 26.0355 65.0433 107.979 38.4671 27.0404 21.4979 23.6575 25.5511 21.643
threshold=0.29552340851294873 99.999985783507185 1.0000000180025095e-35 49.99999999999978 0.31246640375657114 0.069707234518670627 5.0667820770463337 49.99999999999978 -1.6846887604972614 -0.89802917473908417 -3248087.5870588562 -2.1819326899433844 1.8321999286531014 -2.4761767004294364 7.5221961900524592 -9.8375766055456282 -0.73608162902331642 -0.58857231670098309 2310023.5499954228 -0.00059796499999999989 -1.7888038608861703 -0.014070945416753489 0.013189638137593118 0.78446285354215262 1.0000000180025095e-35 1.5878263367570038 -1437572.6500015256 0.8333601508321884 57.208207831325254 -0.696091118864823
decision_type=2 2 2 2 2 2 2 2 2 2 2 2 2 2 2 2 2 2 2 2 2 2 2 2 2 2 2 2 2 2
left_child=1 2 3 10 8 11 12 -4 -5 -10 -1 -6 14 -12 -3 -15 -11 -18 -8 -14 -9 -17 23 24 -23 -24 -22 29 -29 -28
right_child=-2 6 7 4 5 -7 18 20 9 16 13 -13 19 15 -16 21 17 -19 -20 -21 26 22 25 -25 -26 -27 27 28 -30 -31
leaf_value=-0.054833006431878023 -0.036079073050669007 0.065134936818130956 -0.015218311354106319 0.27473202025392934 0.20803405785690574 0.25069442143827764 0.3178581668763758 0.2141570768783411 0.22751022174514957 0.045731937883591013 0.2247187205552236 -0.014898941675044958 0.28023776808467377 0.15881047311939733 0.27638249911636775 0.00079661872845334107 0.38208555477923856 0.071207414221578974 0.11677003618706017 0.09514056143206423 0.046516383634912284 0.38185183740688783 -0.02979897302716605 -0.043284577878909963 0.1152890315659264 0.16526781600822971 0.023370418276309469 0.065323136799682838 0.0098747356089198251 -0.018382668087081389
leaf_weight=18.32321098446846 435.35510498285294 50.057148821651936 232.16896016895771 6.6229602098464957 2.0833068564534249 2.7603838592767707 4.2641507834196082 1.6714569479227055 8.6098044216632861 11.842024236917498 2.130560874938964 16.166706345975399 3.9993739649653435 4.2070491090416899 1.9519327804446209 76.859529107809067 2.1629108265042305 3.9209627956151953 3.1750802174210548 4.3095688819885236 40.340579397976398 3.9987165629863757 13.716825127601622 3.9987165629863739 2.0458549857139587 2.0409262999892226 44.589356116950512 29.04265483468771 72.996200859546661 102.11694335192442
leaf_count=228 5343 552 2782 60 22 25 39 20 81 132 20 193 37 50 19 908 20 40 32 48 479 43 159 43 22 24 529 341 856 1215
internal_value=-0.000111367 0.0201674 0.0120892 0.0442544 0.116489 0.0421003 0.10415 0.000925749 0.163623 0.135892 0.0135222 0.0105497 0.0883772 0.0250131 0.0730632 0.0210317 0.0918881 0.181729 0.232033 0.184234 0.0138167 0.0153854 0.0588446 0.158285 0.291631 -0.00453414 0.0126584 0.00716744 0.0256567 -0.00569239
internal_weight=1207.53 772.174 704.417 181.49 54.1691 21.0104 67.7573 522.926 33.1587 26.5357 127.321 18.25 60.318 108.998 52.0091 106.868 17.9259 6.08387 7.43923 8.30894 290.757 102.661 25.801 10.0433 6.04457 15.7578 289.086 248.745 102.039 146.706
internal_count=14362 9019 8292 2070 573 240 727 6222 333 273 1497 215 656 1269 571 1249 192 60 71 85 3440 1199 291 108 65 183 3420 2941 1197 1744
is_linear=0
shrinkage=0.05


Tree=2
num_leaves=31
num_cat=0
split_feature=13 4 4 5 15 13 5 3 1 9 15 2 1 3 3 11 9 3 15 3 3 15 1 2 9 11 12 1 2 8
split_gain=321.366 169.104 86.1015 126.304 53.32 44.4131 39.2444 38.3762 36.7384 34.5142 31.7704 37.3943 28.5813 47.8911 29.2032 26.3349 26.0908 30.7329 37.1145 25.6441 35.4058 24.9465 28.6587 71.2624 25.7073 22.2702 21.537 24.3198 40.5603 21.2327
threshold=0.29552340851294873 99.999985783507185 1.0000000180025095e-35 49.99999999999978 0.31246640375657114 -0.94272442168615433 49.99999999999978 9.7166586558106101 -336.05034310824061 0.58183590493989412 0.33542726705167397 2.0468109294812478 0.3404598964084562 4.2208741668905683 -8.0362323226428689 1916115.9999961855 0.30060372751550374 -0.77352112743967272 -0.89569309614013026 -1.0000000180025095e-35 -1.961480697694288 1.2055907912732218 -0.014070945416753489 0.30863421632519222 0.81597524243967234 -1437572.6500015256 211.56049999990503 -0.014070945416753489 -1.015557402910648 0.12359824740847992
decision_type=2 2 2 2 2 2 2 2 2 2 2 2 2 2 2 2 2 2 2 2 2 2 2 2 2 2 2 2 2 2
left_child=1 2 3 8 16 9 -4 10 -1 -6 11 19 13 14 -10 -12 26 -18 -19 20 -3 22 -16 24 -24 -8 27 28 -5 -15
right_child=-2 7 6 4 5 -7 25 -9 12 -11 15 -13 -14 29 21 -17 17 18 -20 -21 -22 -23 23 -25 -26 -27 -28 -29 -30 -31
leaf_value=-0.05460240600608704 -0.035336613643703496 -0.055256859117132878 -0.014643144284873287 0.22419545988573125 0.1734255288654781 -0.036132892722718607 0.046299639711241063 0.27671247046553005 0.11955568610297158 -0.0077729153865418767 0.13852386181756721 0.10862877776535616 -0.054869547373692845 0.31367571234599206 0.015520846172746983 0.03000339351247899 -0.042487791717772311 0.018986371256164494 0.20566930454928425 -0.026192387910611872 0.22849122740342342 -0.030065572286321854 0.24065558643175342 -0.055843618050664491 0.037821721143302622 0.0072749073112411732 0.061020100976074167 0.247628889128225 0.016133497438663363 0.08677521697384552
leaf_weight=17.592867769300938 422.60394025593996 1.8938544094562528 229.29857240617275 5.468067318201066 7.1681722253561038 10.401709139347075 42.781081713736057 2.6798795312643042 7.4204926788806906 4.1492196321487427 28.58845367282629 15.429164230823515 10.617273107171057 2.0261621996760359 54.356227815151215 6.949421986937522 3.5913540646433839 4.6366453915834418 6.2528583779931042 15.262517571449282 2.620700240135192 21.872526183724403 6.0351825803518278 4.7310983911156645 2.107667088508606 251.32777850329876 3.7840814068913451 9.6290512084960955 4.0977316349744806 2.0992729887366295
leaf_count=228 5343 22 2782 43 72 122 488 21 82 46 269 153 132 20 632 71 37 47 54 168 23 256 54 51 20 2952 34 79 39 22
internal_value=-0.000183584 0.0187442 0.0112883 0.0403086 0.100777 0.0384477 0.000862584 0.0909879 0.0125383 0.106994 0.0839524 0.0502879 0.0231543 0.0313849 0.0242545 0.117303 0.136916 0.0843503 0.126182 0.00477304 0.109459 0.0163178 0.0314081 0.0984868 0.188155 0.0129514 0.170041 0.191534 0.135067 0.198215
internal_weight=1207.47 784.869 711.445 188.038 59.1789 21.7191 523.407 73.424 128.859 11.3174 70.7441 35.2062 111.266 100.649 96.5232 35.5379 37.4598 14.4809 10.8895 19.7771 4.51455 89.1027 67.2302 12.8739 8.14285 294.109 22.9789 19.1949 9.5658 4.12544
internal_count=14362 9019 8292 2070 573 240 6222 727 1497 118 706 366 1269 1137 1095 340 333 138 101 213 45 1013 757 125 74 3440 195 161 82 42
is_linear=0
shrinkage=0.05


Tree=3
num_leaves=31
num_cat=0
split_feature=13 5 3 15 13 4 5 2 1 4 3 2 15 2 15 3 14 1 1 13 3 11 2 3 10 14 14 14 14 3
split_gain=293.678 141.604 73.7278 63.2058 47.4923 42.1497 52.7711 32.5086 31.1571 26.3239 31.3036 28.0819 46.2876 35.2967 26.2913 25.1398 29.1445 24.0063 42.0102 35.4955 32.0848 31.4763 22.6678 21.6772 27.1103 20.8705 49.75 20.6141 18.5311 30.4678
threshold=0.29552340851294873 76.432912575970207 7.5221961900524592 -3.781542761717132 -1.0295683757965459 1.0000000180025095e-35 33.333333333333407 3.8312653843060662 -336.05034310824061 75.227743271221996 0.20703891135136951 0.16647531303198657 0.7024129479936313 0.016958409677103655 -1.8717261815897397 -0.77352112743967272 -0.37413170487960729 0.3404598964084562 -0.0098366181900634304 -0.81121481317876276 -8.0362323226428689 626957.20000457775 -2.1272512636685965 1.6872395404667551 -0.096941943678858319 -0.42477223077777082 -0.65626776883621651 -1.8985220938351846 0.16510169782346298 -3.9233972395403205
decision_type=2 2 2 2 2 2 2 2 2 2 2 2 2 2 2 2 2 2 2 2 2 2 2 2 2 2 2 2 2 2
left_child=1 3 4 -1 7 6 8 25 -5 11 -11 12 13 -6 -8 22 -17 18 20 21 -10 -20 -16 -12 -25 26 -3 -24 -22 -30
right_child=-2 2 -4 5 9 -7 14 -9 17 10 23 -13 -14 -15 15 16 -18 -19 19 -21 28 -23 27 24 -26 -27 -28 -29 29 -31
leaf_value=0.29885832999745054 -0.034594815306694747 0.078705760666017296 0.19300441795276771 -0.054357852908626686 0.055443386957875623 -0.0050217062855793951 0.20917073048582521 0.2101174648632792 0.10507513336217396 0.16868054942365868 -0.0092460934455807411 0.0077902623702989686 -0.026350816923895681 0.27565654740502049 0.12872548716763008 0.18050936205204807 0.038416882749557374 -0.054609843856650332 0.15389628473067873 -0.056426387002111368 -0.022897144509903697 -0.036835973136157628 0.1225717262508394 0.20967441962486799 0.052603966182488832 0.044816896035970298 0.28466872102073321 -0.021544179454974971 0.093847079610835119 -0.0070775652281606788
leaf_weight=1.8185624182224263 410.39528511464596 22.428675465285782 8.8773925453424436 16.808237709105015 3.5297741219401342 409.37364190071821 3.3446495011448851 4.6321835443377486 8.0532362610101682 6.1200708076357833 11.750740781426428 93.248828314244747 5.1972089186310768 3.7558385655283928 4.52628070116043 7.6907386854290962 6.7990695536136609 10.146276354789732 13.434603489935403 3.3211710155010215 40.174300037324429 2.5782044529914847 2.9948406964540508 3.1813638135790816 20.128491148352627 31.131341442465782 3.3728485107421866 14.470603145658972 11.393395930528639 21.760292641818523
leaf_count=15 5343 218 64 228 33 4898 26 37 81 47 124 1054 61 38 37 59 66 132 117 34 469 27 23 29 200 325 35 158 132 252
internal_value=-0.000237426 0.0174753 0.0518847 0.0045512 0.0458755 0.00362341 0.0247528 0.0827405 0.00907782 0.0304269 0.0643403 0.0172182 0.0876463 0.168966 0.0750015 0.0627008 0.113835 0.0186956 0.0260806 0.0923329 0.0103408 0.123187 0.0290097 0.046127 0.0740412 0.0723768 0.10563 0.00316771 -6.34097e-05 0.0276056
internal_weight=1206.44 796.043 217.355 578.688 208.477 576.87 167.496 61.565 127.67 146.912 41.1807 105.732 12.4828 7.28561 39.8262 36.4815 14.4898 110.861 100.715 19.334 81.3812 16.0128 21.9917 35.0606 23.3099 56.9329 25.8015 17.4654 73.328 33.1537
internal_count=14362 9019 2265 6754 2201 6739 1841 615 1472 1586 400 1186 132 71 369 343 125 1244 1112 178 934 144 218 353 229 578 253 181 853 384
is_linear=0
shrinkage=0.05


Tree=4
num_leaves=31
num_cat=0
split_feature=13 5 13 15 4 5 2 15 4 3 13 2 1 3 14 11 3 2 15 14 1 2 3 15 9 3 2 15 11 0
split_gain=268.933 121.31 55.0417 45.9534 37.5358 45.2286 35.7904 36.366 28.7749 26.9601 26.6043 31.7423 39.2124 47.003 25.5749 24.5692 22.6315 22.5684 34.894 39.7874 22.1022 21.1609 33.4616 24.0028 38.6235 20.9042 23.0217 20.1952 19.8402 19.8077
threshold=0.31137180629297861 75.895146520146085 -1.042042344383588 -3.781542761717132 1.0000000180025095e-35 25.000000000000075 2.2250532436528077 -0.1601420233408978 75.227743271221996 -3248087.5870588562 -0.81121481317876276 5.0667820770463337 -0.014070945416753489 -8.0362323226428689 -0.32360589498539066 605034.60000228893 4.5986564059235588 0.16647531303198657 0.7024129479936313 -0.99800894090997161 0.013189638137593118 0.10182073919866443 0.1513113209273805 -0.81511608882414655 0.8758424998181954 -0.020332584875713954 1.1452169530251037 1.6737053088384071 1534261.6499977114 -1.0000000180025095e-35
decision_type=2 2 2 2 2 2 2 2 2 2 2 2 2 2 2 2 2 2 2 2 2 2 2 2 2 2 2 2 2 2
left_child=1 3 6 -1 5 9 14 -8 17 -5 11 12 13 -11 16 -14 21 18 19 -4 -21 -3 -23 -24 -25 -10 -27 -16 -15 -9
right_child=-2 2 8 4 -6 -7 7 29 25 10 -12 -13 15 28 27 -17 -18 -19 -20 20 -22 22 23 24 -26 26 -28 -29 -30 -31
leaf_value=0.23108712685641206 -0.034138926914680401 0.020330458560783221 0.30010276027010474 -0.054156925733299999 -0.0049547508855072352 0.062134125439257927 0.22308637015708485 0.14008527134761292 0.16045118430417796 0.15301130349972936 -0.021832276285940276 -0.054446164486595998 0.13007244819213526 -0.010532955114141053 0.0070737278181583988 -0.036479272002568147 -0.058145999718341702 0.0080392799333463532 -0.025589995002576544 0.14647921961252314 -0.056206842846540518 0.25766414069119242 -0.0062301769881971036 0.054421861698702292 0.25144525684218383 -0.039261756966955878 0.0666860939630642 0.14764022676501373 0.14145643271669847 0.014818681399051721
leaf_weight=2.2214448004961005 394.4570395052433 5.1659562587738099 2.6598488315939894 16.092014811933041 410.07492468506098 51.448550872504711 7.9251146838068989 7.454316958785058 4.9437038674950591 5.7080736011266699 32.672224514186382 9.0797538533806783 15.825356096029283 34.723656512796879 21.334375731647018 2.5745048075914374 2.1938158497214308 95.971990220248699 5.0869869738817206 3.3560726046562186 2.2445739433169365 4.2619514390826252 3.9808484241366449 5.8216597810387523 4.3432085961103439 5.9641681909561148 36.543638378381729 2.902866803109645 2.2886531725525847 5.472535997629163
leaf_count=15 5286 50 25 228 4931 478 59 55 34 52 372 122 125 410 224 28 19 1079 61 23 23 36 40 55 36 64 334 24 27 47
internal_value=-0.000280343 0.0162014 0.0471541 0.00411012 0.00324151 0.0229647 0.0837259 0.138755 0.0306246 0.00602507 0.0154392 0.0327859 0.0457447 0.0194615 0.0607786 0.106769 0.0954585 0.0165115 0.0774293 0.140871 0.0652486 0.109753 0.134849 0.0978461 0.138605 0.0631384 0.0518208 0.0239092 -0.0011347 0.0870541
internal_weight=1204.79 810.337 227.628 582.709 580.488 170.413 70.8567 20.852 156.771 118.964 102.872 70.2 61.1202 42.7204 50.0047 18.3999 25.7674 109.319 13.3475 8.2605 5.60065 23.5736 18.4077 14.1457 10.1649 47.4515 42.5078 24.2372 37.0123 12.9269
internal_count=14362 9076 2288 6788 6773 1842 645 161 1643 1364 1136 764 642 489 484 153 236 1211 132 71 46 217 167 131 91 432 398 248 437 102
is_linear=0
shrinkage=0.05


Tree=5
num_leaves=31
num_cat=0
split_feature=13 5 4 4 14 15 13 9 13 9 14 11 5 14 15 15 2 13 15 15 11 2 10 5 5 13 13 14 16 4
split_gain=246.368 107.171 58.6743 86.0966 34.719 29.5792 31.225 22.4032 19.0967 23.9418 19.0688 20.8389 20.1342 31.7663 22.8326 40.6785 23.2954 20.3789 22.29 18.7406 18.5366 19.1714 23.648 32.2538 20.2457 22.3471 26.2485 20.5825 19.0198 19.2344
threshold=0.31137180629297861 49.99999999999978 25.000000000000011 99.999985783507185 -0.15600355121268758 0.31246640375657114 -0.94272442168615433 0.69984407753417577 -0.42287603470743479 0.69984407753417577 0.7538297267249211 1457648.7500076296 1.0000000180025095e-35 0.28847444428047503 0.59739095124349906 -0.1601420233408978 -0.96257693912205455 -0.86874520930618349 -1.2383710780395509 -2.1744983454413691 -1437572.6500015256 0.8333601508321884 0.30828035771198703 58.23763539083874 88.405797101450048 -1.2760892272299758 0.1355915663933038 1.216289590093184 -0.00038718499999999991 66.66666666666687
decision_type=2 2 2 2 2 2 2 2 2 2 2 2 2 2 2 2 2 2 2 2 2 2 2 2 2 2 2 2 2 2
left_child=1 4 5 20 -1 -3 7 -7 -5 -10 12 19 13 -6 15 17 -17 -15 -19 -12 28 -22 23 -23 -25 -26 27 -27 29 -4
right_child=-2 2 3 8 10 6 -8 -9 9 -11 11 -13 -14 14 -16 16 -18 18 -20 -21 21 22 -24 24 25 26 -28 -29 -30 -31
leaf_value=-0.021274016152978081 -0.033400504465917517 0.096752500616629322 0.046177883693347549 0.081237003227079774 0.0080501108956007005 0.12087574624728317 -0.036401415654726897 -0.019717862137587045 0.07732596651454067 -0.031207671259027864 0.098324606918658172 0.073158375509981666 -0.011633348883629963 0.008609557950567925 0.00058226454699504364 0.10411436363760709 0.30462979529566581 0.22287407106111826 0.041870350032438192 -0.014113455474115359 -0.0056022725554151498 0.22524010811803447 0.0073914538558996871 -0.045658301539064944 0.19744363414854613 0.0073116877173993108 0.21577379398872792 0.18153587665873269 -0.026379132513558341 0.18494953828707064
leaf_weight=174.29605812579393 383.30485577881336 46.077673859894276 33.85756778717041 64.928434237837791 28.190520986914635 9.4280464351177233 10.49366234987974 4.0509248822927466 10.693324431777002 9.6817568540573102 3.8525893315672866 8.174996040761469 21.91679435223341 7.6603767424821889 6.2544983401894561 2.5066944286227226 3.4311861470341691 3.2253993153572083 3.5985493808984756 97.345948696136475 150.09478387236595 2.6736300438642528 77.815004788339138 5.1881343647837666 2.7500931322574678 15.884172290563585 2.0278679952025405 1.8977326601743687 8.5619440749287588 2.6958042159676543
leaf_count=2126 5286 333 370 533 327 76 122 42 95 94 39 96 267 85 74 29 31 36 42 1169 1764 31 867 60 26 175 23 21 95 28
internal_value=-0.000314344 0.0151657 0.0311949 0.0236047 -0.00523693 0.0733172 0.0282723 0.0786222 0.0679845 0.0257533 0.00977831 -0.00362989 0.0288774 0.0450594 0.0841689 0.109768 0.219982 0.0645859 0.127423 -0.00983298 0.0111289 0.0059645 0.0220045 0.0593829 0.0434018 0.0638832 0.0453416 0.0259054 0.0407002 0.0564123
internal_weight=1202.56 819.254 458.801 388.75 360.454 70.0503 23.9726 13.479 85.3035 20.3751 186.158 109.374 76.784 54.8672 26.6767 20.4222 5.93788 14.4843 6.82395 101.199 303.447 258.331 108.237 30.4216 27.748 22.5599 19.8098 17.7819 45.1153 36.5534
internal_count=14362 9076 4755 4182 4321 573 240 118 722 189 2195 1304 891 624 297 223 60 163 78 1208 3460 2967 1203 336 305 245 219 196 493 398
is_linear=0
shrinkage=0.05


Tree=6
num_leaves=31
num_cat=0
split_feature=13 5 4 4 14 15 1 3 5 0 12 14 14 11 3 14 8 15 5 14 1 15 1 13 2 3 13 10 16 6
split_gain=225.795 93.8195 48.8539 72.3457 31.6565 23.5908 28.8732 20.7359 16.9212 23.2323 17.0722 34.1061 16.6381 18.8895 25.3114 25.1805 23.7505 18.4947 17.2155 25.5903 18.5114 22.5484 26.5495 27.0036 22.6804 22.5985 16.4987 17.8492 18.5005 26.1139
threshold=0.31137180629297861 49.99999999999978 25.000000000000011 99.999985783507185 -0.15600355121268758 0.31246640375657114 0.069707234518670627 -4.9109725601351046 98.907071189680011 1.0000000180025095e-35 374.52300000004476 2.4699121212079214 0.7538297267249211 708754.19999694836 -1.4294487884997815 1.8512528652209965 -0.23724688672262079 -2.1744983454413691 1.0000000180025095e-35 0.28847444428047503 0.020381227761090401 0.83104231034618159 -0.76740331506404658 -0.27491323552391383 -0.38272774067236631 -1.7956217807147716 0.78574275720738129 -0.22893584231036718 -0.00047854499999999998 0.47182771592350919
decision_type=2 2 2 2 2 2 2 2 2 2 2 2 2 2 2 2 2 2 2 2 2 2 2 2 2 2 2 2 2 2
left_child=1 4 5 -4 -1 -3 7 -7 -2 10 11 26 18 17 15 16 -15 -14 19 -6 21 22 -21 24 25 -24 27 -10 -29 -30
right_child=8 2 3 -5 12 6 -8 -9 9 -11 -12 -13 13 14 -16 -17 -18 -19 -20 20 -22 -23 23 -25 -26 -27 -28 28 29 -31
leaf_value=-0.020573919715511885 -0.037856849208202863 0.086460727449451075 0.010437066926831705 0.061577246157423771 0.0075975709517189897 0.097935832774023943 0.14903182664616216 -0.024358489780455843 0.16173261135097436 -0.050078344960360802 -0.036310517684511337 0.22042372089728263 0.092974192747443341 0.15342823581944631 -0.012507489989940996 0.22910319319031133 -0.055087976586412402 -0.017404664304186992 -0.011160387397803988 0.044002202226887076 -0.055261228285627642 -0.012509654287132164 0.17940363540710991 0.017755774225049155 0.11537403728406714 0.39443035234540613 -0.013678801700491006 -0.028182502321504883 -0.021891884694909675 0.26826285333179256
leaf_weight=171.29350791871548 301.08542627841234 48.905439004302025 306.22780164331198 89.328997507691383 28.371383167803288 4.4267588257789656 4.0040362030267707 15.973643697798252 3.2427837997674951 24.673354998230934 14.028564698994158 2.1853542998433104 3.9672003239393225 2.6270035430788994 9.3419737592339498 2.8133444562554359 2.8441340699791926 87.452912040054798 21.708742424845695 9.0275088101625496 2.4981165230274192 4.6480431407690039 2.9056293442845389 2.7101772576570466 4.5186506882309923 2.1086390689015388 18.540263898670673 5.7806145995855323 1.5508965998888027 1.5508965998888014
leaf_count=2126 4271 333 3460 722 327 33 25 182 46 350 199 31 37 29 109 33 34 1062 267 101 31 54 24 29 36 22 263 82 22 22
internal_value=-0.000342937 0.0142077 0.0289343 0.0219861 -0.00503454 0.0664245 0.0262728 0.00217861 -0.0326628 -0.0108066 0.00986273 0.0295805 0.0091584 -0.00347705 0.0439158 0.107541 0.0450325 -0.0126147 0.0267114 0.0411888 0.0747264 0.087255 0.109056 0.157023 0.196616 0.269828 0.0159802 0.0613308 0.0246762 0.123185
internal_weight=1200.34 827.704 468.867 395.557 358.837 73.3099 24.4044 20.4004 372.638 71.5527 46.8794 32.8508 187.543 109.047 17.6265 8.28448 5.47114 91.4201 78.4969 56.7881 28.4168 25.9186 21.2706 12.2431 9.53292 5.01427 30.6655 12.1252 8.88241 3.10179
internal_count=14362 9076 4755 4182 4321 573 240 215 5286 1015 665 466 2195 1304 205 96 63 1099 891 624 297 266 212 111 82 46 435 172 126 44
is_linear=0
shrinkage=0.05


Tree=7
num_leaves=31
num_cat=0
split_feature=13 5 3 15 4 1 13 1 1 8 13 9 10 7 3 0 3 14 5 13 14 15 13 5 0 16 2 10 4 2
split_gain=207.321 83.3668 37.0046 32.7471 29.3216 35.2966 26.424 24.8408 33.8231 30.8567 26.149 24.1721 21.5491 27.8748 21.4444 20.0979 37.5249 29.5288 25.0652 27.6602 21.8439 21.3595 18.1342 16.29 21.8256 16.2896 15.9211 23.1302 20.634 23.9105
threshold=0.31137180629297861 75.51251029221514 7.5221961900524592 -3.781542761717132 1.0000000180025095e-35 -336.05034310824061 -0.42287603470743479 0.3404598964084562 -0.0098366181900634304 0.31761614350570483 -1.9007560522605167 -0.27654813510139881 1.0000000180025095e-35 0.21541286699960444 -0.69111759952323804 1.0000000180025095e-35 -3.9233972395403205 0.18308049408273053 25.000000000000075 -0.78473061717696824 0.80705457886112131 -1.1462958838030091 0.10907147133913252 98.907071189680011 1.0000000180025095e-35 -0.00048798999999999994 2.2250532436528077 -0.096941943678858319 49.757697362245416 0.075601240143659681
decision_type=2 2 2 2 2 2 2 2 2 2 2 2 2 2 2 2 2 2 2 2 2 2 2 2 2 2 2 2 2 2
left_child=1 3 6 -1 5 -5 26 8 10 14 11 -7 13 -8 25 16 17 -12 19 20 -19 -18 -15 -2 -25 -10 28 -28 -3 -30
right_child=23 2 -4 4 -6 7 12 -9 9 -11 15 -13 -14 22 -16 -17 21 18 -20 -21 -22 -23 -24 24 -26 -27 27 -29 29 -31
leaf_value=0.17790610485932185 -0.037171173286975237 0.077345794896640688 0.12421180425368486 -0.053836960438458537 -0.0050400507476998195 0.044052825658262067 -0.0011221042766886913 -0.054064100696904774 -0.056337680367323485 0.022250694523936958 0.01397411868940633 0.24262050255732737 -0.0076635566977915548 0.06397064420195607 0.14314765189252679 -0.022097537369918138 0.057550172875547027 0.27410553832719042 0.23072365515615023 0.0073160737058759282 0.080078134137511761 -0.024042816207461057 0.20222931002616418 0.009118718262719332 -0.049700131079233732 0.10149661994008462 0.1648759023629808 0.056630442325621123 -0.056463238422217447 0.033574755695576532
leaf_weight=2.6668913960456839 291.55121678858995 24.632245063781738 11.772289976477621 15.061893686652182 409.33926898986101 4.4972427561879158 12.579903155565264 9.0945916920900327 2.7948668375611305 18.215352468192577 13.236689858138556 2.3249638453125945 54.533145114779472 7.4363224580883962 15.219819977879522 32.321441568434238 10.609455287456504 2.4075294286012641 3.6179034709930411 6.2588204964995375 3.6494802683591843 32.874900445342078 3.4822768568992615 47.367408163845539 23.644136264920235 3.9382619038224247 5.8990455716848365 30.203341111540794 8.0427863895893079 88.617392025887966
leaf_count=15 4271 177 65 228 4924 50 131 132 29 152 134 22 571 75 99 353 94 21 30 63 36 371 36 665 350 28 38 250 82 870
internal_value=-0.000367372 0.0133366 0.0377007 0.00309599 0.0022997 0.0193585 0.0333748 0.0262035 0.0310071 0.0703602 0.0168679 0.111723 0.00958446 0.049612 0.110279 0.0107034 0.0252954 0.0691679 0.115019 0.0810299 0.1572 -0.00413549 0.108066 -0.0319406 -0.0104657 0.0359809 0.0451694 0.0743175 0.0364935 0.026083
internal_weight=1197.89 835.328 247.199 588.129 585.462 176.123 235.426 161.061 151.967 40.1683 111.798 6.82221 78.0316 23.4985 21.9529 104.976 72.6548 29.1704 15.9337 12.3158 6.05701 43.4844 10.9186 362.563 71.0115 6.73313 157.395 36.1024 121.292 96.6602
internal_count=14362 9076 2295 6781 6766 1842 2230 1614 1482 308 1174 72 813 242 156 1102 749 284 150 120 57 465 111 5286 1015 57 1417 288 1129 952
is_linear=0
shrinkage=0.05


Tree=8
num_leaves=31
num_cat=0
split_feature=13 5 4 4 14 2 6 14 3 3 9 10 3 1 2 10 15 15 16 14 2 16 12 15 16 4 1 5 0 12
split_gain=190.267 76.2936 35.3889 54.7426 27.9023 19.7381 19.2946 19.5441 16.4919 27.0707 39.7636 36.1009 25.7947 23.4256 21.271 20.1564 19.7113 19.1948 29.3622 25.7442 17.9966 16.663 28.2093 28.372 22.1944 17.1819 16.4173 15.7497 20.6175 15.1497
threshold=0.31137180629297861 49.99999999999978 99.999985783507185 25.000000000000011 -0.15600355121268758 -1.6447506065262005 -1.060970149638415 -1.8985220938351846 -1.3756805290688965 -0.020332584875713954 -0.696091118864823 -1.1448332151231606 -0.19757721987558954 -0.12737407620927874 0.76674113791327281 -1.8030607650935149 -1.5221878353062517 0.18935052905170111 -0.00055433999999999985 0.16510169782346298 0.76674113791327281 -0.00047214499999999993 505.83199999993673 -0.94234282997416152 -0.00045883999999999991 63.70360559763315 0.33397609521092836 98.907071189680011 1.0000000180025095e-35 374.52300000004476
decision_type=2 2 2 2 2 2 2 2 2 2 2 2 2 2 2 2 2 2 2 2 2 2 2 2 2 2 2 2 2 2
left_child=1 4 3 6 -1 -5 -3 -8 -7 10 11 -10 13 -13 15 -11 -16 18 -15 -19 -12 -18 23 -23 -25 -26 -14 -2 29 -29
right_child=27 2 -4 5 -6 8 7 -9 9 14 20 12 26 17 16 -17 21 19 -20 -21 -22 22 -24 24 25 -27 -28 28 -30 -31
leaf_value=-0.019833000116368193 -0.03648323727128424 0.10116360432969551 0.052773331832852759 0.15230545107962279 0.0081591425149776745 -0.025090375897929135 0.1091104100756914 0.030289261991744851 -0.016539111794082545 0.10685303934923303 -0.006083172213116112 0.21352144168158596 0.11035468708108219 0.22878977969400871 -0.044013075298299106 -0.023769256818247458 0.0061255365390836059 -0.040727280832541214 0.034759461030536516 0.12508917487381274 0.1188117210969125 0.1366897360936179 -0.042733930615486443 0.2009286099422401 0.068221346458721396 -0.011099476491919662 0.29971841643681868 0.026474048916082779 -0.049325448916408672 -0.035783373979416805
leaf_weight=167.94354406371713 282.42969942092896 18.223451726138592 95.259028695523739 2.3959491178393355 189.44669429212809 33.129290618002415 9.2992269769310933 50.97326186299324 7.704666204750537 3.0808198377490035 35.591907776892185 2.9750816524028805 2.093914799392226 3.5036905705928802 12.663073457777498 71.392875507473946 69.231526859104633 6.6998268440365774 4.3963664248585728 3.5978104621171951 3.1386582255363455 9.5981041118502599 7.6890127062797538 1.9438008442521084 12.853077374398714 14.561948530375956 2.5245871543884277 34.025016464293003 22.657550871372223 13.708314873278139
leaf_count=2126 4271 116 722 24 2195 386 52 405 87 35 419 34 21 35 137 830 737 74 47 40 32 101 84 20 133 159 25 466 350 199
internal_value=-0.00038647 0.0125305 0.0254574 0.0187728 -0.00499483 0.00934914 0.0560811 0.0424503 0.00823841 0.01225 0.0385393 0.0784322 0.106803 0.0834491 0.00289708 -0.0183657 0.0152163 0.062184 0.120812 0.017206 0.00403809 0.0216889 0.0447878 0.0620622 0.0376646 0.0260888 0.213866 -0.0312093 -0.0100488 0.00859463
internal_weight=1194.73 841.911 484.521 389.262 357.39 310.766 78.4959 60.2725 308.37 275.241 72.2265 33.4959 25.7913 21.1728 203.014 74.4737 128.541 18.1977 7.90006 10.2976 38.7306 115.877 46.6459 38.9569 29.3588 27.415 4.6185 352.821 70.3909 47.7333
internal_count=14362 9076 4755 4033 4321 3460 573 457 3436 3050 814 363 276 230 2236 865 1371 196 82 114 451 1234 497 413 312 292 46 5286 1015 665
is_linear=0
shrinkage=0.05


Tree=9
num_leaves=31
num_cat=0
split_feature=13 5 2 4 15 14 3 2 9 13 2 10 15 1 14 3 3 14 11 2 5 0 2 13 10 13 3 15 11 10
split_gain=174.612 67.0752 32.6772 35.6616 25.7614 26.6214 21.329 45.3535 27.7206 20.1033 18.8577 18.502 16.8517 20.6017 17.1742 21.0833 16.4101 15.3768 17.4775 21.8268 15.1959 19.467 14.7486 29.1633 16.974 14.7229 16.8517 24.916 20.9697 19.1214
threshold=0.31137180629297861 49.99999999999978 2.2250532436528077 25.000000000000011 -3.1170579668486358 -0.15600355121268758 -0.020332584875713954 0.60722589174867825 -1.554489727935602 -1.55744607063409 0.76674113791327281 -1.8030607650935149 0.54264052496596948 0.069707234518670627 -1.1908931939958152 -3.3438748878095335 -4.9109725601351046 0.7538297267249211 708754.19999694836 -0.26436084545298782 98.907071189680011 1.0000000180025095e-35 1.258965396930924 -1.4456633049912455 -0.19715692649901276 -0.86874520930618349 -0.45802915773662978 -1.3242795770064519 -1949707.5000038145 -0.41112751492820193
decision_type=2 2 2 2 2 2 2 2 2 2 2 2 2 2 2 2 2 2 2 2 2 2 2 2 2 2 2 2 2 2
left_child=1 4 3 12 -1 25 7 8 -5 -4 11 -8 14 16 -3 -16 -14 -7 22 -20 -2 -22 24 -24 -19 26 28 -28 -6 -29
right_child=20 2 9 6 5 17 10 -9 -10 -11 -12 -13 13 -15 15 -17 -18 18 19 -21 21 -23 23 -25 -26 -27 27 29 -30 -31
leaf_value=0.15542008511815278 -0.035792949188498062 0.10517317110342742 0.11925961862461364 0.078526235508113218 0.045242458639261081 0.023328086262015081 0.090816435215291119 0.10412190825688378 0.005480445654677429 0.043945216993678371 0.012980597709587727 -0.02308487265656942 0.072949299466651643 0.13027922870006831 0.15165747257004619 0.031290350599107737 -0.030111539501458826 -0.0015798260634621712 0.070230222907643997 -0.055145743008824966 0.0080871075749250551 -0.048953336559640237 0.169364717614153 -0.054388276796910807 -0.047486795479245579 -0.034397770098358815 0.17521752232101762 0.089167443233021934 -0.0314868352788997 -0.032291582129333488
leaf_weight=2.4922347813844672 273.70594992488623 17.465780295431614 10.318449482321737 15.156994231045244 10.970219876617191 81.137423828244209 3.7444924414157859 16.904959797859192 90.775734223425388 62.703038655221462 140.72459241002798 74.523703157901764 5.1411658599972769 3.2872547954320899 4.100029081106185 32.283331856131554 15.529339797794819 50.389451742172241 13.85223336517811 4.6322169676423064 48.084363661706448 21.712242811918259 3.042849175632 2.7929000407457343 33.53734540194273 89.004231505095959 2.8262615501880672 5.1267415434122094 47.288453131914139 8.8069348782300914
leaf_count=15 4271 93 55 152 137 891 39 133 1028 499 1419 872 33 18 22 220 172 608 149 56 665 350 26 39 418 1154 36 58 621 113
internal_value=-0.000405423 0.0117699 0.0237181 0.0183464 -0.00476946 -0.00589912 0.0113924 0.0280687 0.0159319 0.0545877 0.00203833 -0.0176356 0.0488977 0.0140119 0.0644186 0.0448545 -0.00447826 0.00687196 -0.00546287 0.0388109 -0.0304824 -0.00965696 -0.01458 0.06228 -0.0199244 -0.0206449 -0.00432806 0.0398545 -0.0170386 0.0123979
internal_weight=1192.06 848.558 492.659 419.637 355.899 353.407 341.83 122.838 105.933 73.0215 218.993 78.2682 77.8069 23.9578 53.8491 36.3834 20.6705 189.384 108.247 18.4845 343.503 69.7966 89.7625 5.83575 83.9268 164.023 75.0186 16.7599 58.2587 13.9337
internal_count=14362 9076 4755 4201 4321 4306 3643 1313 1180 554 2330 911 558 223 335 242 205 2187 1296 205 5286 1015 1091 65 1026 2119 965 207 758 171
is_linear=0
shrinkage=0.05


Tree=10
num_leaves=31
num_cat=0
split_feature=13 5 3 4 4 14 15 9 9 3 14 10 0 5 14 6 2 2 3 3 3 3 9 10 16 10 2 15 10 3
split_gain=160.34 59.4519 28.9684 24.0506 33.5826 23.362 16.5019 15.951 15.8211 19.5669 18.1393 15.6845 15.2874 21.6357 16.2429 49.3535 14.9896 14.2496 17.4731 18.3734 13.9734 20.8862 29.8241 27.4587 20.5285 25.9915 17.041 17.6566 14.9731 14.5826
threshold=0.31137180629297861 49.99999999999978 9.7166586558106101 25.000000000000011 99.999985783507185 -0.15600355121268758 0.31246640375657114 0.20592331709334427 0.30060372751550374 -0.77352112743967272 -0.42477223077777082 -0.096941943678858319 -1.0000000180025095e-35 92.33705226071686 2.4699121212079214 0.47182771592350919 -1.7888038608861703 2.0468109294812478 -0.14035975427272782 -1.8784357234075177 -1.3756805290688965 -0.020332584875713954 -0.696091118864823 -1.1448332151231606 -0.00047682499999999995 1.0707623881606356 0.76674113791327281 -1.5221878353062517 -1.8030607650935149 2.4083052391032873
decision_type=2 2 2 2 2 2 2 2 2 2 2 2 2 2 2 2 2 2 2 2 2 2 2 2 2 2 2 2 2 2
left_child=1 5 3 8 16 -1 17 -8 -3 -10 -11 -9 13 -2 -15 -16 -5 18 19 -6 -18 22 23 -22 25 -25 28 -28 -23 -30
right_child=12 2 -4 4 6 -7 7 11 9 10 -12 -13 -14 14 15 -17 20 -19 -20 -21 21 26 -24 24 -26 -27 27 -29 29 -31
leaf_value=-0.018532038493066835 -0.029686830324305382 0.062519373506827847 0.12801189312397274 0.13399391238425692 -0.020621395035149603 0.0072357157797674253 0.095783033451215388 0.11108612187634721 -0.046323143911379892 0.091688467766499693 -0.0014298814193647886 0.020250400435505002 -0.043175845136902535 0.00087193871981181492 -0.054882880937157076 0.31744885111880355 -0.023581617160737332 0.047865521700841983 -0.031780104837561628 0.16575590318924421 -0.017450664746213828 0.082327090993794885 0.0028515180119362744 0.14134413765229337 0.021690482746382272 -0.003697836586800448 -0.043647544138206262 0.018988642662073608 -0.026488289612900756 0.10447565154175681
leaf_weight=162.55524838715792 161.23214604333043 51.348840355873108 6.384511560201644 2.3451252505183211 2.6646858304738998 191.68978843837976 20.338418789207935 5.9342705234885242 8.7114634364843386 9.9670781120657956 11.003626130521294 23.857624500989914 129.85399645939469 39.898770023137331 1.9884261861443513 1.6111734062433241 33.160607129335403 23.105361290276051 17.580487310886383 2.6249782890081432 7.8550122529268256 3.5982608273625365 39.394295252859592 16.829158827662472 8.3241715803742427 3.783092387020587 12.419371359050272 119.60705302655697 66.52906259894371 2.1957074776291838
leaf_count=2126 2595 340 29 20 24 2195 131 36 83 55 87 173 2091 555 25 20 389 156 164 17 87 35 451 153 85 39 137 1234 803 27
internal_value=-0.00041746 0.0110795 0.02219 0.02082 0.0159241 -0.00458854 0.0418061 0.0616477 0.0457218 0.0166629 0.0428279 0.038344 -0.029756 -0.0212443 0.0100492 0.111772 0.00805361 0.0201715 -0.00780728 0.0718677 0.00711211 0.0107403 0.033084 0.0654553 0.0879607 0.114724 0.00241005 0.0130966 -0.0170984 -0.0223041
internal_weight=1188.39 853.807 499.562 493.178 412.147 354.245 96.1058 50.1303 81.031 29.6822 20.9707 29.7919 334.585 204.731 43.4984 3.5996 316.041 45.9755 22.8702 5.28966 313.696 280.535 76.1857 36.7914 28.9364 20.6123 204.349 132.026 72.323 68.7248
internal_count=14362 9076 4755 4726 4161 4321 701 340 565 225 142 209 5286 3195 600 45 3460 361 205 41 3440 3051 815 364 277 192 2236 1371 865 830
is_linear=0
shrinkage=0.05


Tree=11
num_leaves=31
num_cat=0
split_feature=13 5 3 15 14 4 4 16 0 5 15 11 15 2 12 14 3 13 10 2 3 13 14 15 15 14 8 13 16 15
split_gain=147.35 52.6243 24.8475 21.5761 22.4874 20.8863 29.3815 15.6356 14.9812 20.1698 14.7042 14.5957 17.6312 14.4578 16.644 17.7457 17.4067 16.3484 14.309 21.6643 21.0062 18.7545 16.3532 25.8409 44.8667 43.103 30.2804 25.3103 19.6244 15.8946
threshold=0.31137180629297861 49.99999999999978 9.7166586558106101 -3.1170579668486358 -0.17607069845796217 25.000000000000011 75.227743271221996 -0.00024458999999999993 -1.0000000180025095e-35 92.33705226071686 -1.9308870592569685 5303283.2500076303 1.8321999286531014 1.9832181130310274 -171.47250000014898 -0.38733272595672047 -0.020332584875713954 -0.13228870189522898 0.42855553639829663 -1.1286893852015767 -1.3756805290688965 -1.9007560522605167 0.10822275064007959 -0.48326213241115595 0.7024129479936313 1.0275279528348957 -0.94863367890370509 0.2455863156871593 -0.00056993499999999982 0.39444035764201518
decision_type=2 2 2 2 2 2 2 2 2 2 2 2 2 2 2 2 2 2 2 2 2 2 2 2 2 2 2 2 2 2
left_child=1 3 5 -1 -5 -3 10 11 9 -2 -7 12 13 14 15 -8 -16 -15 20 -20 -12 -22 27 -24 25 26 -25 -23 -28 -27
right_child=8 2 -4 4 -6 6 7 -9 -10 -11 18 -13 -14 17 16 -17 -18 -19 19 -21 21 22 23 24 -26 29 28 -29 -30 -31
leaf_value=0.1366124946356049 -0.028958725678206759 0.042424542332417568 0.11690353252169761 -0.019455997857867474 0.0060100516805432665 -0.051013655414618123 0.15694319029306392 -0.032895415461846135 -0.042627329162040463 0.0093758255584656617 -0.022086920650845398 -0.047861042478408666 0.096226350645223044 0.067266759594412168 0.062830455924539758 0.010245462865862476 -0.020292862297202553 -0.028966583862655639 0.14428315732157912 -0.0040580063574693539 0.16677211729857233 0.005913071647133057 -0.011183941468923719 0.071105499062136104 0.023644291601165338 -0.039447262982915648 0.17676963025666975 0.182698339510521 0.36920944625217461 0.1336633900561226
leaf_weight=2.6927371993660918 157.12728034704924 82.868069119751453 6.634601190686225 157.77706171572208 192.39581672847271 10.611474536359308 3.9002903401851654 7.5487994551658621 125.07044622674584 43.899978503584862 23.941016688942909 4.3728115186095229 14.625224389135836 39.928154118359089 8.3701409548520953 4.3727358579635602 25.442147411406047 4.9617173448204985 2.5021506026387206 150.69310262054205 2.4317715615034095 66.859514392912388 12.255328737199305 2.3645680695772171 18.222432717680931 3.0338177382946014 2.3404123485088348 2.0878521203994742 3.0528625994920748 2.3555304110050201
leaf_count=15 2595 565 29 2105 2201 119 29 68 2091 600 276 35 100 255 60 38 233 40 29 1657 20 718 132 26 198 33 21 21 31 22
internal_value=-0.000427314 0.0104395 0.0207786 -0.00437997 -0.00546416 0.0195009 0.0149374 0.0366305 -0.0290405 -0.0205873 0.00680324 0.041583 0.0454327 0.0368915 0.0158376 0.0794056 0.000284091 0.05663 0.00890334 -0.00163514 0.0205226 0.0293929 0.0264252 0.0503831 0.0744358 0.144834 0.220292 0.0112665 0.2857 0.0362145
internal_weight=1184.74 858.642 505.777 352.866 350.173 499.142 416.274 113.522 326.098 201.027 302.752 105.973 101.6 86.9752 42.0853 8.27303 33.8123 44.8899 292.14 153.195 138.945 115.004 112.572 43.625 31.3696 13.1472 7.75784 68.9474 5.39327 5.38935
internal_count=14362 9076 4755 4321 4306 4726 4161 858 5286 3195 3303 790 755 655 360 67 293 295 3184 1686 1498 1222 1202 463 331 133 78 739 52 55
is_linear=0
shrinkage=0.05


Tree=12
num_leaves=31
num_cat=0
split_feature=13 5 2 4 14 3 3 15 2 2 14 14 3 3 14 10 14 16 1 15 13 14 1 1 3 2 15 2 10 1
split_gain=135.329 45.7956 22.7815 23.8062 19.9926 16.6588 33.2245 26.4103 26.2596 22.7217 21.5268 18.8475 28.0402 20.3462 18.5419 18.8596 25.3981 17.5245 14.5776 20.1877 18.6176 31.1198 13.7604 19.8619 17.8949 25.9124 25.1149 13.7311 14.0003 14.1863
threshold=0.29552340851294873 49.99999999999978 2.2250532436528077 25.000000000000011 -0.17607069845796217 -0.020332584875713954 -0.28144010344662862 0.48403926458246527 -1.249014309257696 0.33585767943496742 -1.2809305810748468 -0.40533738281572179 -1.2709411640949595 -0.92116960983190921 -0.47903686339882329 1.0000000180025095e-35 0.48569710575506431 -0.00045588999999999997 0.54603549570304399 0.20889546086573038 0.55138080902683007 1.5878263367570038 0.33397609521092836 -0.0098366181900634304 4.2208741668905683 0.18055340326674632 0.78446285354215262 0.76674113791327281 -1.8030607650935149 -0.33707280489492197
decision_type=2 2 2 2 2 2 2 2 2 2 2 2 2 2 2 2 2 2 2 2 2 2 2 2 2 2 2 2 2 2
left_child=1 4 3 -3 -1 6 7 8 -5 10 -10 -9 -13 -14 -11 -16 -17 -8 -2 -20 21 -21 23 -6 25 26 -25 28 -7 -30
right_child=18 2 -4 5 22 27 17 11 9 14 -12 12 13 -15 15 16 -18 -19 19 20 -22 -23 -24 24 -26 -27 -28 -29 29 -31
leaf_value=-0.017375308818438101 -0.034185888911971656 0.038998724916735339 0.04431408000834966 0.18511068804573466 0.0029416279512833373 0.071620068101573175 0.10920034848844391 -0.038787983517562623 0.071893468268885402 -0.020265147999030467 -0.012801147129456717 -0.035897324158406366 0.1847121318379438 0.036707896426754025 0.2266775209169743 0.16454643429237914 -0.057104718794457936 0.0021080065118464198 -0.029949262134851537 0.028802035700510899 0.0016569560023061512 0.27038326845516603 -0.054345356280292745 0.11842958495794256 0.13121822244067408 -0.043107329923449317 -0.031486582613069858 0.0099522112934674004 0.056471530594410541 -0.027938802016717876
leaf_weight=155.42056047543883 242.05904903635383 83.294704452157021 78.228343062102795 2.8847587034106246 158.75268936529756 4.2692437916994086 15.187142819166185 29.36411876231432 10.434802390635008 2.7574797049164763 26.698786601424221 12.615127362310888 2.8846733495593062 11.905945278704165 3.1193970590829831 3.0880678668618202 2.2226244211196899 5.1038275733590117 48.399589478969574 4.8183588385581997 25.222445078194141 1.8429377079010008 8.8126276023685914 9.0210584551096016 5.3779847398400298 7.8113567754626265 4.0469343289732924 144.0253968089819 5.3825673833489409 66.153323866426945
leaf_count=2094 4085 558 548 27 1841 39 122 330 101 29 297 144 29 110 22 23 21 54 768 73 393 24 122 70 34 86 43 1413 66 796
internal_value=-0.000437035 0.00993107 0.0194889 0.0149871 -0.00401587 0.00924152 0.023561 0.0125296 0.0385667 0.0298181 0.0109986 -0.0109556 0.0188656 0.0655738 0.0922832 0.129098 0.0717813 0.0822632 -0.0280623 -0.00959927 0.0212921 0.0956387 0.00669666 0.00960429 0.049887 0.0289381 0.0720031 0.000886373 -0.0163382 -0.0215875
internal_weight=1181.21 858.864 509.62 431.392 349.243 348.097 128.267 107.976 51.2059 48.3212 37.1336 56.7699 27.4057 14.7906 11.1876 8.43009 5.31069 20.291 322.342 80.2833 31.8837 6.6613 193.823 185.01 26.2573 20.8793 13.068 219.831 75.8051 71.5359
internal_count=14362 9019 4729 4181 4290 3623 1309 1133 520 493 398 613 283 139 95 66 44 176 5343 1258 490 97 2196 2074 233 199 113 2314 901 862
is_linear=0
shrinkage=0.05


Tree=13
num_leaves=31
num_cat=0
split_feature=13 5 13 9 2 15 14 4 0 5 13 3 5 15 11 2 9 12 14 0 4 3 10 1 2 2 3 3 8 1
split_gain=124.369 41.3496 21.8961 23.5909 20.2196 18.4054 18.9016 16.3385 14.9952 18.4921 14.1975 16.0162 21.9901 39.0723 20.5504 16.4266 14.4227 13.4823 19.8926 13.2891 18.0318 16.8472 16.6878 14.038 13.2739 15.7018 34.3998 15.7992 17.2808 16.273
threshold=0.31137180629297861 49.99999999999978 -0.42287603470743479 0.83805119230455594 2.2250532436528077 -3.1170579668486358 -0.17607069845796217 25.000000000000011 -1.0000000180025095e-35 92.33705226071686 -0.86874520930618349 -0.45802915773662978 2.5039184952975275 -1.1296118548373506 -1949707.5000038145 -0.30223592525958226 0.4022962562212461 374.52300000004476 2.4699121212079214 1.0000000180025095e-35 79.999999999999957 -0.046212885715562368 0.79328069318927208 0.78585004612462306 -1.6447506065262005 -0.11854822896703525 -0.020332584875713954 1.9516326515114844 1.4667466045868356 -0.32732174970167377
decision_type=2 2 2 2 2 2 2 2 2 2 2 2 2 2 2 2 2 2 2 2 2 2 2 2 2 2 2 2 2 2
left_child=1 5 4 19 7 -1 10 -3 9 -2 11 14 16 -14 -7 -15 -13 18 -11 21 -21 22 -4 -23 -9 -26 -27 29 -29 -28
right_child=8 2 3 -5 -6 6 -8 24 -10 17 -12 12 13 15 -16 -17 -18 -19 -20 20 -22 23 -24 -25 25 26 27 28 -30 -31
leaf_value=0.122310956109901 -0.027424279851865681 0.040446621645578364 0.068206683102059878 -0.024190215993135603 0.051498801950395703 0.046833132860034855 0.0053180684170173655 0.13072999305936492 -0.041694701325257558 0.014496359562281078 -0.032324867982651356 -0.041263316247962936 0.31820416150382902 0.15136283806713893 -0.030216009842687019 -0.054553545740654234 0.081415172507062372 -0.034107466353760066 0.15292164239773709 -0.021762983685800107 0.091234660914835161 -0.01361938596750957 -0.028444514245617825 0.042661997090508469 -0.017916582709201576 0.058423708856333682 0.13054934892889539 0.047874201092807045 -0.03656298858498512 -0.0086868905958194225
leaf_weight=2.8601588904857627 149.02585515007377 72.082355566322803 29.489259146153927 52.797334663569927 61.369968503713608 10.803867150098084 193.91633329167962 2.3642586767673484 117.47581586614251 28.307484555989507 82.191433623433113 7.217024218291046 1.7414999529719351 1.6984162256121638 43.493834976106882 2.2536539658904067 3.5863368846476078 12.59747765958309 2.8573607504367819 32.008310437202454 3.9682360514998427 29.280323967337608 5.2631382867693892 17.823694676160812 37.14143592864275 40.245460793375969 2.1476110219955435 32.389397360384464 7.4540119171142569 91.713008835911751
leaf_count=15 2595 458 259 561 389 136 2201 18 2091 385 1149 94 21 22 614 30 39 187 28 346 31 324 56 161 427 348 24 315 75 963
internal_value=-0.000445612 0.00927322 0.0182483 0.00358399 0.0254611 -0.00400701 -0.00504848 0.0198648 -0.0276133 -0.0190327 -0.0181885 -0.00177644 0.0413694 0.120888 -0.0148852 0.0339398 -0.000538362 0.00954336 0.0271879 0.0160288 -0.00929927 0.0271606 0.0535692 0.00767693 0.0129145 0.0115949 0.0178962 0.00569724 0.0320775 -0.00550105
internal_weight=1177.56 867.3 517.538 170.63 346.908 349.763 346.902 285.538 310.264 192.788 152.986 70.7946 16.4969 5.69357 54.2977 3.95207 10.8034 43.7623 31.1648 117.833 35.9765 81.8564 34.7524 47.104 213.455 211.091 173.949 133.704 39.8434 93.8606
internal_count=14362 9076 4755 1738 3017 4321 4306 2628 5286 3195 2105 956 206 73 750 52 133 600 413 1177 377 800 315 485 2170 2152 1725 1377 390 987
is_linear=0
shrinkage=0.05


Tree=14
num_leaves=31
num_cat=0
split_feature=13 5 16 4 1 3 11 1 1 13 9 3 0 0 3 15 15 12 8 14 3 14 15 3 15 2 8 15 3 3
split_gain=114.518 41.4639 20.7506 20.2266 23.8564 19.2461 19.4439 19.7233 17.1885 19.0075 20.6467 18.5641 25.3075 41.6725 22.4863 16.1496 29.2383 15.711 13.2812 13.0136 22.4736 17.7904 19.5742 12.7699 22.5492 17.8826 15.3553 14.2277 12.5615 39.0084
threshold=0.47400826743207131 49.99999999999978 -0.00021049999999999999 20.000000000000046 -336.05034310824061 9.7166586558106101 1820296.3999977114 2.16276834558525 0.3404598964084562 -1.8141228544626471 -0.20858393676359757 4.2208741668905683 1.0000000180025095e-35 -1.0000000180025095e-35 -3.9233972395403205 -1.2071673232120312 -1.5398350928265883 -1222.4219999997874 -1.1395538306612583 0.18308049408273053 -8.0362323226428689 0.80705457886112131 -0.2170119737503948 0.71631958865094947 -1.5643308671688327 0.36489654452410619 -0.79040547926003957 -1.0205785834530399 -0.020332584875713954 -0.19757721987558954
decision_type=2 2 2 2 2 2 2 2 2 2 2 2 2 2 2 2 2 2 2 2 2 2 2 2 2 2 2 2 2 2
left_child=1 3 5 4 -1 6 7 17 9 10 18 12 13 14 19 16 -5 -3 -6 20 -11 22 -21 24 26 27 -16 -25 29 -19
right_child=-2 2 -4 15 8 -7 -8 -9 -10 11 -12 -13 -14 -15 23 -17 -18 28 -20 21 -22 -23 -24 25 -26 -27 -28 -29 -30 -31
leaf_value=-0.053484514371215153 -0.029282460966107999 0.12571614689962343 -0.033912945854547127 -0.022758825940870982 0.1333233981307807 0.10129194890486864 -0.0052165496074223182 0.070559937700819239 -0.053699555143292214 0.14894155881454427 0.17817668842278031 0.10318160517044922 -0.029733032237941548 0.23910869036310523 0.018271426739779034 -0.022017786107320032 0.055450006991030622 0.021257951103680672 -0.020401505214659679 0.040925870748518972 -0.034076889301946217 0.037628788413995091 0.20657151580360877 0.0027065588184499861 -0.026594739806631348 -0.056109676408697108 0.19968756899961371 0.15557193464366512 0.011147083679856347 0.10389367492703146
leaf_weight=13.703023895621298 266.30213007703424 3.4436531811952582 19.480271022766829 27.998921386897564 2.1060428395867348 6.950272172689437 79.493258461356163 19.696331635117531 8.3356411606073362 2.1821291819214821 3.803179167211054 5.6293874830007544 29.212404370307922 2.2032294720411292 3.0729065760970116 169.05632701143622 20.848958641290665 156.06923442706466 4.2212186753749847 2.9859785214066505 7.2509644702076859 9.9873687736690027 4.4285316914320019 2.4562047012150288 36.320782870054259 2.6841732710599899 1.8799998909234918 4.0026558265089971 242.47748861834407 15.71953773498535
leaf_count=228 4659 27 210 361 22 29 789 128 132 20 34 34 361 26 28 2269 269 1430 48 24 94 98 32 25 438 29 15 23 2354 126
internal_value=-0.000451639 0.00800678 0.0167581 -0.00504273 0.00932622 0.0186424 0.0175311 0.0216652 0.0158092 0.0204657 0.0861072 0.0146477 0.0100614 0.0246922 0.018577 -0.0147009 0.0106218 0.0193596 0.0307662 0.0555523 0.00826022 0.0811881 0.139863 -0.00110364 -0.0129473 0.0523613 0.0871325 0.0974396 0.0184755 0.0288195
internal_weight=1174 907.7 543.33 364.37 146.466 523.85 516.9 437.406 132.763 124.427 10.1304 114.297 108.667 79.4549 77.2517 217.904 48.8479 417.71 6.32726 26.835 9.43309 17.4019 7.41451 50.4167 41.2737 9.14303 4.95291 6.45886 414.266 171.789
internal_count=14362 9703 5093 4610 1711 4883 4854 4065 1483 1351 104 1247 1213 852 826 2899 630 3937 70 268 114 154 56 558 481 77 43 48 3910 1556
is_linear=0
shrinkage=0.05


Tree=15
num_leaves=31
num_cat=0
split_feature=13 5 15 14 0 13 8 14 3 13 14 0 14 3 1 14 10 10 0 5 14 3 13 3 6 15 3 1 14 13
split_gain=105.398 34.1078 20.5834 25.0494 20.7506 21.4895 19.7741 23.7278 28.3045 18.74 16.1658 35.6656 28.0824 18.0449 18.3229 18.1533 15.2048 15.1123 15.0052 17.4883 13.7808 29.4174 16.5589 23.0784 13.4604 12.7746 12.6887 36.7093 40.5012 17.6879
threshold=0.31137180629297861 75.895146520146085 -1.1623077544770859 -1.3470545153629996 1.0000000180025095e-35 -1.8141228544626471 -0.74288411791953657 -1.9276076195088525 1.2222394987488174 -1.042042344383588 0.2211493583171473 -1.0000000180025095e-35 1.1756262036308194 -4.5124579377916163 -0.76740331506404658 1.0663811109878345 -0.22893584231036718 -1.4700348808000638 -1.0000000180025095e-35 92.33705226071686 -1.7959347568463746 1.1274406185270216 -1.3263435047254017 -1.0000000180025095e-35 -0.29969514493329213 -0.1601420233408978 -1.1355581122192453 -0.048047237308590458 0.37759590240185698 -0.79815582540064434
decision_type=2 2 2 2 2 2 2 2 2 2 2 2 2 2 2 2 2 2 2 2 2 2 2 2 2 2 2 2 2 2
left_child=1 2 3 6 10 -6 -1 -8 -9 -3 20 13 -13 15 -15 25 -17 -16 19 -2 21 22 23 -4 -19 -12 27 -5 -29 -28
right_child=18 9 4 26 5 -7 7 8 -10 -11 11 12 -14 14 17 16 -18 24 -20 -21 -22 -23 -24 -25 -26 -27 29 28 -30 -31
leaf_value=0.00092345681547434811 -0.026006070573332873 0.040870152758108555 0.13226615511443557 0.0076331916102935883 0.059273552152119408 -0.022743716229955978 0.037160779259735481 0.21668833982036806 -0.004241920688844888 0.013475176956757942 0.021645371936639464 0.021983279138451439 0.28259840958826965 -0.035512226180999244 0.066389888318071563 0.059726359866449565 -0.055552498781024799 0.027666293163070746 -0.040796511059530527 0.010309132617932634 -0.013538134469917907 0.16949572041768399 -0.020801021746303775 -0.05517744030674946 -0.012008457347662902 0.15921183306629372 0.027273920782142289 0.054213195356182256 0.30605008456861144 -0.023381281842456029
leaf_weight=7.7777791246771839 142.15396750718355 93.90414410084486 4.8836193308234215 29.934410221874714 8.4424825981259328 147.85982654243708 7.7924242094159135 5.7485223636031124 1.9386306852102277 186.22987710684538 2.4731701500713825 1.9433187544345845 2.2081991955637932 23.036928199231625 12.088063079863785 7.9216443449258813 4.4768799208104584 40.40714829787612 110.7685001976788 43.235029131174088 132.53556020185351 3.1391341164708129 16.688342947512865 2.4740106835961404 45.395044721662998 5.3127143681049374 28.440835498273373 5.2233302295207968 2.2992691248655319 43.731906250119209
leaf_count=91 2595 645 47 333 94 1817 70 54 23 1643 27 23 22 281 127 71 58 433 2091 600 1571 22 205 30 514 36 275 52 19 493
internal_value=-0.000456782 0.00827566 0.00149471 0.0188334 -0.00350021 -0.0183137 0.0659649 0.0986453 0.160972 0.0226583 0.00409158 0.0161623 0.160605 0.0119128 0.00460793 0.0556771 0.0181013 0.0140496 -0.0262364 -0.0175369 -0.00688653 0.025542 0.0067493 0.0692381 0.00667572 0.115514 0.00883469 0.0324468 0.131187 -0.00341978
internal_weight=1170.46 874.307 594.173 132.887 461.286 156.302 23.2574 15.4796 7.68715 280.134 304.984 145.263 4.15152 141.112 120.927 20.1844 12.3985 97.8903 296.157 185.389 159.721 27.1851 24.046 7.35763 85.8022 7.78588 109.63 37.457 7.5226 72.1727
internal_count=14362 9076 6788 1410 5378 1911 238 147 77 2288 3467 1592 45 1547 1355 192 129 1074 5286 3195 1875 304 282 77 947 63 1172 404 71 768
is_linear=0
shrinkage=0.05


Tree=16
num_leaves=31
num_cat=0
split_feature=13 5 16 4 1 4 4 15 10 13 2 1 1 3 8 3 13 15 5 13 13 15 9 15 15 14 10 11 15 1
split_gain=97.622 35.2213 18.5635 16.8947 21.531 16.6894 24.6819 21.6458 17.143 16.8432 15.5442 21.1671 15.4965 15.7516 24.3762 15.5324 22.3512 14.3904 21.1225 18.0335 23.9278 14.064 14.0583 13.9214 24.8039 13.4491 13.3881 13.2673 14.3113 12.3325
threshold=0.47400826743207131 49.99999999999978 -0.00021049999999999999 20.000000000000046 -336.05034310824061 75.227743271221996 49.92711370262392 0.77124896785968511 0.42855553639829663 -0.95497118185093666 0.57558169152198546 0.057152232532797734 0.3404598964084562 0.66268165729831741 0.77455843722907203 -9.8375766055456282 -1.1307110038111217 -1.2712042403175954 88.405797101450048 0.16242829685762672 -1.3423035056827917 -1.3404500239371235 0.26342602915745822 -1.2071673232120312 -1.5398350928265883 -2.01718282670199 -1.7340984431367763 5303283.2500076303 1.8321999286531014 0.64171392070025379
decision_type=2 2 2 2 2 2 2 2 2 2 2 2 2 2 2 2 2 2 2 2 2 2 2 2 2 2 2 2 2 2
left_child=1 3 5 4 -1 6 7 25 10 22 26 -12 13 15 21 16 -6 -13 -19 20 -20 -15 -9 24 -5 -3 -8 28 -7 -2
right_child=29 2 -4 23 12 27 8 9 -10 -11 11 17 -14 14 -16 -17 -18 18 19 -21 -22 -23 -24 -25 -26 -27 -28 -29 -30 -31
leaf_value=-0.053301782689480472 -0.033682276432484358 0.10168654804400488 -0.033337504544526907 -0.022334672370474672 0.16261700302599158 0.029149136074121451 0.066162735427963151 0.064387801273489129 -0.0077808891160153458 -0.030824418776675206 0.19739451902667271 -0.025520993709864451 -0.053523368762116455 0.016158634140899963 -0.019696717391640514 0.0059638600075828264 -0.035970019859349743 -0.011383903414120912 0.14507712903353001 0.14402875196115167 0.024749128329109304 0.13031364416355251 -0.024268031631804611 -0.020955502336192186 0.048697492467610501 0.0368249910436447 -0.0075180875093233046 -0.049011772663826551 0.078703157158277859 -0.0068423689867744848
leaf_weight=13.041469041258095 199.03646659851074 8.8337290287017805 19.091600112617016 27.660387739539146 3.792343758046627 101.2748935110867 6.9037696719169608 12.676437564194204 152.38234173133969 21.725035890936852 1.9616689831018437 9.5831548906862718 7.9966574199497691 3.7619381174445161 6.5675652101635924 100.74287701025605 2.2620418220758429 13.414712101221083 5.0349989235401109 5.6807732321321955 23.024359948933132 9.5410268977284431 6.9084493815898886 164.37036062031984 22.116783171892166 83.878076545894146 57.633401520550251 4.7423752248287192 17.018375281244516 54.52258438616991
leaf_count=228 3738 51 210 361 26 714 69 89 1683 245 19 98 132 30 66 1152 20 146 33 57 210 57 63 2269 269 610 650 38 108 921
internal_value=-0.000462422 0.00715541 0.0151056 -0.00496735 0.0080414 0.0168418 0.0119915 0.029592 0.00343314 -0.00051097 0.0172993 0.0359189 0.0139821 0.0182438 0.0591204 0.0106384 0.0884208 0.0303361 0.0416877 0.0627885 0.0463409 0.0980318 0.033115 -0.01394 0.00922604 0.0430051 0.000363811 0.0329908 0.0362783 -0.0279109
internal_weight=1167.18 913.622 551.768 361.853 147.706 532.677 409.641 134.022 275.619 41.3099 123.237 58.6997 134.664 126.668 19.8705 106.797 6.05439 56.738 47.1548 33.7401 28.0594 13.303 19.5849 214.148 49.7772 92.7118 64.5372 123.036 118.293 253.559
internal_count=14362 9703 5093 4610 1711 4883 4023 1058 2965 397 1282 563 1483 1351 153 1198 46 544 446 300 243 87 152 2899 630 661 719 860 822 4659
is_linear=0
shrinkage=0.05


Tree=17
num_leaves=31
num_cat=0
split_feature=13 5 13 1 4 1 0 3 10 5 14 15 2 14 14 3 4 13 3 9 8 0 15 15 12 14 13 1 3 9
split_gain=89.881 33.599 19.9962 17.723 18.8398 17.9729 17.575 16.8392 17.8719 22.403 20.0833 21.9539 25.7636 18.921 16.5849 24.7809 23.5306 26.8869 22.1537 21.6774 18.1776 19.8271 16.1148 18.1103 16.3047 16.0432 23.329 22.3438 15.8555 17.7815
threshold=0.7273643871333888 86.620403111739748 -0.28579638196375107 -336.05034310824061 1.0000000180025095e-35 0.3404598964084562 1.0000000180025095e-35 7.5221961900524592 0.60925853690690934 92.899159663865731 0.2560286748522479 -1.2246303792903579 1.9832181130310274 0.61080297152866592 -0.47903686339882329 -4.5124579377916163 25.000000000000046 -1.0055657687946693 -0.62931247976462867 1.3407044999733044 1.266701569464239 -1.0000000180025095e-35 0.78446285354215262 1.8784585094109889 64.525499999756008 0.064505890473544922 -0.83624448735732793 0.17914775791836854 1.8318251522850282 0.38786798529378691
decision_type=2 2 2 2 2 2 2 2 2 2 2 2 2 2 2 2 2 2 2 2 2 2 2 2 2 2 2 2 2 2
left_child=1 2 3 -1 5 -5 -4 8 10 13 -3 -12 22 -10 15 -6 -16 -18 19 20 -19 -22 24 -24 -13 26 -11 -28 -20 -30
right_child=-2 7 6 4 14 -7 -8 -9 9 25 11 12 -14 -15 16 -17 17 18 28 -21 21 -23 23 -25 -26 -27 27 -29 29 -31
leaf_value=-0.053130776195793365 -0.031110377377098403 0.014046117948923182 -0.0032637718719954524 0.025361931746347141 0.17229679956151189 -0.053340141373860339 -0.033876405763368665 0.072489518627560076 0.17738731903851901 0.049169164553485169 -0.0400703433333141 0.044815731613545934 0.1377713136711706 -0.011007054679708458 -0.054823246796308713 -0.017025484743739112 -0.012924086368099968 0.037454346415339138 -0.0060035442399616161 0.2006552840050814 0.046893560512980687 0.25864097123854196 -0.015593885136468722 0.092226315531461711 0.13826013662781231 -0.018018960371391991 0.11078741235022634 -0.016422224540018834 -0.019804787467771319 0.091288796877239453
leaf_weight=12.444347850978373 198.41698792949319 77.07434094324708 152.76723242923617 146.47252585738897 1.7538649961352337 7.6321248263120642 67.646094292402267 14.516934394836424 3.3906529024243346 31.843157790601254 5.626569338142871 13.364851105958225 9.5868312641978246 2.1958671100437641 12.857635393738745 119.22804034501314 53.370194435119629 34.799935095012188 40.296759814023972 2.5287191942334166 2.3907985389232635 2.0563976988196364 14.175236616283657 5.3700355514883986 7.1739033684134474 61.023467224091291 3.7514269575476638 43.230731844902039 5.502315789461135 10.428614087402819
leaf_count=228 3752 651 2110 1275 23 132 982 65 31 217 57 105 64 22 162 1513 608 403 466 27 25 20 142 29 56 570 30 435 59 103
internal_value=-0.000463143 0.00584161 -0.000312613 0.00571113 0.00737792 0.0214642 -0.012659 0.0199928 0.0172495 0.00515059 0.0305425 0.0535353 0.0641387 0.103336 -0.000233077 -0.0142809 0.0101153 0.0156312 0.0311816 0.058761 0.0496187 0.144806 0.0465281 0.0140296 0.0774546 0.00122838 0.0161289 -0.0062648 0.0106908 0.0529187
internal_weight=1162.92 964.5 672.176 451.762 439.318 154.105 220.413 292.324 277.807 145.435 132.372 55.2974 49.6709 5.58652 285.213 120.982 164.231 151.374 98.0035 41.7759 39.2471 4.4472 40.084 19.5453 20.5388 139.849 78.8253 46.9822 56.2277 15.9309
internal_count=14362 10610 8136 5044 4816 1407 3092 2474 2409 1305 1104 453 396 53 3409 1536 1873 1711 1103 475 448 45 332 171 161 1252 682 465 628 162
is_linear=0
shrinkage=0.05


Tree=18
num_leaves=31
num_cat=0
split_feature=13 5 16 14 11 1 3 12 13 10 14 14 9 11 11 13 1 15 2 3 2 0 14 3 11 5 1 14 1 12
split_gain=83.0172 30.2664 18.8024 17.9011 16.6324 17.6485 14.8986 13.9544 13.4801 13.0295 18.1702 18.8906 20.345 18.8063 15.1426 15.0427 22.2299 13.3394 17.1026 15.9191 18.1654 17.7192 15.4335 12.615 17.0201 16.9051 21.9793 12.2826 12.2555 11.7805
threshold=0.7273643871333888 49.99999999999978 -0.00021049999999999999 -0.15600355121268758 1820296.3999977114 2.16276834558525 2.4083052391032873 350.88199999998329 -0.86874520930618349 -0.78927380777169864 0.69025043179143053 0.48569710575506431 -1.4178981555974326 -2098671.8500022884 802876.400001526 -1.4456633049912455 -0.26902129621044396 -1.0540861202687737 -2.9813997243249681 -1.961480697694288 -1.6119654663853367 -1.0000000180025095e-35 -0.045245649120946668 -0.45802915773662978 -1830349.9500007627 2.5039184952975275 -0.28469412692689539 1.5153836239257357 0.64171392070025379 601.72549999970954
decision_type=2 2 2 2 2 2 2 2 2 2 2 2 2 2 2 2 2 2 2 2 2 2 2 2 2 2 2 2 2 2
left_child=1 3 4 8 5 29 -6 -8 23 14 11 -11 13 -13 17 16 -12 18 -5 20 -20 -21 -19 24 -1 -25 -27 -18 -2 -3
right_child=28 2 -4 9 6 -7 7 -9 -10 10 15 12 -14 -15 -16 -17 27 22 19 21 -22 -23 -24 25 -26 26 -28 -29 -30 -31
leaf_value=0.03848392823739346 -0.037155974603616304 0.017912132276761104 -0.034483449279597081 -0.055735917365164214 -0.022598117736418104 0.060585344038450561 0.047613787601056723 -0.014921144408082832 -0.030061740658981873 -0.0020329490169709308 -0.054454403792524669 0.045607405456114858 0.027432846106044906 0.25944560101507957 0.076547573587894643 -0.031028147524696483 0.00042218773312275985 0.1106249783831746 0.061385403184162184 -0.025611781859831841 0.24272473585102439 0.10766292101550412 -0.0063265664486858988 -0.002093596329800859 -0.028710838897602856 0.21248261192988235 0.023701450066369041 0.13817024760174318 -0.0068939620684808946 -0.015507551962656444
leaf_weight=12.238634169101713 149.94954068213701 426.66644124686718 20.439474284648895 3.3144579790532616 52.423256598412991 23.166481159627438 19.622201420366764 16.357444323599339 95.423552960157394 35.536129493266344 4.5886020958423615 1.9267463497817514 9.8021076358854753 2.204717516899108 10.060405164957045 64.479506593197584 2.5645274706184846 2.9708038493990889 3.3558426909148693 5.8036662340164185 2.3468030765652665 4.3732337504625285 55.91473200917244 10.820035226643087 40.976282045245171 2.5986033901572227 3.7913698926568022 4.3860072083771229 43.0643105879426 28.106315534561872
leaf_count=149 2987 4039 242 38 588 139 158 144 1481 406 67 21 102 20 103 854 30 33 37 62 28 36 698 134 610 26 47 31 765 287
internal_value=-0.000466693 0.00551341 0.0126298 -0.00549056 0.0143301 0.0180152 -0.00559316 0.0191835 -0.0178157 0.00407795 -0.00627083 0.0173143 0.0666576 0.15972 0.0188119 -0.021619 0.030958 0.0113728 0.0475714 0.0691342 0.136012 0.0316592 -0.000426304 -0.00122267 -0.013257 0.0359887 0.100473 0.0873456 -0.0304041 0.0158467
internal_weight=1159.27 966.258 586.782 379.477 566.342 477.939 88.4029 35.9796 165.848 213.628 125.488 49.4697 13.9336 4.13146 88.1399 76.0186 11.5391 78.0795 19.194 15.8795 5.70265 10.1769 58.8855 70.4249 53.2149 17.21 6.38997 6.95053 193.014 454.773
internal_count=14362 10610 5597 5013 5355 4465 890 302 2447 2566 1531 549 143 41 1035 982 128 932 201 163 65 98 731 966 759 207 73 61 3752 4326
is_linear=0
shrinkage=0.05


Tree=19
num_leaves=31
num_cat=0
split_feature=13 5 16 4 1 3 11 2 1 15 15 3 8 3 15 0 2 15 1 10 12 4 13 15 13 9 15 6 12 2
split_gain=76.7253 26.5731 14.9821 14.4636 18.4016 14.3397 14.2144 13.9673 13.337 12.1336 21.2496 11.8134 18.7848 12.7577 13.978 11.6996 13.3046 13.2678 17.6522 12.1799 11.5776 11.3137 20.0071 11.721 17.148 20.3095 20.011 15.0473 12.2224 12.2154
threshold=0.47400826743207131 49.99999999999978 -0.00021049999999999999 20.000000000000046 -336.05034310824061 9.7166586558106101 1873069.0999984744 4.2776437083279397 0.3404598964084562 -1.2071673232120312 -1.5398350928265883 0.66268165729831741 0.77455843722907203 -1.542850242331512 1.2746771056277946 -1.0000000180025095e-35 -2.786411063648631 -1.699663355298463 0.64171392070025379 1.583133477719501 -1222.4219999997874 16.666666666665893 -0.016425158905836911 -3.1170579668486358 -0.34545164545317403 -0.41185583401617082 -0.29886410287490456 -0.6030235485578147 -1.0000000180025095e-35 -1.1629060736607004
decision_type=2 2 2 2 2 2 2 2 2 2 2 2 2 2 2 2 2 2 2 2 2 2 2 2 2 2 2 2 2 2
left_child=1 3 5 4 -1 6 7 20 11 10 -5 13 -13 14 21 17 -17 -2 -19 -20 -3 23 -23 -6 25 26 -25 29 -27 -28
right_child=15 2 -4 9 8 -7 -8 -9 -10 -11 -12 12 -14 -15 -16 16 -18 18 19 -21 -22 22 -24 24 -26 28 27 -29 -30 -31
leaf_value=-0.052917599552255196 -0.049254489841577077 0.10137054028334454 -0.031830908075488724 -0.021662681435871228 0.14284751320869321 0.084632975265813259 -0.0064933966693519855 0.074549659253828518 -0.053200950994714571 -0.019804623016383464 0.043582858705206652 0.082714410816766143 -0.019551817810798514 -0.022900867735978381 -0.01444974846804511 0.10117429484847476 -0.04320754386781462 -0.020762254553348111 0.049240459304210338 -0.019261010430981534 0.014655614563365725 0.014925507162262125 0.24639439546975175 -0.031074121538970503 -0.039604422968156971 0.14670706321473517 0.058509120596771151 -0.010010702598396592 0.040676439112436034 0.19463869334314965
leaf_weight=11.656833313405512 26.852956715971231 3.8827174901962271 18.168021887540817 27.103404108434916 2.0572659522294989 7.156958505511283 77.009844660758972 10.208103239536284 7.3017035797238341 159.31461302936077 23.128243941813707 14.340419970452787 6.5374146625399581 23.589790835976601 23.105529543012381 1.6260895282030094 85.004250515252352 94.904482863843441 17.877599481493238 10.186512041836975 446.15625096857548 2.1666316166520123 1.6403411217033852 13.915751405060282 9.5613502338528686 5.4365021735429764 11.545211583375922 7.6118162944913008 5.4351132661104185 1.9223367646336544
leaf_count=228 516 27 210 361 10 29 763 50 132 2269 269 87 66 266 281 35 1803 1862 274 169 4014 30 16 154 120 46 112 90 56 17
internal_value=-0.000467461 0.00606194 0.0128348 -0.00460015 0.00737597 0.0143254 0.0133888 0.0167156 0.0125375 -0.0130487 0.00837843 0.0162623 0.0506921 0.00960585 0.0186917 -0.0258711 -0.0404974 -0.0174138 -0.0104607 0.0243763 0.0154037 0.0311851 0.11466 0.025657 0.0213073 0.034005 0.0154605 0.0461808 0.0936985 0.07794
internal_weight=1156.4 919.952 562.582 357.37 147.824 544.414 537.257 460.247 136.167 209.546 50.2316 128.865 20.8778 107.988 84.3978 236.452 86.6303 149.822 122.969 28.0641 450.039 61.2923 3.80697 57.4853 55.4281 45.8667 34.9951 21.0794 10.8716 13.4675
internal_count=14362 9703 5093 4610 1711 4883 4854 4091 1483 2899 630 1351 153 1198 932 4659 1838 2821 2305 443 4041 651 46 605 595 475 373 219 102 129
is_linear=0
shrinkage=0.05


end of trees

feature_importances:
pull_ema50=79
z_ls=70
vol_regime=65
z_oi=62
pull_ema21=52
pull_ema8=51
stoch_k=44
rsi=37
z_btc_20=26
cvd_delta=22
macro=21
z_cvd_20=21
funding=16
z_btc_10=13
btc_cvd_mom=12
z_cvd_4=7
z_btc_4=2

parameters:
[boosting: gbdt]
[objective: binary]
[metric: binary_logloss]
[tree_learner: serial]
[device_type: cpu]
[data_sample_strategy: bagging]
[data: ]
[valid: ]
[num_iterations: 120]
[learning_rate: 0.05]
[num_leaves: 31]
[num_threads: 1]
[seed: 0]
[deterministic: 0]
[force_col_wise: 0]
[force_row_wise: 0]
[histogram_pool_size: -1]
[max_depth: -1]
[min_data_in_leaf: 20]
[min_sum_hessian_in_leaf: 0.001]
[bagging_fraction: 1]
[pos_bagging_fraction: 1]
[neg_bagging_fraction: 1]
[bagging_freq: 0]
[bagging_seed: 3]
[bagging_by_query: 0]
[feature_fraction: 1]
[feature_fraction_bynode: 1]
[feature_fraction_seed: 2]
[extra_trees: 0]
[extra_seed: 6]
[early_stopping_round: 0]
[early_stopping_min_delta: 0]
[first_metric_only: 0]
[max_delta_step: 0]
[lambda_l1: 0]
[lambda_l2: 0]
[linear_lambda: 0]
[min_gain_to_split: 0]
[drop_rate: 0.1]
[max_drop: 50]
[skip_drop: 0.5]
[xgboost_dart_mode: 0]
[uniform_drop: 0]
[drop_seed: 4]
[top_rate: 0.2]
[other_rate: 0.1]
[min_data_per_group: 100]
[max_cat_threshold: 32]
[cat_l2: 10]
[cat_smooth: 10]
[max_cat_to_onehot: 4]
[top_k: 20]
[monotone_constraints: ]
[monotone_constraints_method: basic]
[monotone_penalty: 0]
[feature_contri: ]
[forcedsplits_filename: ]
[refit_decay_rate: 0.9]
[cegb_tradeoff: 1]
[cegb_penalty_split: 0]
[cegb_penalty_feature_lazy: ]
[cegb_penalty_feature_coupled: ]
[path_smooth: 0]
[interaction_constraints: ]
[verbosity: -1]
[saved_feature_importance_type: 0]
[use_quantized_grad: 0]
[num_grad_quant_bins: 4]
[quant_train_renew_leaf: 0]
[stochastic_rounding: 1]
[linear_tree: 0]
[max_bin: 255]
[max_bin_by_feature: ]
[min_data_in_bin: 3]
[bin_construct_sample_cnt: 200000]
[data_random_seed: 1]
[is_enable_sparse: 1]
[enable_bundle: 1]
[use_missing: 1]
[zero_as_missing: 0]
[feature_pre_filter: 1]
[pre_partition: 0]
[two_round: 0]
[header: 0]
[label_column: ]
[weight_column: ]
[group_column: ]
[ignore_column: ]
[categorical_feature: ]
[forcedbins_filename: ]
[precise_float_parser: 0]
[parser_config_file: ]
[objective_seed: 5]
[num_class: 1]
[is_unbalance: 0]
[scale_pos_weight: 1]
[sigmoid: 1]
[boost_from_average: 1]
[reg_sqrt: 0]
[alpha: 0.9]
[fair_c: 1]
[poisson_max_delta_step: 0.7]
[tweedie_variance_power: 1.5]
[lambdarank_truncation_level: 30]
[lambdarank_norm: 1]
[label_gain: ]
[lambdarank_position_bias_regularization: 0]
[eval_at: ]
[multi_error_top_k: 1]
[auc_mu_weights: ]
[num_machines: 1]
[local_listen_port: 12400]
[time_out: 120]
[machine_list_filename: ]
[machines: ]
[gpu_platform_id: -1]
[gpu_device_id: -1]
[gpu_use_dp: 0]
[num_gpu: 1]

end of parameters

pandas_categorical:[]
