tree
version=v4
num_class=1
num_tree_per_iteration=1
label_index=0
max_feature_idx=72
objective=binary sigmoid:1
feature_names=Candle Buy_Qty Sell_Qty Candle_Delta Agg._Liq_Long Agg._Liq_Short CVD Long/Short_Ratio_(Account) Whale_Ind Agg._OI Agg._Funding_Rate RSI Net_Shorts Net_Longs Price_Low Price_High Mid_Price Bid_Qty Ask_Qty Bid_USD Ask_USD Delta_Qty Delta_USD Bid_Trades Ask_Trades total_qty atr cvd_delta btc_cvd_mom ema_fast ema_slow macro_score macro z_cvd_4 z_btc_4 z_cvd_10 z_btc_10 z_cvd_20 z_btc_20 vol_regime z_oi z_ls funding liq_long_5 liq_short_5 z_bid_qty z_ask_qty z_delta_qty z_bid_trades z_ask_trades log_ret_1 log_ret_3 log_ret_5 ret_skew_10 ret_kurt_10 ret_skew_20 ret_kurt_20 atr_ratio cvd_accel atr_ratio_lag1 ret_lag1 price_atr ema_8 ema_21 ema_50 pull_ema8 pull_ema21 pull_ema50 rsi stoch_k liq_long_5_mean liq_short_5_mean btc_CVD
feature_infos=[740:229115] [12351.5703125:5290923.5] [12826.08984375:5976121.5] [-1311704.5:920232] [0:4830486.5] [0:3269984.25] [-1390295424:-3927127] [0:7.7512855529785156] [0:4.0124001502990723] [0:15504932] [-0.0098179997876286507:0.059154998511075974] [0:91.44000244140625] [0:6436547.5] [0:9106658] [1.7999999523162842:44.130001068115234] [1.7999999523162842:44.150001525878906] [1.7999999523162842:44.139999389648438] [0:173752.65625] [0:176929.703125] [0:1590001.75] [0:1322746.875] [-159056.328125:157921.609375] [-1445138.375:494479.5625] [0:1640] [0:1840] [0:194803.0625] [0.011428492143750191:1.7100001573562622] [-1809024:1344640] [-26771.875:11646] [2.0282042026519775:47.297245025634766] [2.2237272262573242:46.808544158935547] [-30.555606842041016:14.586967468261719] [-1:1] [-1.5:1.4994388818740845] [-1.4998281002044678:1.4991327524185181] [-2.7953801155090332:2.8137285709381104] [-2.8082542419433594:2.7249405384063721] [-4.1629104614257812:4.1463308334350586] [-4.135871410369873:4.0432958602905273] [-2.3221464157104492:8.3777036666870117] [-5.9718017578125:6.977257251739502] [-5.287346363067627:8.1458702087402344] [-0.0098179997876286507:0.059154998511075974] [0:12156568] [0:6478886.5] [-1.3368088006973267:2.8302102088928223] [-1.6047990322113037:2.8199763298034668] [-2.8419325351715088:2.8380370140075684] [-1.7278258800506592:2.7143175601959229] [-1.5038489103317261:2.7464544773101807] [-0.32166028022766113:0.044419333338737488] [-0.4592897891998291:0.23383882641792297] [-0.45734697580337524:0.095870107412338257] [-3.1173527240753174:2.832993745803833] [-2.2767438888549805:9.7854108810424805] [-4.370093822479248:3.1816291809082031] [-1.4620527029037476:19.343488693237305] [0.51098823547363281:3] [-1154080:933888] [0.50718551874160767:3] [-0.083292573690414429:0.045681077986955643] [9.6198825836181641:613.19769287109375] [1.7970582246780396:44.090167999267578] [1.7638221979141235:44.559940338134766] [1.7897102832794189:45.760562896728516] [-7.091611385345459:4.7577238082885742] [-8.7705163955688477:6.4027566909790039] [-9.9210720062255859:7.4398784637451172] [0:100] [0:100] [0:1781029.75] [0:1918282.75] [-2643312.25:452826.34375]
tree_sizes=853 943 864 852 859 871 964 973 967 870 970 866 974 975 975 872 974 975 869 871 865 981 935 975 871 967 972 876 974 973 874 968 867 975 987 977 870 971 979 882 876 885 978 974 976 987 990 671 980 773 989 881 982 965 774 670 984 874 889 674 872 976 773 651 976 871 882 882 671 876 782 976 980 679 673 748 571 669 983 566 680 671 892 984 877 884 976 884 959 751 979 978 672 882 976 776 755 987 877 876

Tree=0
num_leaves=7
num_cat=0
split_feature=6 40 56 47 35 36
split_gain=65.8804 64.5852 39.4423 35.9483 32.7324 13.7165
threshold=-301398031.99999994 -0.71564599871635426 0.51534417271614086 -1.3013328313827512 2.5787119865417485 -1.2124701738357542
decision_type=2 2 2 2 2 2
left_child=1 2 -1 -3 5 -2
right_child=4 3 -4 -5 -6 -7
leaf_value=-1.5200808498635787 -1.4674227938680087 -1.4781139580106946 -1.4123695945628338 -1.3721750469728686 -1.3050303520528241 -1.5798859362873376
leaf_weight=15.212980180978773 3.9977034926414481 8.8791914582252485 18.998782306909561 96.505648523569107 1.6409448981285084 8.2486550807952863
leaf_count=89 20 46 79 341 4 56
internal_value=-1.4108 -1.40047 -1.46041 -1.38105 -1.51503 -1.54277
internal_weight=153.484 139.597 34.2118 105.385 13.8873 12.2464
internal_count=635 555 168 387 80 76
is_linear=0
shrinkage=1


Tree=1
num_leaves=8
num_cat=0
split_feature=41 62 40 18 56 36 18
split_gain=69.192 45.0219 49.1737 37.4915 25.0894 24.9466 7.76048
threshold=1.5545482635498049 6.2438218593597421 -0.90840467810630787 38762.650390625007 0.35751360654830938 -1.1448758840560911 7299.0549316406259
decision_type=2 2 2 2 2 2 2
left_child=1 3 -3 -1 5 -2 -6
right_child=4 2 -4 -5 6 -7 -8
leaf_value=-0.060767613907249433 0.15807630626022992 0.025366892214331804 0.10601229596326485 0.13053815984893724 0.17754496205615863 0 0.25053275163154337
leaf_weight=9.2778333723545057 8.2755290567874926 23.577043429017067 98.981118366122246 3.5334656983613959 10.449724510312082 3.6377704888582221 6.5552679896354666
leaf_count=62 24 122 360 12 26 20 9
internal_value=0.0962826 0.0812129 0.090539 -0.00761357 0.166653 0.110104 0.205975
internal_weight=164.288 135.369 122.558 12.8113 28.9183 11.9133 17.005
internal_count=635 556 482 74 79 44 35
is_linear=0
shrinkage=0.05


Tree=2
num_leaves=7
num_cat=0
split_feature=41 62 40 18 40 43
split_gain=50.6688 36.8721 38.9897 32.6453 18.7316 13.8374
threshold=1.5545482635498049 6.2438218593597421 -0.80049633979797352 38762.650390625007 -1.6451625823974607 6086.8149414062509
decision_type=2 2 2 2 2 2
left_child=1 3 -3 -1 -2 -6
right_child=4 2 -4 -5 5 -7
leaf_value=-0.060081107866955634 0.017101815049278199 0.026222522649807779 0.095175065755291499 0.11455971676226423 0.11192452332435783 0.18394094778265946
leaf_weight=8.9236253947019559 2.7661945223808315 25.838189706206322 103.4116173684597 3.8169205486774436 11.607595831155779 17.441725805401802
leaf_count=62 13 130 352 12 34 32
internal_value=0.0862779 0.0734266 0.0814295 -0.00736828 0.143475 0.155337
internal_weight=173.806 141.99 129.25 12.7405 31.8155 29.0493
internal_count=635 556 482 74 79 66
is_linear=0
shrinkage=0.05


Tree=3
num_leaves=7
num_cat=0
split_feature=6 5 44 35 3 36
split_gain=39.1781 31.3377 37.8089 21.6089 19.4874 11.7505
threshold=-301398031.99999994 17376.580078125004 54372.449218750007 2.5787119865417485 -23953.024414062496 -1.2124701738357542
decision_type=2 2 2 2 2 2
left_child=1 2 -1 5 -3 -2
right_child=3 4 -4 -5 -6 -7
leaf_value=0.079932961196098162 0.040520970727397396 0.087748859914980909 -0.063039959374755497 0.14814462126301861 0.17119610261235535 -0.060553553435858165
leaf_weight=133.8129545301199 4.3681412935256949 13.436280176043512 4.7502378523349753 2.1020790338516226 15.450357764959334 8.2068254351615888
leaf_count=453 20 44 28 4 30 56
internal_value=0.0780891 0.0849548 0.0749955 0 0.132555 -0.0250459
internal_weight=182.127 167.45 138.563 14.677 28.8866 12.575
internal_count=635 555 481 80 74 76
is_linear=0
shrinkage=0.05


Tree=4
num_leaves=7
num_cat=0
split_feature=41 30 47 40 9 44
split_gain=36.6812 27.8762 27.4046 13.4582 12.7793 8.42123
threshold=1.5545482635498049 27.512588500976566 1.1240222454071047 -1.6451625823974607 5040634.5000000009 823476.93750000012
decision_type=2 2 2 2 2 2
left_child=1 2 -1 -2 -5 -3
right_child=3 5 -4 4 -6 -7
leaf_value=0.059173625596926828 0.0119027644618089 0.16915377238337867 -0.035580576710446038 0.055303774246911401 0.14028560271476623 0.089200812605146604
leaf_weight=131.88569512963295 2.9055989384651175 6.7341708987951261 8.0319705605506879 5.5308710038661948 27.271760940551758 7.2592364251613617
leaf_count=483 13 10 43 18 48 20
internal_value=0.0711495 0.0604896 0.0536985 0.116956 0.126109 0.128035
internal_weight=189.619 153.911 139.918 35.7082 32.8026 13.9934
internal_count=635 556 526 79 66 30
is_linear=0
shrinkage=0.05


Tree=5
num_leaves=7
num_cat=0
split_feature=6 40 56 47 35 39
split_gain=30.5473 26.3518 25.7567 22.9968 17.8766 10.2235
threshold=-301398031.99999994 -0.71564599871635426 0.51534417271614086 -1.3013328313827512 2.5787119865417485 -0.42025260627269739
decision_type=2 2 2 2 2 2
left_child=1 2 -1 -3 5 -2
right_child=4 3 -4 -5 -6 -7
leaf_value=-0.010679719222761086 0.030603957401585904 0.01265000514003013 0.069459032678650487 0.087288852990417984 0.12491295860291268 -0.061132145569799193
leaf_weight=17.303172662854195 4.8238127827644339 11.390769317746161 23.531844511628151 128.88318371772766 2.3098432123661032 7.975202962756156
leaf_count=89 23 46 79 341 4 53
internal_value=0.0652463 0.0709455 0.0353791 0.0812635 -0.00273907 -0.0261671
internal_weight=196.218 181.109 40.835 140.274 15.1089 12.799
internal_count=635 555 168 387 80 76
is_linear=0
shrinkage=0.05


Tree=6
num_leaves=8
num_cat=0
split_feature=41 62 40 18 56 31 61
split_gain=29.0914 22.9438 25.254 25.2123 13.6342 17.9449 5.03408
threshold=1.5545482635498049 6.2438218593597421 -0.90840467810630787 38762.650390625007 0.35751360654830938 -2.2656912803649898 260.78120422363287
decision_type=2 2 2 2 2 2 2
left_child=1 3 -3 -1 5 -2 -6
right_child=4 2 -4 -5 6 -7 -8
leaf_value=-0.060400224436095877 -0.019579871784975056 0.012184575965861959 0.0660238761778979 0.085697337085953743 0.10786694510513271 0.097503280503069001 0.16150734006016862
leaf_weight=8.9125950485467893 4.5940103083848944 26.738494038581848 123.36306576430798 4.403814658522605 16.284248203039173 10.844735190272329 6.8147608041763297
leaf_count=62 19 122 360 12 28 25 7
internal_value=0.0601587 0.0508804 0.0564665 -0.0117094 0.099373 0.0623397 0.123909
internal_weight=201.956 163.418 150.102 13.3164 38.5378 15.4387 23.099
internal_count=635 556 482 74 79 44 35
is_linear=0
shrinkage=0.05


Tree=7
num_leaves=8
num_cat=0
split_feature=7 39 31 20 19 37 10
split_gain=24.8655 36.7985 35.9216 32.5196 24.4708 22.7663 7.28648
threshold=2.3952403068542485 -1.0938979387283323 -2.806754350662231 9160.2651367187518 74675.761718750015 -3.2671626806259151 -1.0000000180025095e-35
decision_type=2 2 2 2 2 2 2
left_child=1 6 4 -3 -2 -4 -1
right_child=2 3 5 -5 -6 -7 -8
leaf_value=0.063601699187374003 0.055203439329605933 -0.030941961552209782 -0.064212769489010127 0.042665996918291697 -0.066667378816829034 0.11231481666138735 0.13973834713227754
leaf_weight=5.0944039076566687 39.969709604978561 18.307470887899399 1.8655238300561894 81.554332815110683 4.5565201044082633 45.878848344087601 9.6864094734191877
leaf_count=15 120 86 10 277 24 89 14
internal_value=0.055731 0.0400872 0.0751136 0.0291215 0.0426197 0.105313 0.113835
internal_weight=206.913 114.643 92.2706 99.8618 44.5262 47.7444 14.7808
internal_count=635 392 243 363 144 99 29
is_linear=0
shrinkage=0.05


Tree=8
num_leaves=8
num_cat=0
split_feature=41 61 57 38 56 31 61
split_gain=23.0043 21.0864 25.8697 25.5628 10.9377 14.0846 3.88772
threshold=1.5545482635498049 192.35963439941409 1.5376977324485781 1.4372135400772097 0.35751360654830938 -2.2656912803649898 260.78120422363287
decision_type=2 2 2 2 2 2 2
left_child=1 2 -1 -3 5 -2 -6
right_child=4 3 -4 -5 6 -7 -8
leaf_value=0.06242932713393623 -0.019982171153959255 0.031792914768192175 -0.0029946072608564075 -0.067354012134815691 0.09295806391045193 0.082588594458952391 0.13872103615035922
leaf_weight=111.77961828559637 4.6070719659328487 33.624800689518452 17.304171472787857 8.039670027792452 17.222215503454212 11.585186198353766 7.3483288884162894
leaf_count=326 19 116 71 43 28 25 7
internal_value=0.0517424 0.0436258 0.0536203 0.0125413 0.0856187 0.053096 0.106848
internal_weight=211.511 170.748 129.084 41.6645 40.7628 16.1923 24.5705
internal_count=635 556 397 159 79 44 35
is_linear=0
shrinkage=0.05


Tree=9
num_leaves=7
num_cat=0
split_feature=6 47 40 6 35 36
split_gain=21.619 19.9162 19.6665 16.8011 14.01 9.76748
threshold=-301398031.99999994 -1.3013328313827512 -0.71564599871635426 -1261285631.9999998 2.5787119865417485 -1.2124701738357542
decision_type=2 2 2 2 2 2
left_child=1 3 -3 -1 5 -2
right_child=4 2 -4 -5 -6 -7
leaf_value=0.072569890648596133 0.027133571952108346 0.027057177344214679 0.065908177970912307 -0.043932941815413823 0.098904196664922728 -0.061500141806934076
leaf_weight=4.637453004717826 4.8366096168756476 42.817078962922096 142.99887685477734 9.269118055701254 2.5572686344385138 8.4158546775579435
leaf_count=11 20 160 341 43 4 56
internal_value=0.0482026 0.0526612 0.0569828 -0.00472296 -0.0078064 -0.0287752
internal_weight=215.532 199.723 185.816 13.9066 15.8097 13.2525
internal_count=635 555 501 54 80 76
is_linear=0
shrinkage=0.05


Tree=10
num_leaves=8
num_cat=0
split_feature=54 30 41 10 22 57 9
split_gain=20.1527 39.9121 19.145 17.1088 16.5323 13.0945 10.6259
threshold=-1.0304792523384092 15.594177246093752 1.5545482635498049 1.0000000180025095e-35 -28429.745117187496 1.2532541155815127 4745791.2500000009
decision_type=2 2 2 2 2 2 2
left_child=1 3 4 -1 -2 -3 -4
right_child=2 5 6 -5 -6 -7 -8
leaf_value=-0.055991662655230513 -0.019963099058062334 0.034773359856704232 0.014253618059849947 0.070624901755454203 0.04775544246423543 0.13630752810714558 0.09410099677720124
leaf_weight=16.761442013084892 9.5314964577555639 8.1970990002155286 4.9552512019872657 3.1414093151688567 138.59521981328726 5.3806792795658103 32.387419015169144
leaf_count=83 43 23 15 8 407 7 49
internal_value=0.0450493 0.00916436 0.0515002 -0.0357556 0.0433642 0.0753781 0.0836394
internal_weight=218.95 33.4806 185.469 19.9029 148.127 13.5778 37.3427
internal_count=635 121 514 91 450 30 64
is_linear=0
shrinkage=0.05


Tree=11
num_leaves=7
num_cat=0
split_feature=0 5 5 44 33 17
split_gain=18.8653 19.5794 18.2796 23.0098 18.1757 10.6688
threshold=39620.000000000007 325267.53125000006 17376.580078125004 54372.449218750007 -1.2594600915908811 25472.410156250004
decision_type=2 2 2 2 2 2
left_child=1 5 3 -2 -4 -1
right_child=2 -3 4 -5 -6 -7
leaf_value=-0.063414018167153724 0.042910381715619533 0.062568494853479609 0.01174618770123385 -0.066760871585196183 0.099044350854513241 0.076306844104122251
leaf_weight=10.288641840219499 163.72908392548561 6.6188450381159774 7.8164390176534644 4.8915195167064658 27.103284552693367 1.5449298247694958
leaf_count=65 451 18 25 26 45 5
internal_value=0.0421858 -0.00598427 0.0465773 0.0396993 0.0796467 -0.0447503
internal_weight=221.993 18.4524 203.54 168.621 34.9197 11.8336
internal_count=635 88 547 477 70 70
is_linear=0
shrinkage=0.05


Tree=12
num_leaves=8
num_cat=0
split_feature=7 5 31 39 12 19 53
split_gain=17.6307 29.0305 26.7455 24.1352 22.1919 18.8381 17.9032
threshold=2.3952403068542485 1941.2300415039065 -2.806754350662231 -1.0938979387283323 3112634.1250000005 74675.761718750015 -0.76770219206809986
decision_type=2 2 2 2 2 2 2
left_child=1 4 5 -3 -1 -2 -4
right_child=2 3 6 -5 -6 -7 -8
leaf_value=-0.018110931329449867 0.038297994013720915 0.11223441281054219 0.015605458888293334 0.034928701562206753 0.044853814424451369 -0.067498383738405526 0.093142690687778459
leaf_weight=41.765721835196018 43.706602916121483 12.933750763535498 9.1710190176963788 47.867205604910851 21.028522834181786 4.6250890344381324 43.605313047766685
leaf_count=167 120 16 26 150 59 24 73
internal_value=0.0395707 0.0268242 0.0551027 0.0514556 0.00289506 0.0280704 0.0797637
internal_weight=224.703 123.595 101.108 60.801 62.7942 48.3317 52.7763
internal_count=635 392 243 166 226 144 99
is_linear=0
shrinkage=0.05


Tree=13
num_leaves=8
num_cat=0
split_feature=41 31 48 47 60 10 56
split_gain=17.0127 17.0933 20.0125 17.7888 9.70772 14.6314 4.93967
threshold=1.5545482635498049 -4.9781372547149649 -0.61473521590232838 -1.3013328313827512 0.00071631040191277872 -1.0000000180025095e-35 0.35751360654830938
decision_type=2 2 2 2 2 2 2
left_child=1 2 -1 -3 6 -6 -2
right_child=4 3 -4 -5 5 -7 -8
leaf_value=-0.071383021739202912 0.050744199468623796 -0.017662205725995469 0.019056157310094274 0.043530490275425548 -0.034478040726147817 0.095592682674925544 0.091603583639512556
leaf_weight=7.7506961524486533 12.088938668370245 12.91008324921131 29.017517454922199 133.87889552116394 5.2635725885629654 3.6379822343587858 22.472852230072021
leaf_count=38 28 54 93 371 20 4 27
internal_value=0.0371896 0.0304782 0 0.0381145 0.0654189 0.0181189 0.0774566
internal_weight=227.021 183.557 36.7682 146.789 43.4633 8.90155 34.5618
internal_count=635 556 131 425 79 24 55
is_linear=0
shrinkage=0.05


Tree=14
num_leaves=8
num_cat=0
split_feature=54 30 41 40 10 18 9
split_gain=16.2658 32.2519 15.1197 15.6681 14.5726 10.757 8.47843
threshold=-1.0304792523384092 15.594177246093752 1.5545482635498049 -0.90840467810630787 1.0000000180025095e-35 1254.2550048828127 4745791.2500000009
decision_type=2 2 2 2 2 2 2
left_child=1 4 3 -2 -1 -3 -4
right_child=2 5 6 -5 -6 -7 -8
leaf_value=-0.056606031190086281 -0.001051940535281891 0.015858513875186924 0.0075508412517084969 0.040821651807367396 0.057344917135287332 0.10334131348857295 0.077812187570270211
leaf_weight=16.790408074855808 26.736616343259811 7.0900552570819837 5.1049662679433814 129.04756405949593 3.3268929049372664 7.2834761887788773 33.655671447515488
leaf_count=83 106 20 15 344 8 10 49
internal_value=0.0350061 0.0032027 0.0406188 0.033603 -0.0375129 0.0605364 0.0686874
internal_weight=229.036 34.4908 194.545 155.784 20.1173 14.3735 38.7606
internal_count=635 121 514 450 91 30 64
is_linear=0
shrinkage=0.05


Tree=15
num_leaves=7
num_cat=0
split_feature=6 47 72 6 54 17
split_gain=14.9751 14.6423 15.4754 13.2548 11.4295 8.35062
threshold=-301398031.99999994 -1.3013328313827512 -2186070.7499999995 -1261285631.9999998 0.30598333477973944 13393.655273437502
decision_type=2 2 2 2 2 2
left_child=1 3 -3 -1 -2 -6
right_child=4 2 -4 -5 5 -7
leaf_value=0.054346708371187484 -0.062431586664298745 0.01004777464882782 0.046575222295860488 -0.046411714765159012 -0.0049328787142579019 0.10116671204935337
leaf_weight=4.9331479370594016 6.8273713663220432 35.665407821536064 164.06341874599457 9.5449911803007108 7.0600657910108549 2.4787830114364624
leaf_count=11 44 110 391 43 32 4
internal_value=0.033024 0.0365523 0.0400776 -0.0117349 -0.0128496 0.0221142
internal_weight=230.573 214.207 199.729 14.4781 16.3662 9.53885
internal_count=635 555 501 54 80 36
is_linear=0
shrinkage=0.05


Tree=16
num_leaves=8
num_cat=0
split_feature=54 30 41 40 42 59 9
split_gain=14.1526 28.4032 13.6211 14.0551 13.2179 9.93132 7.41054
threshold=-1.0304792523384092 15.594177246093752 1.5545482635498049 -0.90840467810630787 1.0000000180025095e-35 1.2128999233245852 4745791.2500000009
decision_type=2 2 2 2 2 2 2
left_child=1 4 3 -2 -1 -3 -4
right_child=2 5 6 -5 -6 -7 -8
leaf_value=-0.055912522448123739 -0.0028433490327711081 0.019808196996822753 0.0058512310394799802 0.036506903452958449 0.051853041291643059 0.10462052696309272 0.071363108568111899
leaf_weight=16.500316381454471 27.15009069442749 8.7192896008491498 5.1390610784292212 131.37458100914955 3.391371861100196 5.9232022613286963 33.926788374781609
leaf_count=83 106 23 15 344 8 7 49
internal_value=0.0311503 0.00146755 0.0363128 0.029736 -0.037288 0.0544581 0.0628731
internal_weight=232.125 34.5342 197.591 158.525 19.8917 14.6425 39.0658
internal_count=635 121 514 450 91 30 64
is_linear=0
shrinkage=0.05


Tree=17
num_leaves=8
num_cat=0
split_feature=7 39 24 31 19 40 42
split_gain=13.575 23.3162 27.0886 21.1285 15.7783 15.4906 4.66364
threshold=2.3952403068542485 -1.0938979387283323 64.500000000000014 -2.806754350662231 74675.761718750015 -2.1014540195465083 -1.0000000180025095e-35
decision_type=2 2 2 2 2 2 2
left_child=1 6 -3 4 -2 -5 -1
right_child=3 2 -4 5 -6 -7 -8
leaf_value=0.035061307275754593 0.028238607681689527 -0.021845663520600033 0.029147939679190538 -0.069183699893070105 -0.068181080922557258 0.069532520297809555 0.092239811176063141
leaf_weight=5.7277227640152004 45.348328053951263 41.455292314291 69.770306847989559 2.0560501962900153 4.6557700335979453 52.925828740000725 11.198974817991255
leaf_count=15 120 161 202 10 24 89 14
internal_value=0.0294581 0.0184691 0.010097 0.0428244 0.0191612 0.0642543 0.0731869
internal_weight=233.138 128.152 111.226 104.986 50.0041 54.9819 16.9267
internal_count=635 392 363 243 144 99 29
is_linear=0
shrinkage=0.05


Tree=18
num_leaves=7
num_cat=0
split_feature=45 45 0 61 35 66
split_gain=13.4244 27.7323 21.4376 20.4846 14.0833 5.71777
threshold=1.2489369511604311 0.66985172033309948 196834.50000000003 95.661815643310561 -2.5745284557342525 -2.6278450489044185
decision_type=2 2 2 2 2 2
left_child=1 2 -1 -2 -5 -3
right_child=3 5 -4 4 -6 -7
leaf_value=0.032922647774324514 -0.073775067491774579 0.013282453112035079 -0.021992011037289524 -0.075135713491827377 0.067087241037772166 -0.073436331126847845
leaf_weight=157.20286381244659 2.9819422364234915 2.3115472197532645 19.924764096736908 1.7846132665872563 41.13458326458931 8.7295828461647016
leaf_count=413 14 7 72 8 78 43
internal_value=0.0278656 0.0219058 0.0267172 0.0521888 0.061057 -0.0548282
internal_weight=234.07 188.169 177.128 45.9011 42.9192 11.0411
internal_count=635 535 485 100 86 50
is_linear=0
shrinkage=0.05


Tree=19
num_leaves=7
num_cat=0
split_feature=62 47 48 20 6 53
split_gain=12.6826 14.0281 14.8488 13.7118 11.6942 8.18424
threshold=6.2438218593597421 -1.3013328313827512 1.1164074540138247 403918.75000000006 -1261285631.9999998 -0.62595525383949269
decision_type=2 2 2 2 2 2
left_child=3 4 -3 5 -2 -1
right_child=1 2 -4 -5 -6 -7
leaf_value=0.017950816949996656 0.045038997297244143 0.026908043962946916 0.063399973480478572 0.091592757917476911 -0.04803628511562099 -0.063141204061930079
leaf_weight=4.5787025913596162 5.0274652838706961 170.08305440098047 33.69554977118969 2.4798648804426184 10.087189525365828 9.1955481916666031
leaf_count=15 11 441 60 3 46 59
internal_value=0.0263388 0.0295111 0.0329667 -0.0160752 -0.0167466 -0.0358224
internal_weight=235.147 218.893 203.779 16.2541 15.1147 13.7743
internal_count=635 558 501 77 57 74
is_linear=0
shrinkage=0.05


Tree=20
num_leaves=7
num_cat=0
split_feature=6 5 44 33 5 17
split_gain=11.7092 14.8801 18.8662 14.7442 9.8347 8.1575
threshold=-301398031.99999994 17376.580078125004 54372.449218750007 -1.2594600915908811 325267.53125000006 32017.115234375004
decision_type=2 2 2 2 2 2
left_child=1 2 -1 -3 5 -2
right_child=4 3 -4 -5 -6 -7
leaf_value=0.024773369186432973 -0.062372465929349967 -0.001721431120834734 -0.069355797433429942 0.07218048701550997 0.037075659563298946 0.058554378389172726
leaf_weight=174.73860545456409 9.1544299349188822 8.4862883985042554 5.4641911312937728 30.657151222229004 5.7031782120466223 1.6034227162599552
leaf_count=453 60 26 28 48 16 4
internal_value=0.0249461 0.0280065 0.0218914 0.0560308 -0.0155305 -0.0438839
internal_weight=235.807 219.346 180.203 39.1434 16.461 10.7579
internal_count=635 555 481 74 80 64
is_linear=0
shrinkage=0.05


Tree=21
num_leaves=8
num_cat=0
split_feature=31 7 54 52 5 31 53
split_gain=12.1275 19.6028 17.5599 19.3964 16.0662 15.5613 15.185
threshold=-2.806754350662231 2.4348409175872807 2.0052247047424321 -0.0099303415045142156 20425.924804687504 -3.5029221773147579 -0.76770219206809986
decision_type=2 2 2 2 2 2 2
left_child=2 4 5 -4 -2 -1 -3
right_child=1 6 3 -5 -6 -7 -8
leaf_value=0.0046482733604285937 0.0047638742785745007 -0.0011030293052231299 0.08749372012019753 -0.015650125467047495 0.049074533591113106 -0.074805426156778737 0.068644161673475645
leaf_weight=60.372571535408497 65.88761093467474 9.2946837395429593 12.602239832282068 7.0249636620283118 29.867946669459343 6.8563550859689704 44.458028569817543
leaf_count=189 209 26 17 24 68 33 69
internal_value=0.0236354 0.0322803 0.00869727 0.0503218 0.0186374 -0.00338045 0.0564908
internal_weight=236.364 149.508 86.8561 19.6272 95.7556 67.2289 53.7527
internal_count=635 372 263 41 277 222 95
is_linear=0
shrinkage=0.05


Tree=22
num_leaves=8
num_cat=0
split_feature=54 30 41 28 10 58 9
split_gain=11.7401 23.5166 11.5126 13.6545 10.7776 9.67714 6.52295
threshold=-1.0304792523384092 15.594177246093752 1.5545482635498049 708.42187500000011 1.0000000180025095e-35 -7711.9999999999991 4745791.2500000009
decision_type=2 2 2 2 2 2 2
left_child=1 4 3 -2 -1 -3 -4
right_child=2 5 6 -5 -6 -7 -8
leaf_value=-0.056901226384471731 0.014218877460565927 0 0 0.051580896096253985 0.039220619271678477 0.08108393809953382 0.059708028473376695
leaf_weight=16.472507908940319 132.91875446587801 7.0106683522462845 5.2359051704406729 30.195632740855217 3.4797903299331656 7.8901906460523588 33.563437402248383
leaf_count=83 383 19 15 67 8 11 49
internal_value=0.0224117 -0.0042629 0.0270409 0.021166 -0.0398865 0.0431016 0.0516106
internal_weight=236.767 34.8532 201.914 163.114 19.9523 14.9009 38.7993
internal_count=635 121 514 450 91 30 64
is_linear=0
shrinkage=0.05


Tree=23
num_leaves=8
num_cat=0
split_feature=31 55 7 58 49 59 68
split_gain=10.6474 25.6281 16.0702 17.2546 13.6869 11.7319 3.68203
threshold=-5.2328510284423819 -0.82806795835494984 2.8669576644897465 -100479.99999999999 -0.47595326602458948 0.96874541044235241 35.634826660156257
decision_type=2 2 2 2 2 2 2
left_child=1 6 3 -2 -3 -4 -1
right_child=2 4 5 -5 -6 -7 -8
leaf_value=0.033499556112753431 -0.027391531350607203 0.0037893634221082897 -0.0067971954220796358 0.025415589155848812 -0.061424999555343952 0.069899693370117422 0.088199622995207588
leaf_weight=7.332511827349661 17.324007332324982 18.487638711929321 5.8636653125286093 138.5735390111804 14.066518396139143 29.41229285299778 5.9040258824825287
leaf_count=17 66 58 18 364 62 44 6
internal_value=0.0212726 -0.0002754 0.02646 0.0195154 -0.0242359 0.0570092 0.0582757
internal_weight=236.964 45.7907 191.174 155.898 32.5542 35.276 13.2365
internal_count=635 143 492 430 120 62 23
is_linear=0
shrinkage=0.05


Tree=24
num_leaves=7
num_cat=0
split_feature=0 40 37 5 47 17
split_gain=10.444 13.3342 16.5628 13.2098 10.0855 7.57436
threshold=39620.000000000007 -0.71564599871635426 -2.8781090974807735 325267.53125000006 -1.465597331523895 32017.115234375004
decision_type=2 2 2 2 2 2
left_child=3 2 -2 5 -3 -1
right_child=1 4 -4 -5 -6 -7
leaf_value=-0.063807073255072191 -0.072398061400306732 -0.017714833633599585 0.011975991149832083 0.037910673455276739 0.033196527471657584 0.050231634962103568
leaf_weight=10.261945031583311 6.7146583050489417 10.235621467232702 43.429942108690739 7.2178501933813086 157.66382011026144 1.6470972448587407
leaf_count=66 32 36 136 18 343 4
internal_value=0.0201886 0.0233052 0.000578095 -0.015079 0.030063 -0.0476149
internal_weight=237.171 218.044 50.1446 19.1269 167.899 11.909
internal_count=635 547 168 88 379 70
is_linear=0
shrinkage=0.05


Tree=25
num_leaves=8
num_cat=0
split_feature=54 30 41 57 30 18 9
split_gain=10.4742 20.729 10.3481 12.6877 10.1541 8.84309 5.84485
threshold=-1.0304792523384092 15.594177246093752 1.5545482635498049 1.5376977324485781 6.6096200942993173 1692.2000122070315 4745791.2500000009
decision_type=2 2 2 2 2 2 2
left_child=1 4 3 -2 -1 -3 -4
right_child=2 5 6 -5 -6 -7 -8
leaf_value=0.033002201682932719 0.02302699705828825 0.0063497193708943805 -0.0011225404962235499 -0.02049950154790087 -0.057491838090740446 0.085702551674761041 0.05478765127353951
leaf_weight=3.7734638974070576 145.45414780080318 9.00368484854698 5.2410422116518012 18.798672139644623 15.934168457984923 5.9189437776803961 33.060443952679634
leaf_count=14 383 23 15 67 77 7 49
internal_value=0.0191721 -0.00612506 0.0235217 0.018015 -0.039911 0.0381595 0.0470066
internal_weight=237.185 34.6303 202.554 164.253 19.7076 14.9226 38.3015
internal_count=635 121 514 450 91 30 64
is_linear=0
shrinkage=0.05


Tree=26
num_leaves=8
num_cat=0
split_feature=45 46 0 45 45 36 28
split_gain=10.1278 23.3816 18.1499 16.9243 12.2543 23.8336 10.108
threshold=1.2489369511604311 0.35717864334583288 196834.50000000003 0.064950138330459609 1.879575312137604 -1.8580852150917051 -495.59374999999994
decision_type=2 2 2 2 2 2 2
left_child=1 2 -1 -3 6 -6 -2
right_child=4 3 -4 -5 5 -7 -8
leaf_value=0.026643508529409689 0.0062781089929540837 0.0025778059256120079 -0.024663437908254024 -0.075801960240088187 0.087173938822090721 -0.02481740510136124 0.081620027369815829
leaf_weight=142.7902407720685 6.0428593307733562 17.100249595940117 19.50298585742712 11.401342958211897 7.0349159091711071 14.544305451214312 18.636567257344723
leaf_count=361 16 51 69 54 8 52 24
internal_value=0.0182221 0.013094 0.0204471 -0.0286006 0.0392654 0.0114605 0.0633748
internal_weight=237.053 190.795 162.293 28.5016 46.2586 21.5792 24.6794
internal_count=635 535 430 105 100 60 40
is_linear=0
shrinkage=0.05


Tree=27
num_leaves=7
num_cat=0
split_feature=62 20 40 18 47 53
split_gain=9.78409 11.1619 10.8632 17.4463 10.0178 6.11122
threshold=6.2438218593597421 403918.75000000006 -0.71564599871635426 12493.969726562502 -1.465597331523895 -0.62595525383949269
decision_type=2 2 2 2 2 2
left_child=1 5 3 -2 -4 -1
right_child=2 -3 4 -5 -6 -7
leaf_value=0.007159401774450045 -0.015342100283031996 0.076157812550971926 -0.020331906329773348 0.063245007295639574 0.028984171604532562 -0.06281406165721623
leaf_weight=4.6248359382152566 38.979008115828037 2.4972276836633673 10.87286915630102 8.6223080754280073 162.55041556060314 8.8827927857637405
leaf_count=15 142 3 41 16 359 59
internal_value=0.0173099 -0.0202857 0.0200549 -0.00100211 0.0258634 -0.0384859
internal_weight=237.029 16.0049 221.025 47.6013 173.423 13.5076
internal_count=635 77 558 158 400 74
is_linear=0
shrinkage=0.05


Tree=28
num_leaves=8
num_cat=0
split_feature=7 5 38 54 10 4 20
split_gain=9.51556 19.8867 16.2876 16.0748 13.0829 19.7583 11.1794
threshold=2.3952403068542485 1941.2300415039065 3.0233548879623418 -1.16127073764801 -9.9499997304519625e-05 12309.520019531252 19356.224609375004
decision_type=2 2 2 2 2 2 2
left_child=1 2 -1 -3 5 -2 -6
right_child=4 3 -4 -5 6 -7 -8
leaf_value=-0.019205432535821007 0.021629506090192291 -0.046948856930454225 0.070500434194022743 0.03570336224807262 0.072214149276468978 -0.078852716903601391 0.020218528406778236
leaf_weight=61.05663538724184 58.118778221309185 6.5009380578994742 5.499949485063552 57.707583092153072 23.542715176939964 5.3264260068535796 19.015515685081482
leaf_count=218 139 30 8 136 33 25 46
internal_value=0.0164588 0.00738173 -0.0117174 0.0272572 0.0276091 0.0131149 0.0490994
internal_weight=236.769 130.765 66.5566 64.2085 106.003 63.4452 42.5582
internal_count=635 392 226 166 243 164 79
is_linear=0
shrinkage=0.05


Tree=29
num_leaves=8
num_cat=0
split_feature=31 7 7 56 53 40 13
split_gain=10.0688 15.6724 18.6893 13.956 13.0687 12.8037 11.593
threshold=-2.806754350662231 2.3952403068542485 2.2834390401840214 0.64095914363861095 -0.76770219206809986 -0.71564599871635426 5922612.2500000009
decision_type=2 2 2 2 2 2 2
left_child=3 2 -2 5 -3 -1 -5
right_child=1 4 -4 6 -6 -7 -8
leaf_value=-0.067982689728980764 0.016606951947389072 -0.010145440654143197 -0.079364055815768192 0.01211341465856538 0.05553069313636394 -0.0029458140639758434 0.085924461079681158
leaf_weight=9.4374557659029943 89.247518956661224 8.9175016134977323 5.3649753183126441 31.929765909910202 46.043216407299042 39.154460966587067 6.4483532756566992
leaf_count=50 249 26 24 86 73 118 9
internal_value=0.0156488 0.0235181 0.0111121 0.00205731 0.0447836 -0.0156801 0.0246455
internal_weight=236.543 149.573 94.6125 86.97 54.9607 48.5919 38.3781
internal_count=635 372 273 263 99 168 95
is_linear=0
shrinkage=0.05


Tree=30
num_leaves=7
num_cat=0
split_feature=31 7 7 68 33 53
split_gain=9.0767 14.2321 17.1424 13.2029 14.2111 11.8596
threshold=-2.806754350662231 2.3952403068542485 2.2834390401840214 69.774089813232436 -1.0595259070396421 -0.76770219206809986
decision_type=2 2 2 2 2 2
left_child=3 2 -2 4 -1 -3
right_child=1 5 -4 -5 -6 -7
leaf_value=0.014069920645178584 0.015737704942143518 -0.0096372397133877505 -0.077136295749823849 -0.07497749656470519 -0.054579074983436074 0.052918447246908286
leaf_weight=73.133138053119183 89.462404325604439 8.9183371067047101 5.2469112277030936 5.2304659783840171 8.3867491483688337 45.903655260801315
leaf_count=204 249 26 24 25 34 73
internal_value=0.0148783 0.0223459 0.0105397 0.00194892 0.00694599 0.0426508
internal_weight=236.282 149.531 94.7093 86.7504 81.5199 54.822
internal_count=635 372 273 263 238 99
is_linear=0
shrinkage=0.05


Tree=31
num_leaves=8
num_cat=0
split_feature=41 57 61 39 56 72 61
split_gain=8.96928 11.6156 17.8893 17.6246 7.31595 7.79661 3.21785
threshold=1.5545482635498049 1.5376977324485781 60.189231872558601 1.4192093610763552 0.35751360654830938 -1246461.8124999998 260.78120422363287
decision_type=2 2 2 2 2 2 2
left_child=1 3 -3 -1 5 -2 -6
right_child=4 2 -4 -5 6 -7 -8
leaf_value=0.0056684820727356229 -0.01707297136581129 0.037111601399810866 -0.060792198497649746 0.045142212267931865 0.040252378312815446 0.05150727894669041 0.080908420599073522
leaf_weight=138.3363985940814 10.372328951954843 7.158854782581332 13.175781346857546 35.682830691337585 17.023292928934101 6.8429175913333884 7.4580477476119986
leaf_count=408 33 16 59 73 28 11 7
internal_value=0.0141439 0.0095941 -0.0260791 0.0137913 0.0352312 0.00989667 0.0528422
internal_weight=236.05 194.354 20.3346 174.019 41.6966 17.2152 24.4813
internal_count=635 556 75 481 79 44 35
is_linear=0
shrinkage=0.05


Tree=32
num_leaves=7
num_cat=0
split_feature=0 14 5 44 33 37
split_gain=8.73545 10.9508 10.8563 13.5524 10.9627 9.68739
threshold=39620.000000000007 16.159999847412113 17376.580078125004 54372.449218750007 -1.2594600915908811 3.2526614665985112
decision_type=2 2 2 2 2 2
left_child=1 5 3 -2 -4 -1
right_child=2 -3 4 -5 -6 -7
leaf_value=-0.052274807442002406 0.013509878119574551 0.073987189665520287 -0.008938760888201917 -0.07000453587903431 0.055324016502460022 0.048301379754848238
leaf_weight=13.526501230895525 174.04411099106073 2.6935850083827964 8.4244776070117933 4.9802447706460944 29.187644466757774 2.8587746247649184
leaf_count=78 451 4 25 26 45 6
internal_value=0.0134587 -0.0188545 0.0163276 0.0111587 0.0407973 -0.0344219
internal_weight=235.715 19.0789 216.636 179.024 37.6121 16.3853
internal_count=635 88 547 477 70 84
is_linear=0
shrinkage=0.05


Tree=33
num_leaves=8
num_cat=0
split_feature=45 45 0 45 37 28 68
split_gain=8.77246 20.2783 15.0581 10.5819 21.1016 9.04463 4.73349
threshold=1.2489369511604311 0.66985172033309948 196834.50000000003 1.879575312137604 -2.5534758567810054 -495.59374999999994 22.029409408569339
decision_type=2 2 2 2 2 2 2
left_child=1 2 -1 5 -5 -2 -3
right_child=3 6 -4 4 -6 -7 -8
leaf_value=0.017235611609565143 0.00032967227157540971 0.0083966144619491354 -0.028652414928209708 0.053691402742628791 -0.04589490900530091 0.072333025838297746 -0.074680149314256969
leaf_weight=158.84686037898064 5.8967708423733738 2.003806233406066 20.072146743535995 11.276354044675829 10.045168891549109 18.430780604481697 8.7157202288508397
leaf_count=413 16 6 72 21 39 24 44
internal_value=0.0128063 0.00803445 0.0120597 0.0325202 0.00653899 0.0550856 -0.0586841
internal_weight=235.288 189.639 178.919 45.6491 21.3215 24.3276 10.7195
internal_count=635 535 485 100 60 40 50
is_linear=0
shrinkage=0.05


Tree=34
num_leaves=8
num_cat=0
split_feature=31 56 48 60 61 62 24
split_gain=8.37868 14.5543 12.7909 12.2465 12.0715 13.2553 12.5714
threshold=-5.2328510284423819 0.70822551846504223 -0.32034170627593989 -1.0000000180025095e-35 91.720474243164077 20.462287902832035 7.5000000000000009
decision_type=2 2 2 2 2 2 2
left_child=1 2 -1 -3 5 -2 -6
right_child=4 3 -4 -5 6 -7 -8
leaf_value=-0.0051055258788991892 -0.043170454909357538 0.062533083275698217 -0.076605320655740244 -0.025423251493149054 -0.050316448041205025 0.035180155320768798 0.024268257685572038
leaf_weight=19.137892276048664 15.770395867526533 10.599363058805467 9.4169114977121335 6.2177346348762503 5.8149524554610243 8.146000072360037 159.81579148024321
leaf_count=60 66 16 46 21 23 16 387
internal_value=0.0121841 -0.00703869 -0.0288601 0.0297159 0.0168118 -0.0162749 0.0216196
internal_weight=234.919 45.3719 28.5548 16.8171 189.547 23.9164 165.631
internal_count=635 143 106 37 492 82 410
is_linear=0
shrinkage=0.05


Tree=35
num_leaves=8
num_cat=0
split_feature=41 61 22 47 60 44 58
split_gain=8.11431 10.2118 12.6521 12.1714 6.96917 11.257 4.20224
threshold=1.5545482635498049 192.35963439941409 -36588.695312499993 0.35636049509048467 0.00071631040191277872 16846.133789062504 -66655.999999999985
decision_type=2 2 2 2 2 2 2
left_child=1 2 -1 -3 6 -6 -2
right_child=4 3 -4 -5 5 -7 -8
leaf_value=-0.070835460835433725 0.010931303535408256 -0.037643072777121936 0.016323113160942853 0.013400254026599976 -0.053883145401766114 0.064456308444678631 0.053109960576980468
leaf_weight=4.2694498747587195 8.249176159501074 24.250853918492794 142.89828174561262 22.341681629419327 5.2308536171913129 3.2477290630340576 24.070139199495316
leaf_count=21 19 93 376 66 20 4 36
internal_value=0.0115862 0.00728541 0.0137606 -0.0130599 0.0318894 -0.00796339 0.042499
internal_weight=234.558 193.76 147.168 46.5925 40.7979 8.47858 32.3193
internal_count=635 556 397 159 79 24 55
is_linear=0
shrinkage=0.05


Tree=36
num_leaves=7
num_cat=0
split_feature=48 23 48 0 72 29
split_gain=8.06859 15.9016 14.5965 13.7565 11.4519 0.134914
threshold=1.1164074540138247 251.00000000000003 1.3636021614074709 123185.00000000001 -2550804.8749999995 9.1640777587890643
decision_type=2 2 2 2 2 2
left_child=1 4 5 -4 -1 -2
right_child=2 -3 3 -5 -6 -7
leaf_value=-0.079233850786924076 0.063133821897719808 -0.073874794023155207 0.039404358840133102 -0.035699817382392064 0.011097595985903451 0.080226974117880268
leaf_weight=3.5645113736391059 7.4326346665620786 5.9071840941905966 14.833914346992971 10.308438807725905 185.03381232172251 6.999845951795578
leaf_count=17 12 29 31 37 501 8
internal_value=0.0110302 0.00681013 0.0316448 0.00841256 0.00936382 0.0717706
internal_weight=234.08 194.506 39.5748 25.1424 188.598 14.4325
internal_count=635 547 88 68 518 20
is_linear=0
shrinkage=0.05


Tree=37
num_leaves=8
num_cat=0
split_feature=0 69 72 70 22 30 44
split_gain=7.8807 9.75472 9.12768 21.5046 8.73884 7.29337 3.03742
threshold=39620.000000000007 93.83145904541017 -1284252.8124999998 9670.7817382812518 98348.058593750015 15.594177246093752 682711.34375000012
decision_type=2 2 2 2 2 2 2
left_child=1 5 3 -2 -4 -1 -3
right_child=2 6 4 -5 -6 -7 -8
leaf_value=-0.066782393185944644 0.018900577489446707 -0.0099638907338532451 0.027018458187774697 -0.027866481996849071 -0.040923628391293335 0.042653193906019106 0.052929029688241251
leaf_weight=9.669087730348112 72.985291212797165 3.4236763566732398 99.961656980216503 37.030265361070633 4.9111836701631537 1.7487230151891697 4.0696603655815125
leaf_count=60 179 17 220 129 19 4 7
internal_value=0.0104899 -0.0203502 0.0132273 0.00311375 0.0237891 -0.0495836 0.0235262
internal_weight=233.8 18.9111 214.888 110.016 104.873 11.4178 7.49334
internal_count=635 88 547 308 239 64 24
is_linear=0
shrinkage=0.05


Tree=38
num_leaves=8
num_cat=0
split_feature=45 46 45 72 45 36 28
split_gain=7.67187 18.7817 13.1873 12.9989 9.16241 18.7113 10.0729
threshold=1.2489369511604311 0.35717864334583288 0.064950138330459609 -2179446.7499999995 1.879575312137604 -1.8580852150917051 -665.78124999999989
decision_type=2 2 2 2 2 2 2
left_child=1 3 -3 -1 6 -6 -2
right_child=4 2 -4 -5 5 -7 -8
leaf_value=-0.019827398167674995 -0.013218063083523699 -0.004124663648775174 -0.074758668763242567 0.018465705950495775 0.073101185184080833 -0.028165387721603232 0.066432460688249567
leaf_weight=26.425988666713238 4.8974149525165585 16.842686608433727 11.050265051424502 134.21893142908812 6.7207830250263241 14.157468527555464 18.924818970263004
leaf_count=88 15 51 54 342 8 52 25
internal_value=0.00998528 0.0055369 -0.0322868 0.0121354 0.0286358 0.0041932 0.0498479
internal_weight=233.238 188.538 27.893 160.645 44.7005 20.8783 23.8222
internal_count=635 535 105 430 100 60 40
is_linear=0
shrinkage=0.05


Tree=39
num_leaves=7
num_cat=0
split_feature=31 52 56 61 18 46
split_gain=7.55569 13.4794 12.128 10.6453 12.4124 12.2458
threshold=-5.2328510284423819 0.0012406132300384345 0.70822551846504223 91.720474243164077 84.010002136230483 -0.30382324755191797
decision_type=2 2 2 2 2 2
left_child=1 2 -1 5 -5 -2
right_child=3 -3 -4 4 -6 -7
leaf_value=-0.020073271923299527 0.010068566735319022 -0.078091749091741491 0.037348137115055489 -0.052176664454432344 0.021162353142610307 -0.064120373058039179
leaf_weight=23.909120380878448 14.877898819744589 6.0795838832855216 14.927277475595472 5.9509418606758109 158.01315458863974 8.8029401972889882
leaf_count=85 43 29 29 23 387 39
internal_value=0.00950971 -0.00884304 0.00186865 0.0139294 0.0184701 -0.0172987
internal_weight=232.561 44.916 38.8364 187.645 163.964 23.6808
internal_count=635 143 114 492 410 82
is_linear=0
shrinkage=0.05


Tree=40
num_leaves=7
num_cat=0
split_feature=62 12 36 62 20 53
split_gain=7.15555 8.93693 15.2435 11.8247 8.79785 4.79798
threshold=6.2438218593597421 3337010.7500000005 0.67628014087677013 7.5065624713897714 403918.75000000006 -0.62595525383949269
decision_type=2 2 2 2 2 2
left_child=4 2 -2 -3 5 -1
right_child=1 3 -4 -5 -6 -7
leaf_value=0.00031225160291338159 0.015164089580229276 0.065806326674562196 -0.018904312242403576 -0.00383296789857178 0.063602485275443807 -0.062370005856684951
leaf_weight=4.5204262211918822 149.2133811339736 15.870393306016924 41.988441579043865 9.6850509047508222 2.3893201500177375 8.4918925240635854
leaf_count=15 368 24 138 28 3 59
internal_value=0.00904515 0.0114006 0.00765643 0.0392186 -0.0237807 -0.0402102
internal_weight=232.159 216.757 191.202 25.5554 15.4016 13.0123
internal_count=635 558 506 52 77 74
is_linear=0
shrinkage=0.05


Tree=41
num_leaves=7
num_cat=0
split_feature=40 37 56 72 42 37
split_gain=7.0754 12.7668 14.993 11.7794 30.0397 9.25783
threshold=-0.71564599871635426 -2.8781090974807735 0.51534417271614086 -977876.21874999988 2.8999999813095204e-05 -2.2896994352340694
decision_type=2 2 2 2 2 2
left_child=1 -1 -3 5 -5 -2
right_child=3 2 -4 4 -6 -7
leaf_value=-0.072912972650895219 0.0344648421590876 -0.032441717711999725 0.027356551623148095 -0.046239304241549192 0.031378654389921344 0.0079030824288687553
leaf_weight=6.5902648717164984 64.990035325288773 18.263759054243565 24.574279516935349 25.005596272647381 24.80731363594532 67.462820768356323
leaf_count=32 128 77 59 113 56 170
internal_value=0.00860815 -0.00810782 0.00174517 0.0131688 -0.00748443 0.0209738
internal_weight=231.694 49.4283 42.838 182.266 49.8129 132.453
internal_count=635 168 136 467 169 298
is_linear=0
shrinkage=0.05


Tree=42
num_leaves=8
num_cat=0
split_feature=31 7 7 53 20 72 53
split_gain=7.12244 12.0144 14.5272 11.4276 11.3405 16.0159 9.80669
threshold=-2.806754350662231 2.3952403068542485 2.2834390401840214 -0.76770219206809986 4340.6149902343759 -977876.21874999988 -1.2191380858421323
decision_type=2 2 2 2 2 2 2
left_child=4 2 -2 -3 6 -6 -1
right_child=1 3 -4 -5 5 -7 -8
leaf_value=0.025556169736885567 0.0089146707819424669 -0.019316714950789481 -0.077060704487130469 0.044141212392228964 0.012702170720109771 -0.058514385991622647 -0.077299529757269586
leaf_weight=3.1025350466370574 87.945961393415928 8.3260226994752866 5.1978270485997191 44.346518263220787 64.55359198898077 8.9844058752059919 8.4682001844048482
leaf_count=7 249 26 24 73 173 42 41
internal_value=0.0082022 0.014917 0.00406319 0.0340154 -0.00324344 0.00393339 -0.0492881
internal_weight=230.925 145.816 93.1438 52.6725 85.1087 73.538 11.5707
internal_count=635 372 273 99 263 215 48
is_linear=0
shrinkage=0.05


Tree=43
num_leaves=8
num_cat=0
split_feature=41 57 39 4 56 36 61
split_gain=6.89082 9.06602 15.5431 15.2484 6.56773 7.21236 3.00191
threshold=1.5545482635498049 1.5376977324485781 1.4192093610763552 56664.974609375007 0.35751360654830938 -1.1448758840560911 260.78120422363287
decision_type=2 2 2 2 2 2 2
left_child=1 2 -1 -3 5 -2 -6
right_child=4 3 -4 -5 6 -7 -8
leaf_value=-2.0853688858996495e-05 0.024790037434664205 -0.061557037401040043 0.037180446761161119 0.028799597243671912 0.031888162115933837 -0.047297544903338262 0.072688600285909968
leaf_weight=136.06380480527878 11.389497324824335 12.573940619826319 35.290750995278358 7.3405130058526984 15.73844161629677 4.9790934324264517 6.8543578386306754
leaf_count=408 24 56 73 19 28 20 7
internal_value=0.0078123 0.00387767 0.00761164 -0.0280003 0.0269998 0.00255655 0.0444878
internal_weight=230.23 191.269 171.355 19.9145 38.9614 16.3686 22.5928
internal_count=635 556 481 75 79 44 35
is_linear=0
shrinkage=0.05


Tree=44
num_leaves=8
num_cat=0
split_feature=47 60 48 23 45 14 68
split_gain=6.89746 9.1231 8.23337 12.2315 10.3944 4.27311 2.47442
threshold=-1.3013328313827512 0.0021011196076869969 1.1164074540138247 251.00000000000003 2.059939026832581 13.515000343322756 75.126354217529311
decision_type=2 2 2 2 2 2 2
left_child=1 6 3 -2 -4 -3 -1
right_child=2 5 4 -5 -6 -7 -8
leaf_value=-0.072602301975292188 0.0077550500086217018 -0.025496497018469524 0.051069176815804085 -0.073576109089760741 -0.0082274147984368953 0.048719893293967649 -0.0089428698640669751
leaf_weight=6.8257352784276026 173.9982473552227 3.3724221661686888 23.444743871688843 4.7400581613183013 10.596703410148619 4.4047576710581779 2.2072839587926865
leaf_count=34 475 15 39 24 31 9 8
internal_value=0.00744388 -0.0233007 0.00989629 0.00557021 0.032464 0.0158945 -0.0576002
internal_weight=229.59 16.8102 212.78 178.738 34.0414 7.77718 9.03302
internal_count=635 66 569 499 70 24 42
is_linear=0
shrinkage=0.05


Tree=45
num_leaves=8
num_cat=0
split_feature=54 10 41 28 28 47 46
split_gain=6.8501 15.1259 9.26084 7.9725 19.0166 10.3667 5.52393
threshold=-1.0304792523384092 -0.00012200000128359532 -0.22694682329893109 708.42187500000011 89.281250000000014 1.0000000180025095e-35 0.20158524066209796
decision_type=2 2 2 2 2 2 2
left_child=1 6 -3 4 -2 -5 -1
right_child=3 2 -4 5 -6 -7 -8
leaf_value=-0.072353424129078817 0.013262527794575724 0.053783011915380367 -0.017131490924392114 0.053514718828195112 -0.034445285587234545 -0.004164442578334245 -0.0039860548460333902
leaf_weight=10.172950737178324 138.02655845880508 8.6497116163373011 9.6968385651707631 21.631294995546341 24.57565601170063 11.934491783380507 4.3879369348287574
leaf_count=54 352 16 36 37 89 36 15
internal_value=0.00708284 -0.013962 0.0160295 0.0106386 0.00602123 0.0328576 -0.0520942
internal_weight=229.075 32.9074 18.3466 196.168 162.602 33.5658 14.5609
internal_count=635 121 52 514 441 73 69
is_linear=0
shrinkage=0.05


Tree=46
num_leaves=8
num_cat=0
split_feature=40 38 30 43 72 10 38
split_gain=6.67467 12.6916 13.2698 12.7556 9.93946 26.8132 10.8933
threshold=-0.71564599871635426 0.13808016479015353 11.897666931152346 7159.5952148437509 -977876.21874999988 2.8999999813095204e-05 -1.9811980128288267
decision_type=2 2 2 2 2 2 2
left_child=1 2 -1 -3 6 -6 -2
right_child=4 3 -4 -5 5 -7 -8
leaf_value=-0.0016704740529141688 0.040896799145406088 -0.040117169235989444 -0.073813417342231388 0.042084473146373653 -0.045174627329636195 0.028757277491444758 0.0090650382505742064
leaf_weight=14.734000012278559 38.231469660997391 6.6484462544322041 11.434256821870802 15.955957345664499 24.386241592466831 24.611456826329231 92.587000489234924
leaf_count=46 69 30 55 37 113 56 229
internal_value=0.00673758 -0.00961262 -0.0333845 0.017686 0.0112002 -0.00793672 0.018406
internal_weight=228.589 48.7727 26.1683 22.6044 179.816 48.9977 130.818
internal_count=635 168 101 67 467 169 298
is_linear=0
shrinkage=0.05


Tree=47
num_leaves=5
num_cat=0
split_feature=40 41 61 56
split_gain=7.29016 6.92232 8.33593 6.48449
threshold=-2.6667284965515132 1.5545482635498049 192.35963439941409 0.35751360654830938
decision_type=2 2 2 2
left_child=-1 2 -2 -3
right_child=1 3 -4 -5
leaf_value=-0.069828330808964653 0.0095218445824362986 0.0025421760837537801 -0.015088285516529949 0.045123605117903698
leaf_weight=3.0796744823455802 142.1006673797965 15.781669557094572 45.300114400684834 21.44034905731678
leaf_count=16 387 42 157 33
internal_value=0.00642108 0.00748875 0.00354619 0.0272039
internal_weight=227.702 224.623 187.401 37.222
internal_count=635 619 544 75
is_linear=0
shrinkage=0.05


Tree=48
num_leaves=8
num_cat=0
split_feature=47 60 48 23 45 60 2
split_gain=6.33045 8.15023 7.35036 11.1357 9.68768 3.85932 2.39354
threshold=-1.3013328313827512 0.0021011196076869969 1.1164074540138247 251.00000000000003 2.059939026832581 0.0042225250508636245 74020.375000000015
decision_type=2 2 2 2 2 2 2
left_child=1 6 3 -2 -4 -3 -1
right_child=2 5 4 -5 -6 -7 -8
leaf_value=-0.0075084569697732506 0.00645061245997773 0.048297267337200488 0.048169079858667245 -0.072348594738305114 -0.0095230364004009853 -0.022105467509890474 -0.071182639019542915
leaf_weight=2.1251277923584002 172.61703217029572 3.9610570669174185 22.997990921139717 4.5955461412668219 10.452294960618017 3.7208307981491089 6.7176949605345726
leaf_count=7 475 8 39 24 31 16 35
internal_value=0.00611467 -0.023606 0.00846974 0.00437895 0.0299924 0.0135458 -0.0564457
internal_weight=227.188 16.5247 210.663 177.213 33.4503 7.68189 8.84282
internal_count=635 66 569 499 70 24 42
is_linear=0
shrinkage=0.05


Tree=49
num_leaves=6
num_cat=0
split_feature=5 44 39 57 31
split_gain=6.4535 15.7676 9.98626 14.6428 8.78086
threshold=17376.580078125004 54372.449218750007 -0.92896589636802662 1.0689280033111574 -9.0155053138732892
decision_type=2 2 2 2 2
left_child=1 4 -2 -4 -1
right_child=2 -3 3 -5 -6
leaf_value=-0.035608908682724587 0.065370142722538938 -0.067964475940059194 -0.033987109408895155 0.031808670687178207 0.0078278252319792154
leaf_weight=12.533383674919603 10.449312910437582 7.8276673555374137 12.588734060525892 25.544611178338528 157.66894240677357
leaf_count=51 14 47 50 55 418
internal_value=0.005819 0.00138124 0.0219782 0.00995678 0.00459985
internal_weight=226.613 178.03 48.5827 38.1333 170.202
internal_count=635 516 119 105 469
is_linear=0
shrinkage=0.05


Tree=50
num_leaves=8
num_cat=0
split_feature=54 42 41 42 18 13 71
split_gain=6.02336 13.5089 8.48293 7.13878 22.3095 12.5472 6.44752
threshold=-1.0304792523384092 -0.00012200000128359532 -0.22694682329893109 -0.0004455000016605481 363.21501159667974 5552382.0000000009 3157.0336914062505
decision_type=2 2 2 2 2 2 2
left_child=1 6 -3 4 -2 -5 -1
right_child=3 2 -4 5 -6 -7 -8
leaf_value=0.0047092742070660339 -0.050066471139590764 0.050112849622430483 -0.018230789422999737 0.0075004205780895422 0.032260386635128105 -0.041459109579732409 -0.071080710639645536
leaf_weight=3.6675323694944373 9.4356684535741788 8.6020763069391268 9.4809497222304326 106.91444828361273 62.463597051799297 14.903253942728041 10.48177335038781
leaf_count=12 35 16 36 289 137 53 57
internal_value=0.0055418 -0.0144126 0.0140037 0.0088878 0.0213867 0.00146964 -0.0510824
internal_weight=225.949 32.2323 18.083 193.717 71.8993 121.818 14.1493
internal_count=635 121 52 514 172 342 69
is_linear=0
shrinkage=0.05


Tree=51
num_leaves=7
num_cat=0
split_feature=31 65 34 61 22 24
split_gain=5.89622 11.3487 10.7081 8.84874 11.5149 9.43879
threshold=-5.2328510284423819 0.13470112532377246 0.23232026398181918 91.720474243164077 5415.6298828125009 7.5000000000000009
decision_type=2 2 2 2 2 2
left_child=1 2 -1 4 -2 -5
right_child=3 -3 -4 5 -6 -7
leaf_value=-0.014135975277162824 0.0081356938469917001 -0.078995132552281327 0.054416244433763361 -0.05020936895178571 -0.064281427801818558 0.015800307488693592
leaf_weight=31.094295050948858 14.086745060980322 5.4104516208171836 6.9693497121334067 5.5805156528949729 8.8933233246207219 153.39405988901854
leaf_count=105 40 26 12 23 42 387
internal_value=0.0052731 -0.0112182 -0.00145289 0.00924081 -0.0196723 0.0134517
internal_weight=225.429 43.4741 38.0636 181.955 22.9801 158.975
internal_count=635 143 117 492 82 410
is_linear=0
shrinkage=0.05


Tree=52
num_leaves=8
num_cat=0
split_feature=40 38 30 43 36 36 22
split_gain=5.76411 11.3192 11.9653 11.2341 7.46391 20.2008 10.6801
threshold=-0.71564599871635426 0.13808016479015353 11.897666931152346 7159.5952148437509 0.67628014087677013 1.6910163760185244 48870.636718750007
decision_type=2 2 2 2 2 2 2
left_child=1 2 -1 -3 6 -6 -2
right_child=4 3 -4 -5 5 -7 -8
leaf_value=-0.0028927269586089535 0.021121401545873539 -0.039425269314476374 -0.072260924154645911 0.03849454955039551 -0.038458803503890159 0.028401620185761835 -0.019292719551474539
leaf_weight=14.546016193926336 112.5357518941164 6.4896601736545589 11.066426888108252 15.796761646866797 24.996277153491974 20.552349209785461 18.997796341776848
leaf_count=46 258 30 55 37 99 45 65
internal_value=0.00501496 -0.0103242 -0.03306 0.0155805 0.00919227 -0.00818042 0.0152463
internal_weight=224.981 47.8989 25.6124 22.2864 177.082 45.5486 131.534
internal_count=635 168 101 67 467 144 323
is_linear=0
shrinkage=0.05


Tree=53
num_leaves=8
num_cat=0
split_feature=41 57 61 57 56 72 18
split_gain=5.67689 7.81548 13.5621 11.7331 5.74468 6.32164 3.13119
threshold=1.5545482635498049 1.5376977324485781 60.189231872558601 1.4564248919487002 0.35751360654830938 -1246461.8124999998 7299.0549316406259
decision_type=2 2 2 2 2 2 2
left_child=1 3 -3 -1 5 -2 -6
right_child=4 2 -4 -5 6 -7 -8
leaf_value=0.00072672424885759966 -0.025702634698503625 0.027061329774306871 -0.059667484034386202 0.048856167698916146 0.024773988076140594 0.03897261888464007 0.065906182940284816
leaf_weight=153.81048675626516 9.5503557175397855 6.921791240572932 12.613569676876066 13.823059555143116 13.582093700766565 6.2513054758310309 7.5704375505447379
leaf_count=456 33 16 59 25 26 11 9
internal_value=0.00477592 0.00121181 -0.0286817 0.0047253 0.0226925 0 0.0397315
internal_weight=224.123 187.169 19.5354 167.634 36.9542 15.8017 21.1525
internal_count=635 556 75 481 79 44 35
is_linear=0
shrinkage=0.05


Tree=54
num_leaves=6
num_cat=0
split_feature=5 44 39 57 47
split_gain=5.61442 14.2599 9.21825 13.112 8.04448
threshold=17376.580078125004 54372.449218750007 -0.92896589636802662 1.0689280033111574 -1.3013328313827512
decision_type=2 2 2 2 2
left_child=1 4 -2 -4 -1
right_child=2 -3 3 -5 -6
leaf_value=-0.038915946555773059 0.06193160092076247 -0.066792794872379033 -0.033557216253108986 0.029086897434670203 0.0062886770219634141
leaf_weight=10.47805033624172 10.220282852649687 7.5509590581059447 12.476523377001284 25.084061555564404 157.59824169427156
leaf_count=45 14 47 50 55 424
internal_value=0.0045561 0.000392715 0.0197547 0.00814524 0.00344083
internal_weight=223.408 175.627 47.7809 37.5606 168.076
internal_count=635 516 119 105 469
is_linear=0
shrinkage=0.05


Tree=55
num_leaves=5
num_cat=0
split_feature=27 5 44 44
split_gain=5.55228 5.97766 13.1828 8.2707
threshold=-851239.99999999988 17376.580078125004 54372.449218750007 1953806.0625000002
decision_type=2 2 2 2
left_child=-1 2 -2 -3
right_child=1 3 -4 -5
leaf_value=-0.075049655712424751 0.0037367322338180279 0.027638920845467815 -0.065746645629534944 -0.047640052747429149
leaf_weight=2.1727849990129462 167.07557955384254 42.368833377957344 7.1151058562099925 3.9478108510375014
leaf_count=11 465 99 46 14
internal_value=0.0043399 0.00514485 0.000869865 0.0211145
internal_weight=222.68 220.507 174.191 46.3166
internal_count=635 624 511 113
is_linear=0
shrinkage=0.05


Tree=56
num_leaves=8
num_cat=0
split_feature=31 55 47 7 39 53 23
split_gain=5.49655 14.1673 11.2308 9.56722 10.9515 8.48488 5.57139
threshold=-5.2328510284423819 -0.82806795835494984 0.44010353088378912 2.8669576644897465 -1.1544333696365354 0.031557703390717513 11.500000000000002
decision_type=2 2 2 2 2 2 2
left_child=1 6 -3 4 -2 -5 -1
right_child=3 2 -4 5 -6 -7 -8
leaf_value=0.074104930873416588 0.048442922714395688 -0.057980970278467651 0.0021001806169841891 0.0009648096011215982 -0.0013978184488407262 0.054214416860031048 0.0043627810534206503
leaf_weight=5.0344141721725446 11.983548924326895 16.553860768675808 14.379429582506416 12.700611159205438 135.68153124675155 18.904912486672401 7.0258176252245903
leaf_count=5 20 74 46 34 410 28 18
internal_value=0.0041264 -0.0118828 -0.0298904 0.00799368 0.00261308 0.0329744 0.0338905
internal_weight=222.264 42.9935 30.9333 179.271 147.665 31.6055 12.0602
internal_count=635 143 120 492 430 62 23
is_linear=0
shrinkage=0.05


Tree=57
num_leaves=7
num_cat=0
split_feature=62 12 27 6 20 61
split_gain=5.40669 7.88643 12.1324 11.6963 6.91434 3.91163
threshold=6.2438218593597421 3337010.7500000005 177236.00000000003 -971667903.99999988 403918.75000000006 114.72772216796876
decision_type=2 2 2 2 2 2
left_child=4 2 -2 -3 5 -1
right_child=1 3 -4 -5 -6 -7
leaf_value=-0.0059548800858443916 0.0062553685808847126 -0.041424215861518246 -0.040970142006882287 0.04878722688211392 0.055268769802414658 -0.064897876511959135
leaf_weight=5.0158104151487333 168.00458382442594 4.3130789473652866 14.784803740680216 20.154828995466232 2.176574081182479 7.0551378279924393
leaf_count=27 453 16 53 36 3 47
internal_value=0.00393848 0.00600619 0.00240821 0.0326809 -0.0257894 -0.0408197
internal_weight=221.505 207.257 182.789 24.4679 14.2475 12.0709
internal_count=635 558 506 52 77 74
is_linear=0
shrinkage=0.05


Tree=58
num_leaves=7
num_cat=0
split_feature=40 37 57 72 42 38
split_gain=5.46948 10.5438 11.9368 8.5763 22.7927 9.20245
threshold=-0.71564599871635426 -2.8781090974807735 0.98716136813163768 -977876.21874999988 2.8999999813095204e-05 -1.9811980128288267
decision_type=2 2 2 2 2 2
left_child=1 -1 -3 5 -5 -2
right_child=3 2 -4 4 -6 -7
leaf_value=-0.071801376041999654 0.035615978128735716 -0.040142381374872499 0.017219820763575318 -0.045539835114628426 0.024203078038393323 0.0059186966750534274
leaf_weight=6.2590341344475737 36.998495042324066 13.651143457740543 26.967600144445896 23.281571127474308 23.492613859474659 90.373057968914509
leaf_count=32 69 60 76 113 56 229
internal_value=0.00374604 -0.0113704 -0.00193537 0.00784391 -0.0104041 0.0145843
internal_weight=221.024 46.8778 40.6187 174.146 46.7742 127.372
internal_count=635 168 136 467 169 298
is_linear=0
shrinkage=0.05


Tree=59
num_leaves=5
num_cat=0
split_feature=40 41 41 56
split_gain=5.84184 5.48256 6.92693 6.03132
threshold=-2.6667284965515132 1.5545482635498049 1.3240858912467959 0.35751360654830938
decision_type=2 2 2 2
left_child=-1 2 -2 -3
right_child=1 3 -4 -5
leaf_value=-0.067548783659561837 0.0027929493259440112 -0.00084479038468971215 -0.052944178859060491 0.040650450223270518
leaf_weight=2.8413917645812026 176.39807164669037 15.170363582670687 5.7527202218770972 19.992053523659706
leaf_count=16 521 42 23 33
internal_value=0.00357038 0.00452328 0.0010052 0.0226057
internal_weight=220.155 217.313 182.151 35.1624
internal_count=635 619 544 75
is_linear=0
shrinkage=0.05


Tree=60
num_leaves=7
num_cat=0
split_feature=31 68 33 7 7 53
split_gain=5.35623 9.37317 10.639 8.93256 12.2399 10.2618
threshold=-2.806754350662231 69.774089813232436 -1.0595259070396421 2.3952403068542485 2.2834390401840214 -0.76770219206809986
decision_type=2 2 2 2 2 2
left_child=1 2 -1 4 -2 -5
right_child=3 -3 -4 5 -6 -7
leaf_value=0.0038581667791037348 0.0044758449243406818 -0.074599383829184726 -0.057136516880578782 -0.027043802069396269 -0.076076569270286984 0.036233461643249774
leaf_weight=68.507193565368652 84.249203644692898 4.7956418320536605 7.9739536792039862 7.4782635718584052 4.9954465627670279 41.690362229943275
leaf_count=204 249 25 34 26 24 73
internal_value=0.00339729 -0.00675523 -0.00243579 0.00939502 0 0.0265077
internal_weight=219.69 81.2768 76.4811 138.413 89.2447 49.1686
internal_count=635 263 238 372 273 99
is_linear=0
shrinkage=0.05


Tree=61
num_leaves=8
num_cat=0
split_feature=54 30 18 17 28 28 21
split_gain=5.19293 12.265 7.88747 6.98829 6.43572 16.39 7.66346
threshold=-1.0304792523384092 15.594177246093752 1692.2000122070315 23.220000267028812 708.42187500000011 89.281250000000014 -401.06001281738276
decision_type=2 2 2 2 2 2 2
left_child=1 3 -3 -1 5 -2 -6
right_child=4 2 -4 -5 6 -7 -8
leaf_value=0.014351360462789675 0.0090140041797088215 -0.0097109054128961744 0.068373484466347764 -0.060625825437379849 0.038126089767116657 -0.036245200985305835 -0.025398663690088481
leaf_weight=3.9056387394666734 132.25197038054466 8.3923540115356428 5.1759000122547141 13.516893576830624 26.498029202222824 23.553564839065075 5.6856010928750029
leaf_count=13 352 23 7 78 52 89 21
internal_value=0.00323432 -0.0156829 0.0197075 -0.0435311 0.00637949 0.00213995 0.0267484
internal_weight=218.98 30.9908 13.5683 17.4225 187.989 155.806 32.1836
internal_count=635 121 30 91 514 441 73
is_linear=0
shrinkage=0.05


Tree=62
num_leaves=6
num_cat=0
split_feature=61 47 1 0 27
split_gain=5.00242 5.09326 6.97812 6.76301 1.66192
threshold=381.97906494140631 -0.86921057105064381 114106.90234375001 146278.00000000003 -49503.999999999993
decision_type=2 2 2 2 2
left_child=1 2 -1 -3 -2
right_child=4 3 -4 -5 -6
leaf_value=0.020886575652385317 -0.078433551544889235 0.015092735090376034 -0.031840201719270933 -0.004356311819259019 -0.011508657440354036
leaf_weight=9.0305897518992442 2.401543453335762 110.575469519943 19.983587212860584 74.485774889588356 1.8325056210160244
leaf_count=25 12 292 83 215 8
internal_value=0.00307952 0.00416554 -0.0152568 0.00723762 -0.0506492
internal_weight=218.309 214.075 29.0142 185.061 4.23405
internal_count=635 615 108 507 20
is_linear=0
shrinkage=0.05


Tree=63
num_leaves=5
num_cat=0
split_feature=54 14 44 43
split_gain=5.6327 5.35974 11.4397 3.86609
threshold=-1.7952718734741209 27.194999694824222 1166742.8750000002 694152.31250000012
decision_type=2 2 2 2
left_child=-1 2 -2 -3
right_child=1 3 -4 -5
leaf_value=-0.076177157005321849 0.0033499426830725836 0.053627623163694675 -0.083235407518977178 0
leaf_weight=2.2216496244072905 197.89192254468799 8.8894940465688688 3.8874314501881591 5.1604195833206168
leaf_count=11 580 13 19 12
internal_value=0.00292484 0.00376225 0.00165703 0.0336407
internal_weight=218.051 215.829 201.779 14.0499
internal_count=635 624 599 25
is_linear=0
shrinkage=0.05


Tree=64
num_leaves=8
num_cat=0
split_feature=45 45 0 21 68 48 68
split_gain=5.08637 14.986 9.75898 7.2883 11.9042 5.59294 4.06041
threshold=1.2489369511604311 0.66985172033309948 196834.50000000003 472.25000000000006 22.029409408569339 1.520665764808655 19.095917701721195
decision_type=2 2 2 2 2 2 2
left_child=1 2 -1 5 -5 -2 -3
right_child=3 6 -4 4 -6 -7 -8
leaf_value=0.006979604389375828 0.052378530747551957 0.021207016011778362 -0.031067940153145658 0.045234370905514514 -0.048152887421562159 0.0042286443487906935 -0.073366498324408252
leaf_weight=148.61926157772541 16.369414880871776 1.2183208018541325 18.985876947641373 5.7211317718029013 8.3854805603623372 9.9255202412605268 8.5506849549710733
leaf_count=413 26 3 72 10 36 28 47
internal_value=0.00277964 -0.000840288 0.00263984 0.0187959 -0.00992395 0.0343936 -0.0610601
internal_weight=217.776 177.374 167.605 40.4015 14.1066 26.2949 9.76901
internal_count=635 535 485 100 46 54 50
is_linear=0
shrinkage=0.05


Tree=65
num_leaves=7
num_cat=0
split_feature=48 48 23 0 72 29
split_gain=4.925 11.6585 10.4725 10.1936 7.23757 0.130432
threshold=1.1164074540138247 1.3636021614074709 251.00000000000003 123185.00000000001 -977876.21874999988 9.1640777587890643
decision_type=2 2 2 2 2 2
left_child=2 5 4 -3 -1 -2
right_child=1 3 -4 -5 -6 -7
leaf_value=0.007063153119315874 0.049465172446625502 0.027035451779804539 -0.070234793716096727 -0.041161140109635258 -0.016751114290757662 0.066398879185468718
leaf_weight=134.96157970279455 6.4053500555455667 12.932243175804617 5.2509500570595256 9.4970475882291776 41.739246066659689 6.238660916686058
leaf_count=362 12 31 29 37 156 8
internal_value=0.00264982 0.01981 -0.000630519 -0.00161754 0.00140959 0.0582158
internal_weight=217.025 35.0733 181.952 22.4293 176.701 12.644
internal_count=635 88 547 68 518 20
is_linear=0
shrinkage=0.05


Tree=66
num_leaves=7
num_cat=0
split_feature=5 44 54 58 52 45
split_gain=4.88427 11.5496 8.42044 10.127 9.26565 6.89384
threshold=17376.580078125004 54372.449218750007 -0.61123505234718312 1.0000000180025095e-35 0.026536148041486744 1.2489369511604311
decision_type=2 2 2 2 2 2
left_child=1 5 3 -2 -4 -1
right_child=2 -3 4 -5 -6 -7
leaf_value=-0.0035605282412328044 -0.083185288038745225 -0.064966784842479766 0.037272002767692443 0.018562961792459445 -0.041995946457938756 0.022976591071001803
leaf_weight=133.41359359771013 4.1669758632779104 6.8534120433032504 32.202037237584591 5.7866509109735489 4.1059395521879187 29.943857751786709
leaf_count=399 22 47 64 16 17 70
internal_value=0.00252378 -0.00136454 0.0169382 -0.0235305 0.0281702 0.00127319
internal_weight=216.472 170.211 46.2616 9.95363 36.308 163.357
internal_count=635 516 119 38 81 469
is_linear=0
shrinkage=0.05


Tree=67
num_leaves=7
num_cat=0
split_feature=31 1 48 70 5 38
split_gain=4.96256 9.2115 11.8149 7.53397 13.3965 13.0538
threshold=-2.806754350662231 31497.699218750004 -0.61473521590232838 8797.2612304687518 12637.570312500002 -1.8612555861473081
decision_type=2 2 2 2 2 2
left_child=1 -1 -3 5 -5 -2
right_child=3 2 -4 4 -6 -7
leaf_value=0.055301149623387252 0.061134448295081058 -0.050137015186422197 -0.0015788194312134512 -0.017516742342084189 0.024244982910226649 0.0069405419129702633
leaf_weight=5.4250367656350127 15.695298522710798 16.015925217419863 58.594734899699688 49.846136528998613 31.21620611846447 38.963649652898312
leaf_count=12 22 68 183 174 75 101
internal_value=0.00240157 -0.00744031 -0.0120693 0.00824223 -0.00137309 0.0225938
internal_weight=215.757 80.0357 74.6107 135.721 81.0623 54.6589
internal_count=635 263 251 372 249 123
is_linear=0
shrinkage=0.05


Tree=68
num_leaves=5
num_cat=0
split_feature=12 31 20 48
split_gain=4.74974 8.22829 12.3049 8.54795
threshold=5761192.2500000009 4.4759531021118173 30663.094726562504 -0.64744380116462696
decision_type=2 2 2 2
left_child=1 3 -3 -1
right_child=-2 2 -4 -5
leaf_value=-0.012679020284747695 0.05694732471132713 0.018170184977946802 -0.077419062837651917 0.010404793444209538
leaf_weight=55.765368282794952 3.9066339135169974 5.7964923903346044 7.8077225461602211 141.87837213277817
leaf_count=184 6 13 42 390
internal_value=0.00228902 0.00125455 -0.0363228 0.00386638
internal_weight=215.155 211.248 13.6042 197.644
internal_count=635 629 55 574
is_linear=0
shrinkage=0.05


Tree=69
num_leaves=7
num_cat=0
split_feature=31 1 56 70 5 38
split_gain=4.65232 8.41058 10.9305 6.81744 12.0805 11.9716
threshold=-2.806754350662231 31497.699218750004 0.64095914363861095 8797.2612304687518 12637.570312500002 -1.8612555861473081
decision_type=2 2 2 2 2 2
left_child=1 -1 -3 5 -5 -2
right_child=3 2 -4 4 -6 -7
leaf_value=0.0526092327919803 0.058879736612507366 -0.029417010985595501 0.008963036469258414 -0.01666435976315149 0.023101568855518697 0.0066263891522788379
leaf_weight=5.419687181711196 15.418525755405424 40.37634564936161 34.045587733387947 49.634014587849379 31.021775737404823 38.877542048692703
leaf_count=12 22 159 92 174 75 101
internal_value=0.00217658 -0.00735799 -0.0117922 0.00785457 -0.00130762 0.0215569
internal_weight=214.793 79.8416 74.4219 134.952 80.6558 54.2961
internal_count=635 263 251 372 249 123
is_linear=0
shrinkage=0.05


Tree=70
num_leaves=6
num_cat=0
split_feature=50 55 41 72 60
split_gain=4.69499 7.69688 5.96196 7.70445 6.21816
threshold=-0.018191990442574021 -1.5596877336502073 1.5545482635498049 -2186070.7499999995 0.00071631040191277872
decision_type=2 2 2 2 2
left_child=1 -1 3 -2 -4
right_child=2 -3 4 -5 -6
leaf_value=0.012636067319147699 -0.024932571921376514 -0.085583538749229804 0.034649200296093384 0.004317246292512773 -0.017068508090390507
leaf_weight=3.9112395495176315 26.594013284891844 3.9171461015939704 25.729077391326427 146.6314792484045 7.3646760433912268
leaf_count=11 97 19 50 434 24
internal_value=0.00207779 -0.0358721 0.00354196 -0.000144395 0.0229889
internal_weight=214.148 7.82839 206.319 173.225 33.0938
internal_count=635 30 605 531 74
is_linear=0
shrinkage=0.05


Tree=71
num_leaves=8
num_cat=0
split_feature=28 36 54 36 47 44 44
split_gain=4.6156 13.2555 11.3995 10.0052 8.13872 16.1344 4.75336
threshold=708.42187500000011 0.90094226598739635 3.8659856319427495 1.0000000180025095e-35 1.0000000180025095e-35 1995.539978027344 2518.055053710938
decision_type=2 2 2 2 2 2 2
left_child=1 3 -3 -1 6 -6 -2
right_child=4 2 -4 -5 5 -7 -8
leaf_value=-0.0032346886093526394 -0.019144110523737431 -0.050280521452908622 0.068284891217446519 0.026072503915475616 0.037599287622131029 -0.077307714864261745 0.047728118232021596
leaf_weight=120.18920203670859 2.998487904667857 19.447622034698728 2.2295678108930579 38.356291092932224 6.873489171266554 5.4668259918689728 18.090245343744755
leaf_count=365 10 90 3 92 13 29 33
internal_value=0.00197752 -0.00116146 -0.037855 0.00382395 0.0190499 -0.0129 0.0379828
internal_weight=213.652 180.223 21.6772 158.545 33.429 12.3403 21.0887
internal_count=635 550 93 457 85 42 43
is_linear=0
shrinkage=0.05


Tree=72
num_leaves=8
num_cat=0
split_feature=47 60 14 72 10 62 68
split_gain=4.50222 6.53 5.35843 5.93818 3.39502 3.0893 2.03173
threshold=-1.3013328313827512 0.0021011196076869969 5.9849998950958261 -1312024.3749999998 -0.0008135000243782996 13.455981731414797 75.126354217529311
decision_type=2 2 2 2 2 2 2
left_child=1 6 4 -4 -2 -3 -1
right_child=2 5 3 -5 -6 -7 -8
leaf_value=-0.069015500052127518 0.017407382571259001 -0.028388500005106811 -0.0039468279805571164 0.013699561130074797 -0.060637208625413032 0.03883773881364698 -0.0069579683290240113
leaf_weight=6.1990150660276395 1.8009917587041853 2.8591781593859187 88.541199937462807 102.46209373325109 5.0588121972978106 4.102304682135582 1.9114149548113344
leaf_count=34 8 15 261 259 41 9 8
internal_value=0.00188253 -0.0244144 0.00391092 0.00549325 -0.0394183 0.0105087 -0.0550067
internal_weight=212.935 15.0719 197.863 191.003 6.8598 6.96148 8.11043
internal_count=635 66 569 520 49 24 42
is_linear=0
shrinkage=0.05


Tree=73
num_leaves=5
num_cat=0
split_feature=54 40 38 72
split_gain=4.99307 4.53567 10.3685 6.95586
threshold=-1.7952718734741209 -0.71564599871635426 0.13808016479015353 -977876.21874999988
decision_type=2 2 2 2
left_child=-1 2 -2 -3
right_child=1 3 -4 -5
leaf_value=-0.074210035012487491 -0.034050968016842043 0.012511004117667465 0.014254941996658339 -0.010769980355098664
leaf_weight=2.1351663917303076 23.866712287068367 122.50594650954008 20.607114158570766 43.250993084162474
leaf_count=11 100 295 65 164
internal_value=0.00178691 0.00258254 -0.0115558 0.00640613
internal_weight=212.366 210.231 44.4738 165.757
internal_count=635 624 165 459
is_linear=0
shrinkage=0.05


Tree=74
num_leaves=5
num_cat=0
split_feature=12 31 20 45
split_gain=4.22464 7.27185 11.0958 7.60317
threshold=5761192.2500000009 4.4759531021118173 30663.094726562504 -0.67791596055030812
decision_type=2 2 2 2
left_child=1 3 -3 -1
right_child=-2 2 -4 -5
leaf_value=-0.015180119261240533 0.053664774451409228 0.016511291601572536 -0.075425044106215561 0.0084918058709565723
leaf_weight=43.627613492310047 3.8425554931163779 5.7206292301416379 7.4721178375184536 151.32054712995887
leaf_count=146 6 13 42 428
internal_value=0.00169727 0.000713855 -0.0351807 0.0031686
internal_weight=211.983 208.141 13.1927 194.948
internal_count=635 629 55 574
is_linear=0
shrinkage=0.05


Tree=75
num_leaves=6
num_cat=0
split_feature=72 41 41 9 20
split_gain=4.2414 4.9259 6.36311 5.17461 3.01617
threshold=-2550804.8749999995 1.5545482635498049 1.3240858912467959 5040634.5000000009 53581.041015625007
decision_type=2 2 2 2 2
left_child=4 2 -2 -3 -1
right_child=1 3 -4 -5 -6
leaf_value=-0.077127157870446272 0.001130937123985911 -0.020447906726915221 -0.05312089785156926 0.030228451742513936 0
leaf_weight=2.8836228996515265 168.5405956171453 6.0993159711360923 5.5817214250564566 26.46638909727335 2.0587081015110016
leaf_count=15 516 19 24 54 7
internal_value=0.00161344 0.00273079 -0.000579462 0.0205836 -0.0441027
internal_weight=211.63 206.688 174.122 32.5657 4.94233
internal_count=635 613 540 73 22
is_linear=0
shrinkage=0.05


Tree=76
num_leaves=4
num_cat=0
split_feature=44 58 48
split_gain=4.19908 5.35345 6.19594
threshold=1953806.0625000002 365048.00000000006 -0.64744380116462696
decision_type=2 2 2
left_child=1 2 -1
right_child=-2 -3 -4
leaf_value=-0.012297388883130315 -0.048826443559344485 0.060409007128819872 0.0069743847939855831
leaf_weight=58.517085585743189 4.0499550476670256 3.9253626912832251 144.71920691803098
leaf_count=197 16 6 416
internal_value=0.00153449 0.00254317 0.00140093
internal_weight=211.212 207.162 203.236
internal_count=635 619 613
is_linear=0
shrinkage=0.05


Tree=77
num_leaves=5
num_cat=0
split_feature=54 31 13 39
split_gain=4.63622 4.5154 8.20656 7.29846
threshold=-1.7952718734741209 -2.806754350662231 5922612.2500000009 -1.1544333696365354
decision_type=2 2 2 2
left_child=-1 2 -2 -3
right_child=1 3 -4 -5
leaf_value=-0.07279215608763033 -0.013031049707374988 0.049697538021825756 0.038326552358480905 0.0045336130932048819
leaf_weight=2.0777492597699156 69.55987961217761 9.7041734084486944 8.7227960117161256 121.041478831321
leaf_count=11 241 16 19 348
internal_value=0.00145738 0.00221934 -0.00724456 0.007924
internal_weight=211.106 209.028 78.2827 130.746
internal_count=635 624 260 364
is_linear=0
shrinkage=0.05


Tree=78
num_leaves=8
num_cat=0
split_feature=28 36 40 40 21 7 61
split_gain=4.21828 11.9727 12.6846 12.0604 7.61703 5.62666 2.0241
threshold=708.42187500000011 0.90094226598739635 -1.9955664873123167 -1.9955664873123167 1.0000000180025095e-35 2.0440809726715092 198.69816589355472
decision_type=2 2 2 2 2 2 2
left_child=1 2 -1 -3 5 -2 -6
right_child=4 3 -4 -5 6 -7 -8
leaf_value=-0.068849790805473654 0.0053953982952335607 0.059597653769167536 0.0059568769543088982 -0.051637185140663788 -0.071071478996457951 0.050449409470443074 -0.00083758093162302882
leaf_weight=5.8818619623780242 14.436250865459444 2.7679835632443455 150.87470315024257 18.450561940670013 2.5754856914281836 13.838375329971312 1.9497807398438451
leaf_count=33 42 6 424 87 14 22 7
internal_value=0.00138706 -0.00162378 0.00311806 -0.0368908 0.0178766 0.0276229 -0.041915
internal_weight=210.775 177.975 156.757 21.2185 32.7999 28.2746 4.52527
internal_count=635 550 457 93 85 64 21
is_linear=0
shrinkage=0.05


Tree=79
num_leaves=4
num_cat=0
split_feature=54 12 31
split_gain=4.29589 4.35843 6.8136
threshold=-1.7952718734741209 5761192.2500000009 4.4759531021118173
decision_type=2 2 2
left_child=-1 2 -2
right_child=1 -3 -4
leaf_value=-0.071199601537941609 0.003443965194386753 0.056544561756615597 -0.034207275039056628
leaf_weight=2.0187480002641669 191.60232738405466 3.6085422784090033 12.811315368860958
leaf_count=11 565 5 54
internal_value=0.00131851 0.0020463 0.00105977
internal_weight=210.041 208.022 204.414
internal_count=635 624 619
is_linear=0
shrinkage=0.05


Tree=80
num_leaves=5
num_cat=0
split_feature=50 55 35 50
split_gain=4.04989 7.07328 5.60589 6.51773
threshold=-0.018191990442574021 -1.5596877336502073 -2.6325291395187373 -0.0080472701229155046
decision_type=2 2 2 2
left_child=1 -1 -2 -4
right_child=2 -3 3 -5
leaf_value=0.012219998759632646 -0.05518008112896286 -0.082937108968528891 0.023886593922779541 -0.00022700765335902616
leaf_weight=3.8545335456728935 4.0977266132831565 3.8040012419223777 33.683730021119118 164.42005805671215
leaf_count=11 17 19 79 509
internal_value=0.00125208 -0.0343918 0.00262685 0.00384781
internal_weight=209.86 7.65853 202.202 198.104
internal_count=635 30 605 588
is_linear=0
shrinkage=0.05


Tree=81
num_leaves=5
num_cat=0
split_feature=3 61 12 27
split_gain=4.46978 4.25397 4.91439 1.37772
threshold=-403622.84374999994 381.97906494140631 3298588.6250000005 -49503.999999999993
decision_type=2 2 2 2
left_child=-1 2 -2 -3
right_child=1 3 -4 -5
leaf_value=-0.072676538427522627 -0.00011307935306685603 -0.075584114848179826 0.022452564075187639 -0.011916046385612493
leaf_weight=2.0248726308345786 175.77728559821844 2.246938176453114 27.888155315071344 1.70654897391796
leaf_count=11 531 12 73 8
internal_value=0.00118751 0.00193198 0.00295231 -0.0493661
internal_weight=209.644 207.619 203.665 3.95349
internal_count=635 624 604 20
is_linear=0
shrinkage=0.05


Tree=82
num_leaves=7
num_cat=0
split_feature=40 37 56 72 10 72
split_gain=4.02947 8.46235 9.71215 6.65144 18.8081 6.35943
threshold=-0.71564599871635426 -2.8781090974807735 0.51534417271614086 -977876.21874999988 2.8999999813095204e-05 -1312024.3749999998
decision_type=2 2 2 2 2 2
left_child=1 -1 -3 5 -5 -2
right_child=3 2 -4 4 -6 -7
leaf_value=-0.068838469591665827 0.00083357583646815378 -0.033265205357111909 0.017629833842595196 -0.045141419790138262 0.020495472130066885 0.024018415591187753
leaf_weight=5.7578363344073287 69.923614300787449 16.155260592699051 22.248339407145977 21.627411838620901 21.919296141713858 51.860637523233891
leaf_count=32 186 77 59 113 56 112
internal_value=0.00112327 -0.0122626 -0.00365001 0.00472901 -0.0119882 0.0107477
internal_weight=209.492 44.1614 38.4036 165.331 43.5467 121.784
internal_count=635 168 136 467 169 298
is_linear=0
shrinkage=0.05


Tree=83
num_leaves=8
num_cat=0
split_feature=31 55 12 24 10 27 41
split_gain=4.06293 10.558 9.38046 6.65541 8.48992 5.66225 4.06135
threshold=-5.2328510284423819 -0.82806795835494984 3549279.0000000005 7.5000000000000009 -1.0000000180025095e-35 116311.00000000001 0.92406249046325695
decision_type=2 2 2 2 2 2 2
left_child=1 6 -3 4 -2 -5 -1
right_child=3 2 -4 5 -6 -7 -8
leaf_value=-0.0030522776150204434 -0.080264195643564115 -0.042109539416377233 0.031975039578412988 0.012090450840146101 0.011104159752537082 -0.01066734285833403 0.05656248566906763
leaf_weight=5.2486879304051381 5.0980699509382248 24.149834584444765 5.113229487091302 123.29649649932981 4.9067055284976941 34.89168694242835 5.898859053850174
leaf_count=15 27 104 16 327 15 123 8
internal_value=0.00106897 -0.0131354 -0.0289936 0.00451149 -0.0349541 0.00703914 0.0280451
internal_weight=208.604 40.4106 29.2631 168.193 10.0048 158.188 11.1475
internal_count=635 143 120 492 42 450 23
is_linear=0
shrinkage=0.05


Tree=84
num_leaves=7
num_cat=0
split_feature=5 72 72 39 57 8
split_gain=3.9028 9.27518 7.78505 7.56349 10.648 7.54213
threshold=17376.580078125004 -977876.21874999988 -1312024.3749999998 -0.92896589636802662 1.0689280033111574 1.3225499987602236
decision_type=2 2 2 2 2 2
left_child=1 2 -1 -2 -5 -3
right_child=3 5 -4 4 -6 -7
leaf_value=-0.00710570915763214 0.054747073544017727 -0.051890142723607785 0.016949732412149719 -0.035187353198140092 0.023202677062419488 0.011363284321107553
leaf_weight=87.021256592124701 9.1477435380220395 15.439257025718691 54.723408810794353 11.726953625679014 23.269632868468761 6.6145544052124015
leaf_count=271 14 88 139 50 55 18
internal_value=0.00101618 -0.00251396 0.00214611 0.0142281 0.00349398 -0.032692
internal_weight=207.943 163.798 141.745 44.1443 34.9966 22.0538
internal_count=635 516 410 119 105 106
is_linear=0
shrinkage=0.05


Tree=85
num_leaves=7
num_cat=0
split_feature=62 28 36 12 46 36
split_gain=3.81416 6.29355 6.85281 5.52727 9.41821 9.38669
threshold=6.2438218593597421 1.0000000180025095e-35 -0.93775194883346547 3337010.7500000005 0.20158524066209796 0.67628014087677013
decision_type=2 2 2 2 2 2
left_child=1 -1 -3 5 -5 -2
right_child=3 2 -4 4 -6 -7
leaf_value=-0.063656783105201772 0.0058550903148384447 0.065735282946824639 -0.035668933725441138 0.043668510514045328 -0.031856488363007508 -0.022364648501853154
leaf_weight=5.8579345382750017 133.9708943516016 2.8750242292881012 3.9247695617377758 17.506883047521118 5.3238424658775321 37.770047400146723
leaf_count=44 368 4 29 32 20 138
internal_value=0.000968489 -0.025589 0.00647052 0.00272187 0.025838 -0.000322009
internal_weight=207.229 12.6577 6.79979 194.572 22.8307 171.741
internal_count=635 77 33 558 52 506
is_linear=0
shrinkage=0.05


Tree=86
num_leaves=8
num_cat=0
split_feature=36 36 40 54 47 69 54
split_gain=3.90781 12.0559 12.7392 9.95089 7.43653 10.1728 1.81404
threshold=1.6910163760185244 0.90094226598739635 -1.9955664873123167 3.8659856319427495 -0.18162728101015088 81.365707397460952 0.38483098149299627
decision_type=2 2 2 2 2 2 2
left_child=1 2 -1 -3 6 -6 -2
right_child=4 3 -4 -5 5 -7 -8
leaf_value=-0.06689567285291137 0.06489175602127456 -0.047943988070862503 0.0060082840720617516 0.063277266658217854 0.040661525339216187 -0.054966224110224719 0.025397926380188108
leaf_weight=6.227222576737403 6.5467422902584094 19.587462432682518 154.643141284585 2.2045077532529822 5.2232185006141645 5.8991437181830406 6.2636909782886505
leaf_count=37 8 97 438 3 11 27 14
internal_value=0.000919695 -0.00154405 0.00315512 -0.0364632 0.0199327 -0.00960854 0.0459715
internal_weight=206.595 182.662 160.87 21.792 23.9328 11.1224 12.8104
internal_count=635 575 475 100 60 38 22
is_linear=0
shrinkage=0.05


Tree=87
num_leaves=7
num_cat=0
split_feature=31 52 24 7 58 45
split_gain=3.80464 8.15653 8.42527 7.58692 8.67507 8.2421
threshold=-5.2328510284423819 0.0012406132300384345 54.500000000000007 2.8669576644897465 -100479.99999999999 -0.48717500269412989
decision_type=2 2 2 2 2 2
left_child=1 2 -1 4 -2 -5
right_child=3 -3 -4 5 -6 -7
leaf_value=0.017003059636162502 -0.036025432179708487 -0.071876304440477351 -0.03287548908033204 0.050216574590449474 0.0037909981244237897 -0.0035833775647335295
leaf_weight=19.824464913457632 15.405722238123415 5.1325426474213591 14.726018831133841 16.78301573544741 121.79740854352713 12.078034095466135
leaf_count=53 66 29 61 27 364 35
internal_value=0.000876243 -0.0130019 -0.00411133 0.00422271 -0.000643309 0.0275286
internal_weight=205.747 39.683 34.5505 166.064 137.203 28.861
internal_count=635 143 114 492 430 62
is_linear=0
shrinkage=0.05


Tree=88
num_leaves=8
num_cat=0
split_feature=47 60 48 23 45 60 2
split_gain=3.70624 6.05129 4.60755 8.19444 7.85588 2.8503 2.33259
threshold=-1.3013328313827512 0.0021011196076869969 1.1164074540138247 251.00000000000003 2.059939026832581 0.0042225250508636245 70084.464843750015
decision_type=2 2 2 2 2 2 2
left_child=1 6 3 -2 -4 -3 -1
right_child=2 5 4 -5 -6 -7 -8
leaf_value=0 0.0012217648231618973 0.042629059732281809 0.039149865066219584 -0.070483367682626405 -0.016081305475651769 -0.022137555135854942 -0.067416337203644747
leaf_weight=1.5259031802415828 157.5535640232265 3.4637252986431122 19.614585094153885 4.0865558460354796 9.4313756972551328 3.2343891449272633 6.2088129818439484
leaf_count=5 475 8 39 24 31 16 37
internal_value=0.000831849 -0.0235623 0.00270444 -0.000560138 0.0210439 0.010608 -0.0537996
internal_weight=205.119 14.4328 190.686 161.64 29.046 6.69811 7.73472
internal_count=635 66 569 499 70 24 42
is_linear=0
shrinkage=0.05


Tree=89
num_leaves=6
num_cat=0
split_feature=72 41 41 9 18
split_gain=3.68121 4.40139 6.00201 4.95375 2.4013
threshold=-2550804.8749999995 1.5545482635498049 1.3240858912467959 4745791.2500000009 5611.0549316406259
decision_type=2 2 2 2 2
left_child=4 2 -2 -3 -1
right_child=1 3 -4 -5 -6
leaf_value=-0.073314915885151363 0.00035499150814251811 -0.02680512130585825 -0.053325803601910804 0.027746882445907884 0
leaf_weight=2.7271689623594275 163.27870895713568 4.851669147610667 5.3736994713544837 26.341898746788502 1.93364692479372
leaf_count=15 516 16 24 57 7
internal_value=0.000789261 0.00183772 -0.00132577 0.0191019 -0.0430938
internal_weight=204.507 199.846 168.652 31.1936 4.66082
internal_count=635 613 540 73 22
is_linear=0
shrinkage=0.05


Tree=90
num_leaves=8
num_cat=0
split_feature=28 36 40 40 47 44 48
split_gain=3.73002 9.14963 10.9858 10.4936 6.56064 13.0007 3.47139
threshold=708.42187500000011 0.90094226598739635 -1.9955664873123167 -1.9955664873123167 1.0000000180025095e-35 1995.539978027344 -0.77947551012039173
decision_type=2 2 2 2 2 2 2
left_child=1 3 -3 -1 6 -6 -2
right_child=4 2 -4 -5 5 -7 -8
leaf_value=-0.066347473155777756 0.064671028788872431 0.059163262932508578 -0.048352988507155005 0.0045994273579680663 0.032840066826221155 -0.074317577788570191 0.0191293986599896
leaf_weight=5.3990207239985457 6.4119428396225002 2.7093352079391506 17.527366805821657 147.05747383460402 6.5026698708534223 4.97576043009758 13.506362192332746
leaf_count=33 8 6 87 424 13 29 35
internal_value=0.000748486 -0.00210801 -0.0337114 0.00205415 0.0166195 -0.0131759 0.0340408
internal_weight=204.09 172.693 20.2367 152.456 31.3967 11.4784 19.9183
internal_count=635 550 93 457 85 42 43
is_linear=0
shrinkage=0.05


Tree=91
num_leaves=8
num_cat=0
split_feature=20 10 7 18 37 64 71
split_gain=3.5427 21.4434 6.75472 6.55118 10.4915 7.9114 5.11684
threshold=3581.369995117188 -4.5500000851461657e-05 2.9934442043304448 925.41497802734386 -3.2671626806259151 13.466126441955568 10577.363281250002
decision_type=2 2 2 2 2 2 2
left_child=1 2 -1 5 -5 -2 -3
right_child=3 6 -4 4 -6 -7 -8
leaf_value=-0.078005492464786177 -0.03153695292419624 0.056542528908317929 0.0040179630292039034 -0.073194257995955928 0.00057756217387351834 0.0292135829541403 -0.010123273438524647
leaf_weight=10.724085167050363 6.2018607482314101 7.6955374106764776 3.1283179670572272 5.0015377551317206 129.45655738189816 36.634320102632046 4.4168912768363953
leaf_count=55 26 12 8 28 412 77 17
internal_value=0.000712199 -0.0165053 -0.059121 0.00326191 -0.0021294 0.0203013 0.0318195
internal_weight=203.259 25.9648 13.8524 177.294 134.458 42.8362 12.1124
internal_count=635 92 63 543 440 103 29
is_linear=0
shrinkage=0.05


Tree=92
num_leaves=5
num_cat=0
split_feature=44 5 44 54
split_gain=3.53828 5.69464 9.07897 8.07087
threshold=1953806.0625000002 17376.580078125004 27630.184570312504 -0.61123505234718312
decision_type=2 2 2 2
left_child=1 2 -1 -3
right_child=-2 3 -4 -5
leaf_value=0.0013676614587937608 -0.046564611263610327 -0.023247869565306667 -0.03863744897524788 0.030978981824288945
leaf_weight=143.70541711896658 3.8807139918208113 8.755838029086588 15.715487252920864 30.398133493959904
leaf_count=427 16 36 88 68
internal_value=0.000675599 0.00162399 -0.00254462 0.0187248
internal_weight=202.456 198.575 159.421 39.154
internal_count=635 619 515 104
is_linear=0
shrinkage=0.05


Tree=93
num_leaves=7
num_cat=0
split_feature=67 47 27 18 26 38
split_gain=3.67352 16.1919 15.6391 6.29454 9.87478 6.88468
threshold=-3.3032085895538326 -0.045905938372015946 -150655.99999999997 84.010002136230483 0.3335712999105454 -1.2447782158851621
decision_type=2 2 2 2 2 2
left_child=1 -1 -3 4 -2 -5
right_child=3 2 -4 5 -6 -7
leaf_value=-0.081381084524755842 -0.076341683399584623 0.023750869947947152 -0.087958071021461248 0.020265318552911075 0.048313343194912359 -0.0015095865838016527
leaf_weight=7.1158629804849651 5.5467832684516898 18.815292250365026 3.753237627446647 53.675372235476971 2.1750600039958954 111.02622996270657
leaf_count=35 28 46 18 140 4 364
internal_value=0.00064042 -0.0155753 0.00495167 0.00346112 -0.0405818 0.00555638
internal_weight=202.108 29.6844 22.5685 172.423 7.72184 164.702
internal_count=635 99 64 536 32 504
is_linear=0
shrinkage=0.05


Tree=94
num_leaves=8
num_cat=0
split_feature=61 4 72 43 57 57 24
split_gain=3.58352 10.1662 11.365 9.65516 6.5879 8.97761 3.74175
threshold=91.720474243164077 56664.974609375007 -1048129.5937499999 4228.4948730468759 1.6985102295875552 1.4170773029327395 229.50000000000003
decision_type=2 2 2 2 2 2 2
left_child=1 3 -3 -1 5 -2 -6
right_child=4 2 -4 -5 6 -7 -8
leaf_value=0.0091605481859074727 0.00024792887883890152 0.065203807462748328 -0.041103665714234787 -0.067030687434306582 -0.082214947468554761 0.032884999905622436 0.0019387630460917305
leaf_weight=6.4188665598630967 143.13219685852528 6.3370384126901627 4.1115100160241109 11.276209894567726 3.4570430740714064 24.773544862866402 1.9539518505334852
leaf_count=17 449 9 23 61 17 52 7
internal_value=0.000604989 -0.015913 0.0228932 -0.0391098 0.00331608 0.00509312 -0.0509024
internal_weight=201.46 28.1436 10.4485 17.6951 173.317 167.906 5.41099
internal_count=635 110 32 78 525 501 24
is_linear=0
shrinkage=0.05


Tree=95
num_leaves=6
num_cat=0
split_feature=61 61 4 18 67
split_gain=3.4731 3.68242 9.31015 5.80659 1.06149
threshold=381.97906494140631 91.720474243164077 56664.974609375007 84.010002136230483 -0.71101626753807057
decision_type=2 2 2 2 2
left_child=1 2 -1 -3 -2
right_child=4 3 -4 -5 -6
leaf_value=-0.037690347090981388 -0.072455568652091601 -0.039516105952879257 0.022089658917883719 0.0062763395232717156 -0.014610061329094976
leaf_weight=17.447466969490055 2.0163291320204739 7.2090275064110747 10.283028624951838 162.11608215048909 1.7321197241544712
leaf_count=78 11 29 32 476 9
internal_value=0.000576531 0.00150805 -0.0153424 0.00429719 -0.0470596
internal_weight=200.804 197.056 27.7305 169.325 3.74845
internal_count=635 615 110 505 20
is_linear=0
shrinkage=0.05


Tree=96
num_leaves=6
num_cat=0
split_feature=72 41 57 56 70
split_gain=3.32443 3.98651 5.53746 4.75244 2.1968
threshold=-2550804.8749999995 1.5545482635498049 1.5376977324485781 0.35751360654830938 11495.920898437502
decision_type=2 2 2 2 2
left_child=4 2 -2 -3 -1
right_child=1 3 -4 -5 -6
leaf_value=-0.070947533441582264 0.0015798428430250913 -0.0041684071599338221 -0.028539459277593278 0.035426338650832355 0
leaf_weight=2.6606028266251078 148.54144744575024 13.114788435399534 16.986979186534882 17.311623498797417 1.8841804489493368
leaf_count=15 468 40 72 33 7
internal_value=0.000543673 0.00154879 -0.00148088 0.0181954 -0.0416932
internal_weight=200.5 195.955 165.528 30.4264 4.54478
internal_count=635 613 540 73 22
is_linear=0
shrinkage=0.05


Tree=97
num_leaves=8
num_cat=0
split_feature=31 55 45 7 5 45 35
split_gain=3.33318 8.67205 8.51911 6.62402 8.19941 7.7538 3.68347
threshold=-5.2328510284423819 -0.82806795835494984 -0.2064559608697891 2.8669576644897465 514.43501281738293 -0.48717500269412989 -2.1284471750259395
decision_type=2 2 2 2 2 2 2
left_child=1 6 -3 4 -2 -5 -1
right_child=3 2 -4 5 -6 -7 -8
leaf_value=0.051772257843378126 -0.012570130311066586 -0.0099972442452562812 -0.072158225201518003 0.048339230318206465 0.012220567180288 -0.0048604924582165898 -0.0070478180978997135
leaf_weight=5.9518104717135429 70.979351945221424 20.185137957334518 7.7165757790207889 16.159988999366764 62.868279401212931 11.613360948860644 4.5745810568332654
leaf_count=10 246 74 46 27 184 35 13
internal_value=0.000515217 -0.0126916 -0.0273679 0.00368629 -0.000888575 0.0259139 0.0257351
internal_weight=200.049 38.4281 27.9017 161.621 133.848 27.7733 10.5264
internal_count=635 143 120 492 430 62 23
is_linear=0
shrinkage=0.05


Tree=98
num_leaves=7
num_cat=0
split_feature=28 28 43 26 45 55
split_gain=3.31495 8.6453 13.8239 9.61985 4.91948 9.86803
threshold=708.42187500000011 89.281250000000014 43894.832031250007 0.19250018149614337 -0.84907257556915272 0.27485074102878576
decision_type=2 2 2 2 2 2
left_child=1 3 -3 -1 -2 -6
right_child=4 2 -4 -5 5 -7
leaf_value=0.0075818844631104403 0.050664055569407007 -0.055492102037527816 0.01832059575958064 -0.032116933445020632 0.034130708087224848 -0.031615903993857955
leaf_weight=124.38467457890511 7.5752090737223652 17.098113056272272 9.954066224396227 17.371651485562325 12.48393275216222 10.482218019664286
leaf_count=374 13 80 30 66 30 42
internal_value=0.000487443 -0.00222915 -0.0281473 0.00268169 0.0156663 0.00390491
internal_weight=199.35 168.809 27.0522 141.756 30.5414 22.9662
internal_count=635 550 110 440 85 72
is_linear=0
shrinkage=0.05


Tree=99
num_leaves=7
num_cat=0
split_feature=62 18 12 46 27 49
split_gain=3.29254 5.45427 4.97458 8.2281 7.85939 2.1249
threshold=6.2438218593597421 38762.650390625007 3337010.7500000005 0.20158524066209796 177236.00000000003 -0.94665420055389393
decision_type=2 2 2 2 2 2
left_child=1 5 4 -4 -2 -1
right_child=2 -3 3 -5 -6 -7
leaf_value=0.0067506369916582451 0.0024010695373808326 0.021150061177205384 0.041678109781935757 -0.030393412745358464 -0.037214070533879616 -0.061765454615668638
leaf_weight=1.2176405303180216 151.71988645941019 4.000692717730999 16.689440608024601 5.1108541116118422 13.639714159071444 6.4367748573422414
leaf_count=8 453 13 32 20 53 56
internal_value=0.000463814 -0.0252881 0.00209419 0.0245523 -0.000836355 -0.0502129
internal_weight=198.815 11.6551 187.16 21.8003 165.36 7.65442
internal_count=635 77 558 52 506 64
is_linear=0
shrinkage=0.05


end of trees

feature_importances:
macro_score=27
z_oi=27
z_ls=27
z_bid_qty=22
z_delta_qty=22
btc_CVD=22
ret_kurt_10=20
price_atr=20
Agg._Liq_Short=19
Long/Short_Ratio_(Account)=19
liq_short_5=19
z_btc_10=18
ret_kurt_20=18
Ask_Qty=16
z_bid_trades=15
btc_cvd_mom=14
atr_ratio=14
Agg._Funding_Rate=12
ema_8=12
Candle=11
Ask_USD=11
ema_slow=11
vol_regime=11
ret_skew_10=11
CVD=10
Net_Shorts=10
z_btc_20=10
ret_lag1=10
z_cvd_20=9
Agg._OI=8
rsi=8
cvd_delta=7
z_cvd_10=7
ret_skew_20=7
Bid_Trades=6
Ask_Trades=6
funding=6
liq_long_5=6
z_ask_qty=6
cvd_accel=6
Bid_Qty=5
Delta_USD=5
z_cvd_4=5
Agg._Liq_Long=4
Price_Low=4
log_ret_5=4
liq_long_5_mean=4
Buy_Qty=3
Net_Longs=3
Bid_USD=3
Delta_Qty=3
log_ret_1=3
Sell_Qty=2
Candle_Delta=2
atr=2
ema_fast=2
z_ask_trades=2
atr_ratio_lag1=2
pull_ema50=2
stoch_k=2
liq_short_5_mean=2
Whale_Ind=1
z_btc_4=1
ema_50=1
pull_ema8=1
pull_ema21=1

parameters:
[boosting: gbdt]
[objective: binary]
[metric: binary_logloss]
[tree_learner: serial]
[device_type: cpu]
[data_sample_strategy: bagging]
[data: ]
[valid: ]
[num_iterations: 100]
[learning_rate: 0.05]
[num_leaves: 31]
[num_threads: 1]
[seed: 42]
[deterministic: 0]
[force_col_wise: 0]
[force_row_wise: 0]
[histogram_pool_size: -1]
[max_depth: 3]
[min_data_in_leaf: 10]
[min_sum_hessian_in_leaf: 0.001]
[bagging_fraction: 0.8]
[pos_bagging_fraction: 1]
[neg_bagging_fraction: 1]
[bagging_freq: 0]
[bagging_seed: 400]
[bagging_by_query: 0]
[feature_fraction: 0.8]
[feature_fraction_bynode: 1]
[feature_fraction_seed: 30056]
[extra_trees: 0]
[extra_seed: 12879]
[early_stopping_round: 0]
[early_stopping_min_delta: 0]
[first_metric_only: 0]
[max_delta_step: 0]
[lambda_l1: 0.1]
[lambda_l2: 0]
[linear_lambda: 0]
[min_gain_to_split: 0]
[drop_rate: 0.1]
[max_drop: 50]
[skip_drop: 0.5]
[xgboost_dart_mode: 0]
[uniform_drop: 0]
[drop_seed: 17869]
[top_rate: 0.2]
[other_rate: 0.1]
[min_data_per_group: 100]
[max_cat_threshold: 32]
[cat_l2: 10]
[cat_smooth: 10]
[max_cat_to_onehot: 4]
[top_k: 20]
[monotone_constraints: ]
[monotone_constraints_method: basic]
[monotone_penalty: 0]
[feature_contri: ]
[forcedsplits_filename: ]
[refit_decay_rate: 0.9]
[cegb_tradeoff: 1]
[cegb_penalty_split: 0]
[cegb_penalty_feature_lazy: ]
[cegb_penalty_feature_coupled: ]
[path_smooth: 0]
[interaction_constraints: ]
[verbosity: -1]
[saved_feature_importance_type: 0]
[use_quantized_grad: 0]
[num_grad_quant_bins: 4]
[quant_train_renew_leaf: 0]
[stochastic_rounding: 1]
[linear_tree: 0]
[max_bin: 63]
[max_bin_by_feature: ]
[min_data_in_bin: 3]
[bin_construct_sample_cnt: 200000]
[data_random_seed: 175]
[is_enable_sparse: 1]
[enable_bundle: 1]
[use_missing: 1]
[zero_as_missing: 0]
[feature_pre_filter: 1]
[pre_partition: 0]
[two_round: 0]
[header: 0]
[label_column: ]
[weight_column: ]
[group_column: ]
[ignore_column: ]
[categorical_feature: ]
[forcedbins_filename: ]
[precise_float_parser: 0]
[parser_config_file: ]
[objective_seed: 16083]
[num_class: 1]
[is_unbalance: 0]
[scale_pos_weight: 4.57018]
[sigmoid: 1]
[boost_from_average: 1]
[reg_sqrt: 0]
[alpha: 0.9]
[fair_c: 1]
[poisson_max_delta_step: 0.7]
[tweedie_variance_power: 1.5]
[lambdarank_truncation_level: 30]
[lambdarank_norm: 1]
[label_gain: ]
[lambdarank_position_bias_regularization: 0]
[eval_at: ]
[multi_error_top_k: 1]
[auc_mu_weights: ]
[num_machines: 1]
[local_listen_port: 12400]
[time_out: 120]
[machine_list_filename: ]
[machines: ]
[gpu_platform_id: -1]
[gpu_device_id: -1]
[gpu_use_dp: 0]
[num_gpu: 1]

end of parameters

pandas_categorical:[]
