tree
version=v4
num_class=1
num_tree_per_iteration=1
label_index=0
max_feature_idx=72
objective=binary sigmoid:1
feature_names=Candle Buy_Qty Sell_Qty Candle_Delta Agg._Liq_Long Agg._Liq_Short CVD Long/Short_Ratio_(Account) Whale_Ind Agg._OI Agg._Funding_Rate RSI Net_Shorts Net_Longs Price_Low Price_High Mid_Price Bid_Qty Ask_Qty Bid_USD Ask_USD Delta_Qty Delta_USD Bid_Trades Ask_Trades total_qty atr cvd_delta btc_cvd_mom ema_fast ema_slow macro_score macro z_cvd_4 z_btc_4 z_cvd_10 z_btc_10 z_cvd_20 z_btc_20 vol_regime z_oi z_ls funding liq_long_5 liq_short_5 z_bid_qty z_ask_qty z_delta_qty z_bid_trades z_ask_trades log_ret_1 log_ret_3 log_ret_5 ret_skew_10 ret_kurt_10 ret_skew_20 ret_kurt_20 atr_ratio cvd_accel atr_ratio_lag1 ret_lag1 price_atr ema_8 ema_21 ema_50 pull_ema8 pull_ema21 pull_ema50 rsi stoch_k liq_long_5_mean liq_short_5_mean btc_CVD
feature_infos=[710:226160] [607.6199951171875:406673.34375] [387.89999389648438:378996.65625] [-110329.78125:65689.75] [0:9290133] [0:7190056.5] [-124282456:-1225129] [0:4.6760420799255371] [0:2.708899974822998] [0:969991.5625] [-0.0050769997760653496:0.027931999415159225] [0:95.169998168945312] [0:495432.78125] [0:650634.9375] [10.25:1176.75] [10.75:1177.25] [10.5:1177] [0:90299.4375] [0:119355.7578125] [0:3220972.25] [0:4047986.5] [-48009.46875:36886.70703125] [-1185954.625:1719172.875] [0:4291] [0:5116] [0:9590.0595703125] [0.024284770712256432:18.527858734130859] [-269464:99144] [-16829.4375:18937.375] [10.659337043762207:1166.7239990234375] [11.773897171020508:1196.4935302734375] [-32.603759765625:18.694263458251953] [-1:1] [-1.499963641166687:1.4999817609786987] [-1.4996975660324097:1.49872887134552] [-2.8353097438812256:2.8230535984039307] [-2.8250110149383545:2.8208420276641846] [-4.1414341926574707:4.1709656715393066] [-4.090031623840332:4.1757826805114746] [-3.01167893409729:7.4997100830078125] [-8.4336023330688477:7.4301643371582031] [-6.2747945785522461:6.1100335121154785] [-0.0050769997760653496:0.027931999415159225] [0:43659324] [0:16900122] [-1.9269438982009888:2.8037393093109131] [-2.0537598133087158:2.7863678932189941] [-2.7914457321166992:2.7400965690612793] [-2.1180777549743652:2.7597000598907471] [-2.3035202026367188:2.7285487651824951] [-0.11687430739402771:0.045932509005069733] [-0.20518213510513306:0.17094384133815765] [-0.24339784681797028:0.18737530708312988] [-3.0548415184020996:2.954979419708252] [-2.1068441867828369:9.5044975280761719] [-4.2704224586486816:3.9264521598815918] [-1.5876429080963135:18.685111999511719] [0.32018446922302246:3] [-89240:105088] [0.30505341291427612:3] [-0.1493452787399292:0.060772377997636795] [14.605772018432617:1240.4754638671875] [10.396842002868652:1165.8370361328125] [10.443655967712402:1153.7437744140625] [10.448286056518555:1151.65869140625] [-5.6030731201171875:5.1809778213500977] [-6.9487271308898926:6.8157925605773926] [-7.636268138885498:8.1449699401855469] [1.2976016998291016:100] [0:100] [0:8816711] [0:12619087] [-2639521.25:452239.34375]
tree_sizes=953 866 962 975 972 978 967 962 970 981 978 874 875 974 773 976 871 975 872 982 982 878 979 876 984 979 976 761 987 874 985 989 759 968 757 960 876 751 671 880 778 878 881 985 778 996 975 973 881 674 979 776 778 874 979 983 992 985 985 995 878 987 987 675 986 978 887 880 676 778 880 890 981 890 879 987 986 678 881 885 982 675 884 883 885 982 783 983 987 992 776 882 777 982 986 984 888 885 881 871

Tree=0
num_leaves=8
num_cat=0
split_feature=21 39 55 1 59 4 47
split_gain=48.9143 47.7365 36.9954 38.8584 34.5056 33.2506 26.1511
threshold=142.390007019043 0.080596610903739943 -0.78985664248466481 6866.8249511718759 1.9752135276794436 3076.3349609375005 2.0800787210464482
decision_type=2 2 2 2 2 2 2
left_child=2 6 4 -4 -1 -3 -2
right_child=1 5 3 -5 -6 -7 -8
leaf_value=-1.2931149564336413 -1.4678160248528391 -1.4154384058208651 -1.3220544680503798 -1.3693654850256025 -1.4293810557534619 -1.3154946610346634 -1.3392643626552776
leaf_weight=55.709507137537003 19.868971347808841 13.327968329191206 74.39265912771225 106.77372327446938 5.1612132489681235 22.858515292406082 4.9332479536533347
leaf_count=176 116 67 268 462 27 80 19
internal_value=-1.3486 -1.3888 -1.33849 -1.34991 -1.30459 -1.35217 -1.44245
internal_weight=303.026 60.9887 242.037 181.166 60.8707 36.1865 24.8022
internal_count=1215 282 933 730 203 147 135
is_linear=0
shrinkage=1


Tree=1
num_leaves=7
num_cat=0
split_feature=23 41 70 40 12 59
split_gain=53.5743 56.3528 33.7144 28.7853 28.5685 20.6307
threshold=481.00000000000006 2.4841163158416752 752422.87500000012 2.0678795576095585 193839.15625000003 0.96953469514846813
decision_type=2 2 2 2 2 2
left_child=2 3 5 -2 -4 -1
right_child=1 -3 4 -5 -6 -7
leaf_value=0.088842497893703909 0.061123111013447244 0.19504574684663903 0.082546482248630704 -0.023843449089399359 -0.032396833623532302 0.12480674830200489
leaf_weight=61.669984117150307 92.72828970849514 7.409442961215972 21.91510392725468 11.078366473317145 7.1036053746938697 120.0977908372879
leaf_count=233 395 16 85 62 40 384
internal_value=0.0897685 0.0615817 0.104617 0.0520072 0.0542367 0.112632
internal_weight=322.003 111.216 210.786 103.807 29.0187 181.768
internal_count=1215 473 742 457 125 617
is_linear=0
shrinkage=0.05


Tree=2
num_leaves=8
num_cat=0
split_feature=23 41 49 70 49 71 0
split_gain=41.62 43.1981 27.1812 25.9569 27.1977 20.9013 5.55407
threshold=481.00000000000006 2.3073085546493535 1.9376214742660525 752422.87500000012 -0.93851453065872181 10026.399902343752 208299.00000000003
decision_type=2 2 2 2 2 2 2
left_child=3 2 -2 5 -5 -1 -3
right_child=1 6 -4 4 -6 -7 -8
leaf_value=-0.010912348472114829 0.035049375432981908 0.11716810444956659 0.10078330522821587 -0.062489044516400853 0.070044672923456855 0.10262728886285555 0.19802635631251447
leaf_weight=4.0607472509145728 86.400513246655464 4.6431052535772306 19.389084041118622 4.5268457084894207 25.419674023985863 189.66115009784698 4.8259955793619156
leaf_count=20 387 13 66 27 98 597 7
internal_value=0.080887 0.0563695 0.0471443 0.0934988 0.0498433 0.100221 0.158906
internal_weight=338.927 115.259 105.79 223.668 29.9465 193.722 9.4691
internal_count=1215 473 453 742 125 617 20
is_linear=0
shrinkage=0.05


Tree=3
num_leaves=8
num_cat=0
split_feature=40 52 22 51 8 10 69
split_gain=25.8139 30.8552 32.8588 29.0127 17.9732 32.4754 8.54424
threshold=-1.7844948172569273 -0.013023897074162958 -44242.714843749993 -0.015113321598619221 1.2034500241279604 -0.00040900000021792943 39.345373153686531
decision_type=2 2 2 2 2 2 2
left_child=4 3 -3 -2 5 -1 -6
right_child=1 2 -4 -5 6 -7 -8
leaf_value=0.14334838452464521 0.06502501562184046 0.023790462715553101 0.069389774259282694 0.12603202382475426 0.09428685317231647 0.016616836508869869 0.17275920165457836
leaf_weight=10.175271794199945 39.081369936466217 50.612747028470039 186.1661152690649 39.910120710730553 5.2865230888128307 10.244115665554999 12.458924204111097
leaf_count=24 138 224 647 101 16 43 22
internal_value=0.0734824 0.0687473 0.0596638 0.0959118 0.11253 0.0800138 0.149663
internal_weight=353.935 315.77 236.779 78.9915 38.1648 20.4194 17.7454
internal_count=1215 1110 871 239 105 67 38
is_linear=0
shrinkage=0.05


Tree=4
num_leaves=8
num_cat=0
split_feature=21 43 57 52 41 58 8
split_gain=24.3443 32.3741 31.2641 20.8961 30.3663 25.1095 8.07705
threshold=142.390007019043 4776.0998535156259 0.82248514890670787 0.0065121932420879611 -1.920065104961395 4264.0000000000009 1.3577499985694887
decision_type=2 2 2 2 2 2 2
left_child=3 6 -3 5 -5 -1 -2
right_child=1 2 -4 4 -6 -7 -8
leaf_value=0.071994014295217193 -0.06322469358365583 -0.036626043156251134 0.068644021161498855 -0.017112855062929984 0.065159718941230058 0.11223233062780043 0.053195668180164947
leaf_weight=158.90483830869198 8.2813819348812086 8.0879169255495054 52.254414573311806 13.150520339608191 72.777218654751778 52.171489164233208 1.7702586501836766
leaf_count=495 49 45 181 62 245 131 7
internal_value=0.0671722 0.040576 0.0544514 0.073459 0.0525104 0.0819634 -0.0422237
internal_weight=367.398 70.394 60.3423 297.004 85.9277 211.076 10.0516
internal_count=1215 282 226 933 307 626 56
is_linear=0
shrinkage=0.05


Tree=5
num_leaves=8
num_cat=0
split_feature=47 57 68 31 53 55 66
split_gain=21.4794 44.0152 33.9846 28.5187 22.6243 21.2099 5.01263
threshold=-1.029357850551605 0.87391668558120739 75.277023315429702 -5.2151217460632315 -1.253342807292938 0.95644930005073558 -2.0199517011642452
decision_type=2 2 2 2 2 2 2
left_child=4 3 -3 -2 6 -6 -1
right_child=1 2 -4 -5 5 -7 -8
leaf_value=-0.066959232962241544 0.061213201294843915 0.072787737748704992 0.019097196032174447 -0.0092963518668373307 0.10632631346866316 0.029651838791850561 0.038037813028213692
leaf_weight=2.5833308547735214 23.182838156819344 212.69117568433285 34.51995687186718 37.356770634651184 56.099701657891273 10.974652156233786 1.9700082540512074
leaf_count=13 78 630 137 170 138 42 7
internal_value=0.0617315 0.0559458 0.0653107 0.0176218 0.0865203 0.0938554 -0.020434
internal_weight=379.378 307.751 247.211 60.5396 71.6277 67.0744 4.55334
internal_count=1215 1015 767 248 200 180 20
is_linear=0
shrinkage=0.05


Tree=6
num_leaves=8
num_cat=0
split_feature=23 45 49 0 50 31 53
split_gain=26.2169 30.3808 22.3401 20.0649 22.4026 19.6847 7.8498
threshold=481.00000000000006 2.1501307487487797 -1.1812705397605894 7246.0000000000009 -0.01272198650985956 -4.0202569961547843 0.13840214163064959
decision_type=2 2 2 2 2 2 2
left_child=3 2 -2 6 -5 -3 -1
right_child=1 5 -4 4 -6 -7 -8
leaf_value=0.08425204761354961 0.16946136858038485 -0.011690494708890577 0.023219518585945096 -0.032308575804249159 0.065190910489859713 0.10914365933305303 0.16098421639869673
leaf_weight=6.8429305702447873 2.6923779100179663 3.9553034454584148 103.39467656612396 5.9706722497940055 239.65513090789318 20.261857032775879 7.3510680347681046
leaf_count=17 5 18 403 27 688 47 10
internal_value=0.0569758 0.0385808 0.0269781 0.0661819 0.0628005 0.0892018 0.124344
internal_weight=390.124 130.304 106.087 259.82 245.626 24.2172 14.194
internal_count=1215 473 408 742 715 65 27
is_linear=0
shrinkage=0.05


Tree=7
num_leaves=8
num_cat=0
split_feature=23 41 66 70 54 17 23
split_gain=22.1886 29.0259 18.857 17.8741 21.5211 13.5013 4.43101
threshold=481.00000000000006 2.3073085546493535 -3.03763735294342 752422.87500000012 2.9671036005020146 2.7050000429153447 877.50000000000011
decision_type=2 2 2 2 2 2 2
left_child=3 2 -2 5 -5 -1 -3
right_child=1 6 -4 4 -6 -7 -8
leaf_value=0.021435687759530239 0.08372853158201396 0.14364172003195302 0.021598387366718732 0.0044171262549257068 0.094062938181655925 0.069465245054662117 0.078172452636007583
leaf_weight=16.026172652840614 13.874887481331823 5.8848613649606687 107.36364635825157 26.11454413831234 9.0651321113109571 215.87567794322968 5.5121681541204453
leaf_count=54 37 8 416 103 22 563 12
internal_value=0.0527855 0.0359769 0.02875 0.061114 0.0276593 0.0661676 0.112416
internal_weight=399.717 132.636 121.239 267.082 35.1797 231.902 11.397
internal_count=1215 473 453 742 125 617 20
is_linear=0
shrinkage=0.05


Tree=8
num_leaves=8
num_cat=0
split_feature=23 41 24 70 48 71 44
split_gain=18.9429 24.6866 19.3086 15.9484 30.1382 18.4824 3.46853
threshold=481.00000000000006 2.3073085546493535 1012.5000000000001 397226.26562500006 -0.13891948014497754 415189.32812500006 236958.05468750003
decision_type=2 2 2 2 2 2 2
left_child=3 2 -2 5 -5 -1 -3
right_child=1 6 -4 4 -6 -7 -8
leaf_value=0.067133780728211884 0.0032798721054776454 0.078142581236857328 0.04362828559778982 0.020059030560612562 0.089788116795751258 -0.029496628989770141 0.13620492812607141
leaf_weight=186.79257023334503 50.929750487208366 6.9012255519628507 71.922828242182732 60.700294449925423 20.94971926510334 5.0101477205753318 4.9319090247154236
leaf_count=467 211 15 242 209 46 20 5
internal_value=0.0490811 0.0336409 0.0269422 0.0566677 0.0380113 0.0645836 0.102765
internal_weight=408.138 134.686 122.853 273.453 81.65 191.803 11.8331
internal_count=1215 473 453 742 255 487 20
is_linear=0
shrinkage=0.05


Tree=9
num_leaves=8
num_cat=0
split_feature=47 57 51 4 53 59 11
split_gain=16.7505 33.8155 34.9606 31.3223 17.7772 15.2429 4.54612
threshold=-1.029357850551605 0.97500786185264599 0.0092825852334499376 50455.089843750007 -1.253342807292938 0.83101290464401256 34.004999160766609
decision_type=2 2 2 2 2 2 2
left_child=4 3 -3 -2 6 -6 -1
right_child=1 2 -4 -5 5 -7 -8
leaf_value=-0.069253571120450871 -0.00039830519989971462 0.058520524205248142 0.00040420429860690377 0.062500011802409258 0.10447426648356256 0.056184665286275561 0.027459909730196609
leaf_weight=2.7027149200439444 73.387430265545845 206.22651888430119 29.788956195116043 27.02493605017662 25.183053746819496 49.164670988917351 2.1166066825389862
leaf_count=13 288 540 112 75 49 131 7
internal_value=0.0457647 0.0408568 0.0512065 0.0164803 0.0665584 0.0726086 -0.0257403
internal_weight=415.595 336.428 236.015 100.412 79.167 74.3477 4.81932
internal_count=1215 1015 652 363 200 180 20
is_linear=0
shrinkage=0.05


Tree=10
num_leaves=8
num_cat=0
split_feature=23 41 24 2 0 50 53
split_gain=16.276 23.0185 27.9189 19.6935 14.6679 17.538 5.58277
threshold=481.00000000000006 -0.62750253081321705 1012.5000000000001 4157.1699218750009 7246.0000000000009 -0.01272198650985956 0.13840214163064959
decision_type=2 2 2 2 2 2 2
left_child=4 3 -3 -2 6 -6 -1
right_child=1 2 -4 -5 5 -7 -8
leaf_value=0.064102141751741351 0.049089277827272751 0.0053305932540882233 0.059459792845806519 -0.032441501657038102 -0.035730339521312278 0.048832787072488872 0.12557221153856021
leaf_weight=7.5181934386491767 10.775989562273024 37.116344973444939 67.590413987636566 23.583760261535645 6.2100511640310279 261.25164194405079 8.3192181140184385
leaf_count=17 35 147 184 107 27 688 10
internal_value=0.0427545 0.0286601 0.0403199 -0.0067261 0.0496555 0.0468507 0.0967074
internal_weight=422.366 139.067 104.707 34.3597 283.299 267.462 15.8374
internal_count=1215 473 331 142 742 715 27
is_linear=0
shrinkage=0.05


Tree=11
num_leaves=7
num_cat=0
split_feature=40 55 36 38 44 5
split_gain=15.5582 18.1886 24.4613 19.5352 12.9305 12.6789
threshold=-1.7844948172569273 -0.51750969886779774 1.4124004840850832 1.0458186864852907 30863.333984375004 32637.419921875004
decision_type=2 2 2 2 2 2
left_child=4 2 -2 -3 -1 -6
right_child=1 3 -4 -5 5 -7
leaf_value=-0.019501013099268008 0.055286434235765847 0.017754273876139093 -0.072316802637813246 0.046903548982627934 0.093452285337792401 0.034405121909338997
leaf_weight=3.8520948886871329 129.60677900910378 155.78436107933521 3.8342193514108649 91.932356998324394 29.746717095375061 13.543721854686735
leaf_count=14 323 510 18 259 52 39
internal_value=0.0400344 0.0366541 0.0515825 0.0285923 0.0672588 0.0750945
internal_weight=428.3 381.158 133.441 247.717 47.1425 43.2904
internal_count=1215 1110 341 769 105 91
is_linear=0
shrinkage=0.05


Tree=12
num_leaves=7
num_cat=0
split_feature=23 41 40 46 70 50
split_gain=14.032 20.2637 17.9422 14.1198 23.0806 21.0686
threshold=481.00000000000006 2.4841163158416752 2.0678795576095585 -0.20828519761562345 397226.26562500006 -0.0019094386370852587
decision_type=2 2 2 2 2 2
left_child=3 2 -2 4 -1 -5
right_child=1 -3 -4 5 -6 -7
leaf_value=0.045630737297776031 0.025335854322898994 0.09026319345006896 -0.035855751983763832 0.088850128924528551 0.004312041255992694 0.042687898937337383
leaf_weight=130.81037655472755 118.45022843778133 10.894336819648741 13.263837695121763 36.860949710011482 45.945821493864059 77.574414595961571
leaf_count=324 395 16 62 66 156 196
internal_value=0.0375346 0.0246045 0.0191358 0.0438498 0.0349187 0.057601
internal_weight=433.8 142.608 131.714 291.192 176.756 114.435
internal_count=1215 473 457 742 480 262
is_linear=0
shrinkage=0.05


Tree=13
num_leaves=8
num_cat=0
split_feature=47 59 4 9 53 55 55
split_gain=13.3683 26.8893 29.1719 23.911 15.1399 14.834 4.23443
threshold=-1.029357850551605 0.95995014905929577 94149.800781250015 725321.65625000012 -1.253342807292938 0.95644930005073558 -1.1606887578964231
decision_type=2 2 2 2 2 2 2
left_child=4 2 -2 -3 6 -6 -1
right_child=1 3 -4 -5 5 -7 -8
leaf_value=-0.07148405270741541 -0.0027955514992035451 0.044388529733776709 0.056309935992034627 -0.02494353252408061 0.068155726341899689 0.0087005909893504065 0.019594027666119038
leaf_weight=2.8027227222919464 88.23291739821434 225.7756761610508 27.291498005390167 13.066020846366881 66.297239899635315 12.698093220591543 2.2211349308490744
leaf_count=13 326 571 67 51 138 42 7
internal_value=0.0352732 0.0309879 0.0111243 0.0405747 0.0532877 0.0586619 -0.0302216
internal_weight=438.385 354.366 115.524 238.842 84.0192 78.9953 5.02386
internal_count=1215 1015 393 622 200 180 20
is_linear=0
shrinkage=0.05


Tree=14
num_leaves=6
num_cat=0
split_feature=40 31 54 44 69
split_gain=12.9662 16.6462 15.8291 10.8178 9.3631
threshold=-1.7844948172569273 11.97830390930176 6.8439464569091806 30863.333984375004 8.4909815788269061
decision_type=2 2 2 2 2
left_child=3 2 -2 -1 -5
right_child=1 -3 -4 4 -6
leaf_value=-0.021402977792469309 0.032778153382761202 -0.072505850762060883 -0.032172676533236126 -0.015005298861975588 0.070986343435530383
leaf_weight=3.8949726223945609 380.19450850784779 3.8815079480409613 9.5401013195514661 3.3236444890499106 41.682750016450882
leaf_count=14 1056 18 36 11 80
internal_value=0.0331837 0.0301403 0.0311754 0.0575785 0.0645249
internal_weight=442.517 393.616 389.735 48.9014 45.0064
internal_count=1215 1110 1092 105 91
is_linear=0
shrinkage=0.05


Tree=15
num_leaves=8
num_cat=0
split_feature=21 43 28 1 41 49 45
split_gain=12.3661 20.3493 22.7586 12.1963 20.8904 17.4188 7.33081
threshold=142.390007019043 4776.0998535156259 1.0000000180025095e-35 6866.8249511718759 -1.920065104961395 -1.1215831637382505 2.2376929521560673
decision_type=2 2 2 2 2 2 2
left_child=3 6 -3 5 -5 -1 -2
right_child=1 2 -4 4 -6 -7 -8
leaf_value=-0.039925521781046011 -0.067324052598741191 -0.0010614594510679823 0.055001991958975427 -0.015206504372084789 0.033475111632986214 0.051268796252677398 0.037229034578533153
leaf_weight=5.4013759493827811 9.2872763574123347 40.90261335670948 32.232616052031517 24.523072957992554 206.31424614787102 125.89118537306786 1.9798881113529212
leaf_count=20 49 146 80 89 535 289 7
internal_value=0.0312296 0.0138965 0.0235788 0.0352556 0.0282817 0.047479 -0.048508
internal_weight=446.532 84.4024 73.1352 362.13 230.837 131.293 11.2672
internal_count=1215 282 226 933 624 309 56
is_linear=0
shrinkage=0.05


Tree=16
num_leaves=7
num_cat=0
split_feature=39 4 22 69 71 69
split_gain=12.0435 25.8227 31.7336 25.0643 21.7356 21.7596
threshold=0.2684615850448609 94149.800781250015 212685.82812500003 13.789228916168215 10026.399902343752 68.807147979736342
decision_type=2 2 2 2 2 2
left_child=1 2 -1 -3 -2 -6
right_child=4 3 -4 -5 5 -7
leaf_value=-0.0018663588691218834 -0.073743494005030247 -0.039457953874000556 0.053326263733641632 0.071611519658519737 0.047536655136993143 0.014805522314785555
leaf_weight=117.49941729009151 4.3642502427101126 5.8907651305198661 33.403655603528023 34.631270840764046 183.11218720674515 70.948798984289169
leaf_count=404 20 23 76 66 413 213
internal_value=0.029438 0.0198749 0.0103179 0.0553418 0.0365024 0.0384159
internal_weight=449.85 191.425 150.903 40.522 258.425 254.061
internal_count=1215 569 480 89 646 626
is_linear=0
shrinkage=0.05


Tree=17
num_leaves=8
num_cat=0
split_feature=23 45 49 31 31 11 18
split_gain=11.68 19.2851 17.3915 13.2635 12.0141 19.9281 16.5781
threshold=481.00000000000006 2.1501307487487797 -1.1812705397605894 -4.0202569961547843 -3.0629018545150752 15.434999942779543 122.63999938964845
decision_type=2 2 2 2 2 2 2
left_child=4 2 -2 -3 6 -6 -1
right_child=1 3 -4 -5 5 -7 -8
leaf_value=0.016861672398885502 0.12239921799802128 -0.024657116215817711 0.0043623422915832679 0.068421778400652777 -0.077291142357316156 0.028231362763895818 0.058804310254511452
leaf_weight=33.954993382096291 3.2112340331077567 4.4742969721555736 117.79044105112553 23.769014313817024 4.5608591437339774 185.04356840252876 79.83286826312542
leaf_count=91 5 18 403 47 20 474 157
internal_value=0.0277849 0.0162678 0.00753622 0.0534992 0.0334339 0.0256667 0.0463323
internal_weight=452.637 149.245 121.002 28.2433 303.392 189.604 113.788
internal_count=1215 473 408 65 742 494 248
is_linear=0
shrinkage=0.05


Tree=18
num_leaves=7
num_cat=0
split_feature=0 0 71 10 14 51
split_gain=11.565 16.6426 12.1565 23.9031 11.7513 1.92702
threshold=7246.0000000000009 10305.500000000002 35025.267578125007 0.00094749999698251497 375.00000000000006 -0.015113321598619221
decision_type=2 2 2 2 2 2
left_child=2 -2 5 -4 -3 -1
right_child=1 4 3 -5 -6 -7
leaf_value=0.049874573588084878 -0.073147773458755325 0.016342834686434538 -0.078982608184811787 0.10617992464897369 0.033023158901789473 0.098658710965842666
leaf_weight=3.0395911931991586 4.2975812554359427 195.40064370632172 3.6984891742467871 3.2883359491825104 234.09915842115879 11.319639384746552
leaf_count=6 20 574 16 4 581 14
internal_value=0.0262448 0.0244578 0.0623262 0.00744815 0.0254461 0.0886802
internal_weight=455.143 433.797 21.3461 6.98683 429.5 14.3592
internal_count=1215 1175 40 20 1155 20
is_linear=0
shrinkage=0.05


Tree=19
num_leaves=8
num_cat=0
split_feature=71 35 40 11 7 39 23
split_gain=11.5091 31.7467 29.6387 14.2482 21.0849 16.5166 12.6992
threshold=377701.78125000006 -1.8800491094589231 0.79668217897415172 71.045001983642592 1.2779355049133303 1.0000000180025095e-35 17.500000000000004
decision_type=2 2 2 2 2 2 2
left_child=3 6 -3 5 -5 -1 -2
right_child=1 2 -4 4 -6 -7 -8
leaf_value=0.016358548788540071 0.022098231760397664 0.036696312194961965 -0.076402077336108196 -0.046873478617381337 0.023579392454595751 0.040275067814788457 -0.077132047300112486
leaf_weight=109.30625687539577 4.1915795058012035 53.307117700576782 6.4749982804059973 14.555261626839636 39.154474020004272 217.5479528605938 13.017026156187056
leaf_count=326 12 129 29 59 110 492 58
internal_value=0.0247968 0.00707966 0.024363 0.028368 0.00439367 0.0322922 -0.0526715
internal_weight=457.555 76.9907 59.7821 380.564 53.7097 326.854 17.2086
internal_count=1215 228 158 987 169 818 70
is_linear=0
shrinkage=0.05


Tree=20
num_leaves=8
num_cat=0
split_feature=47 57 9 68 53 55 55
split_gain=10.8694 20.2928 19.1012 18.1388 12.7233 11.5592 3.85795
threshold=-1.029357850551605 0.87391668558120739 455178.65625000006 75.277023315429702 -1.253342807292938 0.95644930005073558 -1.1606887578964231
decision_type=2 2 2 2 2 2 2
left_child=4 2 -2 -3 6 -6 -1
right_child=1 3 -4 -5 5 -7 -8
leaf_value=-0.074427417164605353 0.020683180073873403 0.030264580542702191 -0.031160642838641745 -0.0053879716571708178 0.052265728586205019 0.0009261065862651998 0.010263775653877609
leaf_weight=2.9046377539634705 36.758506670594215 259.23143209517002 34.327277019619942 41.100231677293777 69.562765389680862 13.251546218991278 2.3342320919036856
leaf_count=13 111 630 137 137 138 42 7
internal_value=0.023452 0.0196806 -0.00428183 0.0253689 0.0393035 0.044111 -0.035738
internal_weight=459.471 371.417 71.0858 300.332 88.0532 82.8143 5.23887
internal_count=1215 1015 248 767 200 180 20
is_linear=0
shrinkage=0.05


Tree=21
num_leaves=7
num_cat=0
split_feature=71 44 50 54 34 22
split_gain=10.343 24.9756 18.4278 13.0814 16.5526 14.466
threshold=377701.78125000006 41856.603515625007 -0.0046801243443042031 6.8439464569091806 1.0298599004745486 110531.19921875001
decision_type=2 2 2 2 2 2
left_child=3 -2 -3 4 -1 -5
right_child=1 2 -4 5 -6 -7
leaf_value=0.031116525604632225 -0.076801997615729242 -0.034570318311229246 0.028686542713421831 -0.079583938118597194 8.0049026402063928e-06 0.052447380762098574
leaf_weight=325.02633447945118 8.2300816476345044 14.533111318945883 54.530530169606209 5.9529203623533231 49.609147131443024 3.1390131562948227
leaf_count=800 37 54 137 26 154 7
internal_value=0.0222002 0.00543112 0.015303 0.0255649 0.0270105 -0.0334499
internal_weight=461.021 77.2937 69.0636 383.727 374.635 9.09193
internal_count=1215 228 191 987 954 33
is_linear=0
shrinkage=0.05


Tree=22
num_leaves=8
num_cat=0
split_feature=21 65 49 53 60 19 33
split_gain=10.2888 16.7007 22.9443 16.6712 11.5896 27.633 16.9706
threshold=142.390007019043 -1.1856371760368345 -0.83966687321662892 -1.1761229634284971 0.0039349163416773089 104723.83984375001 -1.4224836826324461
decision_type=2 2 2 2 2 2 2
left_child=4 3 -3 -2 6 -6 -1
right_child=1 2 -4 -5 5 -7 -8
leaf_value=-0.021016586047141333 -0.02536016877795462 0.048188515603631417 -0.027623324081027845 0.057367843699454038 0.033279923807459248 -0.037941943198276887 0.031008065203050501
leaf_weight=16.416289329528809 8.2295736819505709 12.864118501543997 44.157947421073914 22.67708258330822 32.705438524484634 23.31554414331913 302.32323043048382
leaf_count=53 30 30 173 49 80 85 715
internal_value=0.0210089 0.00554251 -0.0104326 0.0351779 0.0246244 0.00354862 0.0283129
internal_weight=462.689 87.9287 57.0221 30.9067 374.761 56.021 318.74
internal_count=1215 282 203 79 933 165 768
is_linear=0
shrinkage=0.05


Tree=23
num_leaves=7
num_cat=0
split_feature=0 0 10 71 10 51
split_gain=9.94395 14.5726 10.7349 10.5272 20.6443 1.83622
threshold=7246.0000000000009 10305.500000000002 0.0005269999965094031 35025.267578125007 0.00094749999698251497 -0.015113321598619221
decision_type=2 2 2 2 2 2
left_child=3 -2 -3 5 -5 -1
right_child=1 2 -4 4 -6 -7
leaf_value=0.040076447887472028 -0.073256992429242274 0.022810284574111949 0.002265530879450214 -0.078842973225150201 0.092516610139846939 0.087071293049952536
leaf_weight=3.0812047719955453 4.2847553193569174 360.22784589231014 77.881135627627373 3.6805907636880866 3.360840693116188 11.464724630117416
leaf_count=6 20 920 235 16 4 14
internal_value=0.0198972 0.018263 0.0191695 0.053155 0.00223603 0.0774603
internal_weight=463.981 442.394 438.109 21.5874 7.04143 14.5459
internal_count=1215 1175 1155 40 20 20
is_linear=0
shrinkage=0.05


Tree=24
num_leaves=8
num_cat=0
split_feature=40 44 41 60 69 5 8
split_gain=9.8872 14.3472 21.3951 14.3972 10.0079 20.5299 6.48722
threshold=-1.7844948172569273 626446.59375000012 -0.064049670472741113 0.0042974271345883617 39.345373153686531 32637.419921875004 1.2034500241279604
decision_type=2 2 2 2 2 2 2
left_child=4 3 -3 -2 5 -1 -6
right_child=1 2 -4 -5 6 -7 -8
leaf_value=0.038259087282227593 0.023682860079323333 -0.064848182406853139 0.0085025900052269603 -0.0099735854907389704 0.031969497922961748 -0.084930203616585792 0.078935393224677644
leaf_weight=16.088590458035473 314.16290923953056 12.241928875446318 52.622363612055779 35.128378674387932 13.962163224816324 4.2692608535289756 16.745695203542709
leaf_count=33 801 49 147 113 32 18 22
internal_value=0.0188504 0.0162704 -0.00526392 0.0202837 0.0396771 0.0121794 0.0577439
internal_weight=465.221 414.156 64.8643 349.291 51.0657 20.3579 30.7079
internal_count=1215 1110 196 914 105 51 54
is_linear=0
shrinkage=0.05


Tree=25
num_leaves=8
num_cat=0
split_feature=4 71 41 22 31 3 48
split_gain=9.58517 17.1703 25.3863 17.7057 16.7323 17.7081 10.5481
threshold=11056.399902343752 442312.25000000006 2.3073085546493535 1375.5500488281252 -3.0629018545150752 -512.86001586914051 -0.69213083386421193
decision_type=2 2 2 2 2 2 2
left_child=1 3 -3 -1 6 -6 -2
right_child=4 2 -4 -5 5 -7 -8
leaf_value=-0.00097447665277891442 0.070280773230437285 -0.064520394468433509 0.060852009885439221 0.025387946833005427 -0.0047095183659816688 0.036380222745547024 0.029834824237215826
leaf_weight=100.30918262898922 28.025105595588684 15.32235597074032 5.4455242007970801 172.790193349123 55.271085113286972 49.573624193668365 39.565733224153519
leaf_count=311 42 65 9 416 166 112 94
internal_value=0.0178641 0.0123416 -0.0314059 0.0156867 0.0272465 0.0146712 0.0466789
internal_weight=466.303 293.867 20.7679 273.099 172.436 104.845 67.5908
internal_count=1215 801 74 727 414 278 136
is_linear=0
shrinkage=0.05


Tree=26
num_leaves=8
num_cat=0
split_feature=47 59 4 9 59 33 19
split_gain=9.18633 17.7363 20.5787 18.7329 12.6276 17.8025 8.24071
threshold=-1.029357850551605 0.95995014905929577 50455.089843750007 725321.65625000012 0.83101290464401256 -0.95089340209960926 140256.06250000003
decision_type=2 2 2 2 2 2 2
left_child=4 2 -2 -3 6 -6 -1
right_child=1 3 -4 -5 5 -7 -8
leaf_value=0.081473324556280508 -0.01463996652653185 0.024343825394947421 0.030997695435546996 -0.035206021310904771 0.067981191779481434 0.0030480458015577881 0.0274363783376982
leaf_weight=16.738943919539455 89.412340775132179 240.20407082140446 34.110710471868515 13.908168733119963 13.76591920852661 46.062394186854362 12.803441375494002
leaf_count=22 312 571 81 51 20 128 30
internal_value=0.016943 0.0135083 -0.00199671 0.0210648 0.0314005 0.0180721 0.0582234
internal_weight=467.006 377.635 123.523 254.112 89.3707 59.8283 29.5424
internal_count=1215 1015 393 622 200 148 52
is_linear=0
shrinkage=0.05


Tree=27
num_leaves=6
num_cat=0
split_feature=27 52 2 10 69
split_gain=9.21681 11.8906 17.4327 16.1891 3.71999
threshold=-81782.999999999985 -0.013023897074162958 5281.9299316406259 -0.00049750000471249212 30.876004219055179
decision_type=2 2 2 2 2
left_child=4 3 -3 -2 -1
right_child=1 2 -4 -5 -6
leaf_value=-0.081675791916525645 1.0277948556252049e-05 0.026882411114342704 0.0037966690117053645 0.043089728648560227 0
leaf_weight=3.2691000550985327 30.350763961672783 130.23849882185459 221.43677268922329 79.650622233748436 2.453550398349762
leaf_count=14 83 317 637 157 7
internal_value=0.0160821 0.0168717 0.0123604 0.031249 -0.0467514
internal_weight=467.399 461.677 351.675 110.001 5.72265
internal_count=1215 1194 954 240 21
is_linear=0
shrinkage=0.05


Tree=28
num_leaves=8
num_cat=0
split_feature=40 44 41 50 68 8 10
split_gain=8.78733 12.7347 19.2055 12.9606 9.90443 11.6257 3.71482
threshold=-1.7844948172569273 626446.59375000012 -0.064049670472741113 -0.0032375054433941837 68.448596954345717 1.1175000071525576 -0.00018200000340584663
decision_type=2 2 2 2 2 2 2
left_child=4 3 -3 -2 5 -1 -6
right_child=1 2 -4 -5 6 -7 -8
leaf_value=-0.0077096485178318594 0.034536765236371114 -0.064150776233577289 0.005492139749926659 0.011431270213333854 0.099123913830655899 0.048096222947525524 0.045507109920702234
leaf_weight=17.808385834097862 78.530791103839874 12.147590503096579 53.045902043581009 273.32528549432755 6.5288258194923401 19.309426516294479 7.4368501007556898
leaf_count=51 174 49 147 740 7 33 14
internal_value=0.0152536 0.0128371 -0.00740782 0.0166024 0.0348842 0.021187 0.0709305
internal_weight=468.133 417.05 65.1935 351.856 51.0835 37.1178 13.9657
internal_count=1215 1110 196 914 105 84 21
is_linear=0
shrinkage=0.05


Tree=29
num_leaves=7
num_cat=0
split_feature=0 0 71 10 14 51
split_gain=8.54454 12.9043 9.83898 18.1011 9.33768 1.87349
threshold=7246.0000000000009 10305.500000000002 35025.267578125007 0.00094749999698251497 375.00000000000006 -0.015113321598619221
decision_type=2 2 2 2 2 2
left_child=2 -2 5 -4 -3 -1
right_child=1 4 3 -5 -6 -7
leaf_value=0.031509089633132967 -0.073301808696399462 0.0058856274757331491 -0.079532272199519374 0.081147922413568593 0.020500626869117591 0.078598712989476127
leaf_weight=3.0760934799909601 4.2738645374774924 202.74031879007816 3.6884518563747397 3.3358241617679596 240.17136713862419 11.39766027033329
leaf_count=6 20 574 16 4 581 14
internal_value=0.014474 0.0129781 0.0453581 -0.00251353 0.013822 0.0689363
internal_weight=468.684 447.186 21.498 7.02428 442.912 14.4738
internal_count=1215 1175 40 20 1155 20
is_linear=0
shrinkage=0.05


Tree=30
num_leaves=8
num_cat=0
split_feature=71 35 44 60 49 39 63
split_gain=8.53097 25.6815 23.3957 11.3213 12.0772 10.9768 8.28743
threshold=377701.78125000006 -1.8800491094589231 41856.603515625007 -0.0048577266279608003 -0.91108217835426319 1.0106074213981631 300.51866149902349
decision_type=2 2 2 2 2 2 2
left_child=3 6 -3 5 -5 -1 -2
right_child=1 2 -4 4 -6 -7 -8
leaf_value=0.0041292004958633213 -0.00148779277799593 -0.077759772338167332 0.024435204695464327 0.032050474700758433 0.0081499116061371831 0.050048773914480552 -0.077711688805085055
leaf_weight=18.875839710235596 5.2449094951152828 6.2208201438188544 54.834983691573143 66.608883008360863 261.41649302840233 43.746133029460907 12.115612745285032
leaf_count=49 16 28 130 147 714 77 54
internal_value=0.0137393 -0.0012517 0.0139409 0.0167613 0.0130184 0.0362873 -0.0549712
internal_weight=469.064 78.4163 61.0558 390.647 328.025 62.622 17.3605
internal_count=1215 228 158 987 861 126 70
is_linear=0
shrinkage=0.05


Tree=31
num_leaves=8
num_cat=0
split_feature=47 57 31 51 59 33 19
split_gain=8.44169 15.6654 22.9588 19.1014 11.435 15.3777 7.25236
threshold=-1.029357850551605 0.97500786185264599 -5.2151217460632315 0.0092825852334499376 0.83101290464401256 -0.95089340209960926 140256.06250000003
decision_type=2 2 2 2 2 2 2
left_child=4 2 -2 -3 6 -6 -1
right_child=1 3 -4 -5 5 -7 -8
leaf_value=0.074207008314075229 0.02467644271393209 0.021507585122311774 -0.022359166755968336 -0.018758294996117808 0.060838584880792412 0.00031449122630175725 0.023602308481874074
leaf_weight=16.740401566028599 40.015826225280762 232.60299329459667 73.565669670701027 33.590533941984177 13.644999429583548 46.192786082625389 12.895262122154234
leaf_count=22 103 540 260 112 20 128 30
internal_value=0.0130453 0.00976949 -0.00574406 0.0164077 0.0268938 0.0141996 0.0523563
internal_weight=469.248 379.775 113.581 266.194 89.4734 59.8378 29.6357
internal_count=1215 1015 363 652 200 148 52
is_linear=0
shrinkage=0.05


Tree=32
num_leaves=6
num_cat=0
split_feature=27 55 1 47 10
split_gain=8.16527 9.96172 14.9979 12.2279 3.48003
threshold=-81782.999999999985 -0.78985664248466481 4559.1450195312509 0.72939905524253856 0.00012699999933829534
decision_type=2 2 2 2 2
left_child=4 3 -3 -2 -1
right_child=1 2 -4 -5 -6
leaf_value=-0.080634955749739709 0.032811755356263593 0.02499906629851081 0.0020996435141453452 -0.010751205941310276 0
leaf_weight=3.2664584368467322 98.708791494369507 101.45716390013695 244.12229803204536 19.056581124663353 2.4218563139438629
leaf_count=14 202 249 684 59 7
internal_value=0.0123995 0.0131389 0.00883705 0.02572 -0.0469494
internal_weight=469.033 463.345 345.579 117.765 5.68831
internal_count=1215 1194 933 261 21
is_linear=0
shrinkage=0.05


Tree=33
num_leaves=8
num_cat=0
split_feature=4 4 31 21 3 70 68
split_gain=7.9908 15.3694 18.4285 14.047 22.5317 15.2968 4.46237
threshold=11056.399902343752 18016.234375000004 -8.8371715545654279 142.390007019043 -1863.2250366210935 1002459.5625000001 30.407243728637699
decision_type=2 2 2 2 2 2 2
left_child=3 6 -3 5 -5 -1 -2
right_child=1 2 -4 4 -6 -7 -8
leaf_value=0.013526636194337225 0.09903816689995025 0.06780422773476423 0.0097435933999896161 0.011237414699376386 -0.056195607582432507 -0.074805638118998694 0.044500947211007634
leaf_weight=240.34563668072224 6.4889755100011852 15.183987453579901 141.49246567487717 29.18662816286087 21.408202737569809 4.9875718653202048 10.240189597010611
leaf_count=597 7 23 364 88 93 23 20
internal_value=0.0117708 0.0203081 0.0154023 0.00675132 -0.0171967 0.0117105 0.0659539
internal_weight=469.334 173.406 156.676 295.928 50.5948 245.333 16.7292
internal_count=1215 414 387 801 181 620 27
is_linear=0
shrinkage=0.05


Tree=34
num_leaves=6
num_cat=0
split_feature=11 2 27 52 8
split_gain=7.9211 8.3056 18.5817 13.6298 3.6052
threshold=1.0000000180025095e-35 5281.9299316406259 3248.0000000000005 -0.013023897074162958 1.4630500078201296
decision_type=2 2 2 2 2
left_child=4 2 -2 -3 -1
right_child=1 3 -4 -5 -6
leaf_value=-0.078990717728173621 0.0076216088521208203 0.021775277954104999 0.046960032443851753 0.00051095593404293664 0
leaf_weight=3.4616027623414984 78.284096166491508 114.65434794127941 49.077532082796097 221.33433549106121 2.4642106592655182
leaf_count=15 210 257 94 632 7
internal_value=0.0111831 0.0119263 0.0228195 0.00778217 -0.0460857
internal_weight=469.276 463.35 127.362 335.989 5.92581
internal_count=1215 1193 304 889 22
is_linear=0
shrinkage=0.05


Tree=35
num_leaves=8
num_cat=0
split_feature=47 59 4 52 53 66 55
split_gain=7.7894 14.2405 18.7408 14.1929 11.4576 9.6968 3.34099
threshold=-1.029357850551605 0.84368324279785167 61358.109375000007 0.0082007232122123259 -1.253342807292938 -3.03763735294342 -1.1606887578964231
decision_type=2 2 2 2 2 2 2
left_child=4 2 -2 -3 6 -6 -1
right_child=1 3 -4 -5 5 -7 -8
leaf_value=-0.080291681497108192 -0.026206610131812125 0.017189975392250947 0.033920898436372547 -0.010969809330903489 0.075679405235664493 0.022298736032978269 0
leaf_weight=3.068981796503067 56.273842126131058 252.88546952605247 16.778919875621796 54.138198494911194 9.7389848232269269 74.093790978193283 2.4457370340824118
leaf_count=13 208 601 37 169 11 169 7
internal_value=0.010621 0.00747907 -0.0123279 0.0122082 0.0239307 0.0285597 -0.0455312
internal_weight=469.424 380.076 73.0528 307.024 89.3475 83.8328 5.51472
internal_count=1215 1015 245 770 200 180 20
is_linear=0
shrinkage=0.05


Tree=36
num_leaves=7
num_cat=0
split_feature=40 31 44 69 5 2
split_gain=7.60082 11.895 11.0384 8.56562 17.4964 5.81872
threshold=-1.7844948172569273 11.97830390930176 182550.37500000003 39.345373153686531 32637.419921875004 6181.8549804687509
decision_type=2 2 2 2 2 2
left_child=3 2 -2 4 -1 -5
right_child=1 -3 -4 5 -6 -7
leaf_value=0.027060139558414971 0.014373082672186592 -0.077559296375032061 -0.0030247144152090351 0.0091725811827426552 -0.087147827197563366 0.058700469814349614
leaf_weight=16.028052955865864 279.54291984438896 4.0243397653102866 134.66558541357517 8.4568111449480075 4.2370143830776206 22.068021804094315
leaf_count=33 714 18 378 19 18 35
internal_value=0.0100974 0.00786271 0.00870472 0.0284003 0.00293484 0.0451427
internal_weight=469.023 418.233 414.209 50.7899 20.2651 30.5248
internal_count=1215 1110 1092 105 51 54
is_linear=0
shrinkage=0.05


Tree=37
num_leaves=6
num_cat=0
split_feature=27 0 0 71 14
split_gain=7.37785 9.57323 10.9564 5.59487 3.49365
threshold=-81782.999999999985 7246.0000000000009 10305.500000000002 35025.267578125007 280.50000000000006
decision_type=2 2 2 2 2
left_child=4 3 -3 -2 -1
right_child=1 2 -4 -5 -6
leaf_value=-0.080704745673553499 0.061270407794199379 -0.073205316269614185 0.0095084505740082037 0.0027906402318706495 0
leaf_weight=3.2595715820789328 14.132604807615282 4.0273990929126731 439.28637877106667 6.0133610069751731 2.4055247455835342
leaf_count=14 20 19 1139 16 7
internal_value=0.00958962 0.0102917 0.00874574 0.044063 -0.0469664
internal_weight=469.125 463.46 443.314 20.146 5.6651
internal_count=1215 1194 1158 36 21
is_linear=0
shrinkage=0.05


Tree=38
num_leaves=5
num_cat=0
split_feature=54 50 58 39
split_gain=7.23298 12.9454 11.2599 10.8196
threshold=6.8439464569091806 0.016239267773926262 2572.2500000000005 1.2021067738533022
decision_type=2 2 2 2
left_child=1 3 -2 -1
right_child=2 -3 -4 -5
leaf_value=0.0051880021964471126 -0.083299634983990734 -0.08221586429038083 0.01688972995407113 0.021410764686906433
leaf_weight=295.83741718530655 5.321995943784712 3.7551057934761038 5.792340561747551 158.46457327902317
leaf_count=801 23 16 15 360
internal_value=0.00910847 0.0100837 -0.0306351 0.0108577
internal_weight=469.171 458.057 11.1143 454.302
internal_count=1215 1177 38 1161
is_linear=0
shrinkage=0.05


Tree=39
num_leaves=7
num_cat=0
split_feature=47 36 33 53 54 54
split_gain=7.14939 16.0358 13.3108 19.9661 12.9334 11.233
threshold=-2.3133654594421382 1.115150570869446 1.2646867632865908 -0.037836408242583268 7.8109166622161874 -0.50319066643714894
decision_type=2 2 2 2 2 2
left_child=1 5 4 -4 -2 -1
right_child=2 -3 3 -5 -6 -7
leaf_value=0.03052869056367016 0.010975017595419814 0.079864823414306729 -0.086345010629100938 -0.0014289351691699132 -0.080512202069174102 -0.0840105054150527
leaf_weight=6.0324579179286957 403.79675906896591 10.67376698553562 8.8239229172468168 32.71381750702858 3.8880923241376868 3.3001512736082095
leaf_count=12 1029 14 37 92 17 14
internal_value=0.00865114 0.0379566 0.00733487 -0.0195882 0.0100902 -0.00943834
internal_weight=469.229 20.0064 449.223 41.5377 407.685 9.33261
internal_count=1215 40 1175 129 1046 26
is_linear=0
shrinkage=0.05


Tree=40
num_leaves=6
num_cat=0
split_feature=70 35 2 60 2
split_gain=7.07045 15.7106 8.76478 16.419 13.8691
threshold=12278.464355468752 -1.8510386943817136 5281.9299316406259 0.0011151768849231305 6181.8549804687509
decision_type=2 2 2 2 2
left_child=1 -1 3 -2 -4
right_child=2 -3 4 -5 -6
leaf_value=0.036663903386928647 0.0082357823871792024 -0.080301793586312925 -0.039919909476431807 0.047536648173850046 0.0072855939832469829
leaf_weight=4.9559455215930939 85.578961625695229 6.6997597515583021 16.338732704520226 38.825654730200768 316.83580757677555
leaf_count=11 222 29 57 72 824
internal_value=0.00821603 -0.0301396 0.00920398 0.0205414 0.00495565
internal_weight=469.235 11.6557 457.579 124.405 333.175
internal_count=1215 40 1175 294 881
is_linear=0
shrinkage=0.05


Tree=41
num_leaves=7
num_cat=0
split_feature=23 41 40 46 59 2
split_gain=7.0945 14.4967 12.0895 9.28385 13.0801 11.5124
threshold=481.00000000000006 2.4841163158416752 1.5160953402519228 0.35558745265007025 0.81952884793281566 5281.9299316406259
decision_type=2 2 2 2 2 2
left_child=3 2 -2 5 -5 -1
right_child=1 -3 -4 4 -6 -7
leaf_value=0.024807233995265705 0.0014744412949022087 0.055282947313151302 -0.036862648158519938 0.065114331600104658 0.014101597724291162 0.0011537957505279486
leaf_weight=72.401219442486763 122.84197367727757 10.732096731662748 24.65057085454464 18.397130206227303 40.815421760082245 179.4075391292572
leaf_count=156 362 16 95 27 93 466
internal_value=0.00780463 -0.00078534 -0.00489897 0.0121907 0.0300355 0.0079746
internal_weight=469.246 158.225 147.493 311.021 59.2126 251.809
internal_count=1215 473 457 742 120 622
is_linear=0
shrinkage=0.05


Tree=42
num_leaves=7
num_cat=0
split_feature=39 38 46 19 13 71
split_gain=6.92196 17.3046 22.1264 16.8008 13.8344 15.9341
threshold=0.2684615850448609 0.83115538954734813 0.26020085811614996 64190.894531250007 415833.68750000006 10026.399902343752
decision_type=2 2 2 2 2 2
left_child=1 3 -3 -1 5 -2
right_child=4 2 -4 -5 -6 -7
leaf_value=0.013146639612635045 -0.07911691406906729 -0.0096886125932064884 0.043489042636044396 -0.025313039100992869 -0.077207874502690829 0.01576706868645469
leaf_weight=44.426301851868629 4.4852571934461585 36.368385344743729 42.017126321792603 78.110896274447441 4.195821911096572 259.22756604850292
leaf_count=110 20 109 84 266 19 607
internal_value=0.00742315 0.000382027 0.0187525 -0.0113285 0.0126851 0.0141343
internal_weight=468.831 200.923 78.3855 122.537 267.909 263.713
internal_count=1215 569 193 376 646 627
is_linear=0
shrinkage=0.05


Tree=43
num_leaves=8
num_cat=0
split_feature=4 39 47 21 4 47 21
split_gain=6.88864 16.2059 16.3926 15.0147 14.0189 28.8989 21.9795
threshold=94149.800781250015 1.2021067738533022 -1.029357850551605 -218.32497406005857 256236.33593750003 -0.53344249725341786 -69.304992675781236
decision_type=2 2 2 2 2 2 2
left_child=1 2 -1 -3 6 -6 -2
right_child=4 3 -4 -5 5 -7 -8
leaf_value=0.020530632290778811 -0.018516290727409988 -0.0097416961425160573 -0.01126313137166964 0.028551071686840263 0.046186163237678143 -0.020467963353136869 0.065839409014957884
leaf_weight=52.209215402603149 10.581381306052206 35.088544026017189 180.60408689081669 92.994144350290298 26.122498735785484 43.005626648664474 27.774401932954788
leaf_count=115 30 100 555 197 46 130 42
internal_value=0.00705616 0.00372955 -0.00411179 0.0180216 0.0181793 0.00464732 0.0424375
internal_weight=468.38 360.896 232.813 128.083 107.484 69.1281 38.3558
internal_count=1215 967 670 297 248 176 72
is_linear=0
shrinkage=0.05


Tree=44
num_leaves=6
num_cat=0
split_feature=71 44 33 43 70
split_gain=6.74916 18.6711 15.3159 9.19806 12.2838
threshold=377701.78125000006 41856.603515625007 -0.99611452221870411 8155688.2500000009 822911.31250000012
decision_type=2 2 2 2 2
left_child=3 -2 -3 4 -1
right_child=1 2 -4 -5 -6
leaf_value=0.009532346208733472 -0.078250519561294668 -0.03186853944382697 0.017964703101824034 0.084051908071527931 -0.077872739072880268
leaf_weight=381.43450936675072 8.1591297537088376 22.890706524252892 47.172024011611938 4.0989355444908133 4.0510657876729956
leaf_count=965 37 80 111 4 18
internal_value=0.00671112 -0.00665438 0.00161196 0.00940751 0.00860084
internal_weight=467.806 78.2219 70.0627 389.585 385.486
internal_count=1215 228 191 987 983
is_linear=0
shrinkage=0.05


Tree=45
num_leaves=8
num_cat=0
split_feature=48 17 36 65 35 28 10
split_gain=6.67057 13.7384 12.1814 30.0282 13.9483 11.5232 4.58689
threshold=-0.91870495676994313 1.0000000180025095e-35 0.30307489633560186 -0.90748524665832508 2.1015688180923466 1049.0820312500002 0.00038800000038463628
decision_type=2 2 2 2 2 2 2
left_child=2 6 3 -1 -4 -3 -2
right_child=1 5 4 -5 -6 -7 -8
leaf_value=0.028011889674742503 -0.086762801994498873 0.0077861087758332066 0.060270257499195561 -0.062402301313422184 -0.014119078881257375 -0.022523323693996615 -0.0019468747741204686
leaf_weight=32.720453768968582 5.4979421645402899 345.64286383986473 25.849757581949234 12.760041207075117 8.1996669769287092 34.42122195661068 2.4173701107501984
leaf_count=67 23 895 42 47 24 110 7
internal_value=0.00637787 0.00365795 0.0195839 0.00253528 0.0422092 0.00502792 -0.0614913
internal_weight=467.509 387.979 79.5299 45.4805 34.0494 380.064 7.91531
internal_count=1215 1035 180 114 66 1005 30
is_linear=0
shrinkage=0.05


Tree=46
num_leaves=8
num_cat=0
split_feature=0 15 63 35 71 10 39
split_gain=6.56276 8.96071 17.8535 16.7878 8.30818 15.6713 1.58118
threshold=7246.0000000000009 375.50000000000006 346.36816406250006 2.4429844617843632 35025.267578125007 0.00094749999698251497 0.22188342362642291
decision_type=2 2 2 2 2 2 2
left_child=4 2 -2 -3 6 -6 -1
right_child=1 3 -4 -5 5 -7 -8
leaf_value=0.029484395701093503 0.00032155238814479323 0.013932089864584336 -0.071227280475362281 -0.05848925203164021 -0.081183299648501517 0.069458336702447776 0.068228187924277581
leaf_weight=4.4311741888523128 199.23122920095921 229.9798314422369 9.1118809729814512 8.2671533524990064 3.7053432613611212 3.2159806340932846 9.3475333601236326
leaf_count=9 559 549 35 32 16 4 11
internal_value=0.0060596 0.00477084 -0.00278364 0.0113981 0.0336222 -0.0104655 0.0561312
internal_weight=467.29 446.59 208.343 238.247 20.7 6.92132 13.7787
internal_count=1215 1175 594 581 40 20 20
is_linear=0
shrinkage=0.05


Tree=47
num_leaves=8
num_cat=0
split_feature=4 4 71 41 28 26 68
split_gain=6.35838 14.4125 11.974 19.3404 11.9302 11.1115 3.65918
threshold=11056.399902343752 18016.234375000004 442312.25000000006 2.3073085546493535 432.00000000000006 0.13682140409946444 30.407243728637699
decision_type=2 2 2 2 2 2 2
left_child=2 6 4 -4 -1 -3 -2
right_child=1 5 3 -5 -6 -7 -8
leaf_value=0.0091992011143649174 0.087885250578123145 -0.055304973075823619 -0.064980642368448624 0.045209667800538096 -0.017088745550532955 0.011458078703350172 0.038145198037995147
leaf_weight=220.58291772007942 6.4455182552337673 6.4824552237987509 14.994361385703089 5.3676415532827368 53.567337676882744 149.3148451000452 10.074797466397284
leaf_count=563 7 25 65 9 164 362 20
internal_value=0.00576277 0.0133946 0.00128047 -0.0356877 0.00404445 0.00864809 0.0578543
internal_weight=466.83 172.318 294.512 20.362 274.15 155.797 16.5203
internal_count=1215 414 801 74 727 387 27
is_linear=0
shrinkage=0.05


Tree=48
num_leaves=7
num_cat=0
split_feature=27 37 41 20 51 30
split_gain=6.55499 14.8232 13.9966 16.7781 15.9401 11.3931
threshold=15796.000000000002 3.296459555625916 -1.920065104961395 854999.31250000012 0.0071018275339156398 306.00230407714849
decision_type=2 2 2 2 2 2
left_child=1 5 4 -4 -2 -1
right_child=2 -3 3 -5 -6 -7
leaf_value=-0.0078132946929049523 0.063315495490308918 -0.085040089899854773 0.040989245345853631 -0.036897956640805037 -0.075941684244411084 0.010149515315402152
leaf_weight=132.53752075135708 2.8797442167997342 4.7132167220115653 48.119908839464188 8.0076044946908933 6.9595925360918045 263.17662093043327
leaf_count=385 6 20 99 29 32 644
internal_value=0.00547925 0.0030586 0.0200971 0.0297881 -0.0346762 0.00412055
internal_weight=466.394 400.427 65.9669 56.1275 9.83934 395.714
internal_count=1215 1049 166 128 38 1029
is_linear=0
shrinkage=0.05


Tree=49
num_leaves=5
num_cat=0
split_feature=46 20 38 27
split_gain=6.32717 11.2271 15.6752 10.5254
threshold=2.605144858360291 854999.31250000012 2.0180294513702397 15796.000000000002
decision_type=2 2 2 2
left_child=1 3 -3 -1
right_child=-2 2 -4 -5
leaf_value=0.0037267944071587358 0.043402002747817171 -0.039548372605382714 0.027316995092422993 0.027480958772746145
leaf_weight=359.30164308845997 10.623466983437536 30.228351652622223 12.254874885082243 53.748643606901169
leaf_count=933 19 109 29 125
internal_value=0.00520527 0.00430351 -0.0201424 0.00682994
internal_weight=466.157 455.534 42.4832 413.05
internal_count=1215 1196 138 1058
is_linear=0
shrinkage=0.05


Tree=50
num_leaves=8
num_cat=0
split_feature=7 55 45 43 47 2 36
split_gain=6.19502 18.0253 16.3466 11.6219 10.4829 11.0952 10.4717
threshold=2.9789918661117558 0.40969653427600866 0.94706112146377575 2642191.5000000005 -2.3133654594421382 1853.4399414062502 1.115150570869446
decision_type=2 2 2 2 2 2 2
left_child=4 2 -2 -3 6 -6 -1
right_child=1 3 -4 -5 5 -7 -8
leaf_value=-0.0032303940163868404 0.033685872685150199 -0.083416852838312544 -0.040721873994986307 0.042787958671446219 -0.045615950398640616 0.002012724785634305 0.071641184639104058
leaf_weight=8.1567655354738253 66.470795780420303 6.6653766036033613 8.2451968193054181 2.4533440917730331 12.667399138212202 350.86789338290691 10.553095772862433
leaf_count=22 134 29 29 4 44 939 14
internal_value=0.00494634 0.0172642 0.0254078 -0.0489138 0.00223169 0.000339348 0.0387329
internal_weight=466.08 83.8347 74.716 9.11872 382.245 363.535 18.7099
internal_count=1215 196 163 33 1019 983 36
is_linear=0
shrinkage=0.05


Tree=51
num_leaves=6
num_cat=0
split_feature=27 0 0 39 69
split_gain=6.12554 7.82851 9.29668 4.8832 3.16774
threshold=-81782.999999999985 7246.0000000000009 10305.500000000002 0.58932682871818554 30.876004219055179
decision_type=2 2 2 2 2
left_child=4 3 -3 -2 -1
right_child=1 2 -4 -5 -6
leaf_value=-0.079880661196330971 0.0080059084860942421 -0.072198999706908809 0.0046671630794150269 0.059199880092756299 -0.0019087648242863114
leaf_weight=3.192878618836402 8.7055469453334826 3.9625772833824149 436.74359939992428 10.683151602745054 2.4283905327320099
leaf_count=14 21 19 1139 15 7
internal_value=0.00470182 0.00534541 0.00396468 0.0364716 -0.0470862
internal_weight=465.716 460.095 440.706 19.3887 5.62127
internal_count=1215 1194 1158 36 21
is_linear=0
shrinkage=0.05


Tree=52
num_leaves=6
num_cat=0
split_feature=37 71 35 53 61
split_gain=6.04252 14.293 10.683 8.04959 5.51353
threshold=-3.1076372861862178 263469.79687500006 -2.5532526969909664 -0.81324809789657582 207.68218994140628
decision_type=2 2 2 2 2
left_child=1 4 -2 -4 -1
right_child=2 -3 3 -5 -6
leaf_value=0.0056397945102386023 -0.083672644797714343 -0.047877304927907281 -0.0097892077221402394 0.0071536269706142007 0.059235141761292499
leaf_weight=7.0717893838882508 3.522213637828826 5.2007624655961981 87.750815108418465 345.41765454411507 16.489077195525169
leaf_count=17 15 19 244 893 27
internal_value=0.00446852 0.026689 0.00299357 0.00370982 0.0433607
internal_weight=465.452 28.7616 436.691 433.168 23.5609
internal_count=1215 63 1152 1137 44
is_linear=0
shrinkage=0.05


Tree=53
num_leaves=7
num_cat=0
split_feature=4 57 57 21 34 4
split_gain=6.01702 12.9907 19.1254 14.2742 12.6855 15.2684
threshold=94149.800781250015 1.2789057493209841 1.249716639518738 -366.75502014160151 1.4032689929008486 256236.33593750003
decision_type=2 2 2 2 2 2
left_child=1 2 -1 -3 5 -2
right_child=4 3 -4 -5 -6 -7
leaf_value=-0.0033769222848554236 0.036195508409272562 -0.019135101394713756 -0.089093594376678617 0.022548210400678382 0.088842753903400074 -0.004071865258011868
leaf_weight=225.61276181042194 37.007290035486221 25.67231822013855 6.7093441337347022 100.71114520728588 5.4867606163024893 64.201930820941925
leaf_count=640 71 79 28 220 6 171
internal_value=0.00424475 0.001129 -0.0058739 0.0140415 0.0146729 0.0106026
internal_weight=465.402 358.706 232.322 126.383 106.696 101.209
internal_count=1215 967 668 299 248 242
is_linear=0
shrinkage=0.05


Tree=54
num_leaves=8
num_cat=0
split_feature=47 59 4 37 59 33 27
split_gain=5.96432 10.994 13.9498 13.465 9.15377 12.749 6.56774
threshold=-1.029357850551605 0.84368324279785167 61358.109375000007 3.296459555625916 0.83101290464401256 -0.95089340209960926 20176.000000000004
decision_type=2 2 2 2 2 2 2
left_child=4 2 -2 -3 6 -6 -1
right_child=1 3 -4 -5 5 -7 -8
leaf_value=0.024063799450832986 -0.028069360498491892 0.0067963721476453813 0.023737633266771502 -0.079901092556211875 0.048411527618908407 -0.0079014527119061224 0.078483826960801681
leaf_weight=21.098934739828113 56.307621568441391 299.89095634222031 16.790126875042915 4.53885793685913 12.855302557349203 45.780306309461594 7.7633401304483405
leaf_count=43 208 750 37 20 20 128 9
internal_value=0.00403458 0.00129408 -0.0161012 0.00548734 0.0158019 0.00435936 0.0388749
internal_weight=465.025 377.528 73.0977 304.43 87.4979 58.6356 28.8623
internal_count=1215 1015 245 770 200 148 52
is_linear=0
shrinkage=0.05


Tree=55
num_leaves=8
num_cat=0
split_feature=60 19 40 20 24 72 38
split_gain=5.83246 17.004 21.1079 11.634 8.99067 9.86175 7.02089
threshold=0.0039349163416773089 104723.83984375001 -1.0695487856864927 258222.51562500003 2344.0000000000005 -2545368.8749999995 1.2279123067855837
decision_type=2 2 2 2 2 2 2
left_child=4 3 -3 -2 5 -1 -6
right_child=1 2 -4 -5 6 -7 -8
leaf_value=-0.033755540317747405 -0.005141288018673397 0.045769517927883425 -0.057643876716404911 0.058319450556684443 0.0047872512399962999 0.0063848383872724748 0.080460163712293822
leaf_weight=15.927412420511244 23.143705159425735 6.1123276650905636 24.698042914271355 10.422012761235235 5.6378050744533521 371.16991233825684 7.1262887865304947
leaf_count=51 65 10 98 17 15 949 10
internal_value=0.00383958 -0.0100987 -0.0369659 0.014414 0.0060961 0.00472032 0.0474277
internal_weight=464.238 64.3761 30.8104 33.5657 399.861 387.097 12.7641
internal_count=1215 190 108 82 1025 1000 25
is_linear=0
shrinkage=0.05


Tree=56
num_leaves=8
num_cat=0
split_feature=71 35 44 23 55 55 53
split_gain=5.77196 19.8652 17.6495 10.2553 8.54252 20.718 19.3957
threshold=377701.78125000006 -1.8800491094589231 41856.603515625007 17.500000000000004 -0.21877036243677137 -0.086501538753509508 -0.81324809789657582
decision_type=2 2 2 2 2 2 2
left_child=4 3 -3 -2 6 -6 -1
right_child=1 2 -4 -5 5 -7 -8
leaf_value=-0.0042774563830841666 0.0095887678445701514 -0.076866811143831593 0.013716426912763313 -0.078630626825979252 -0.053890532979764733 0.0039238361039052125 0.028629032791355976
leaf_weight=79.950482651591301 4.2976407855749157 5.962114766240119 54.245051294565201 12.870182648301123 16.880704790353775 188.53388066589832 101.124786272645
leaf_count=211 12 28 130 58 63 503 210
internal_value=0.00365012 -0.00878865 0.00466322 -0.0562553 0.00615329 -0.000802933 0.0140722
internal_weight=463.865 77.375 60.2072 17.1678 386.49 205.415 181.075
internal_count=1215 228 158 70 987 566 421
is_linear=0
shrinkage=0.05


Tree=57
num_leaves=8
num_cat=0
split_feature=7 55 39 9 27 71 39
split_gain=5.67218 16.4963 9.96167 14.6349 11.0993 9.42376 9.29862
threshold=2.9789918661117558 0.40969653427600866 2.7333763837814335 550884.15625000012 17422.875000000004 549254.09375000012 1.4933415055274966
decision_type=2 2 2 2 2 2 2
left_child=2 6 4 -4 -1 -3 -2
right_child=1 5 3 -5 -6 -7 -8
leaf_value=-0.00014285888750136929 0.0072534661932586496 -0.082978949513379835 -0.0079734137623834796 -0.085621310581750126 0.025032655555567159 0.027392556892685473 0.043119926749260386
leaf_weight=288.79068309813738 41.481410622596741 6.2010205388069135 32.344590872526169 7.5268939435482016 51.523044854402542 2.7263738811016083 32.587649986147881
leaf_count=776 107 27 89 33 121 6 56
internal_value=0.0034702 0.0153162 0.000871004 -0.0227571 0.00365399 -0.0487121 0.0231009
internal_weight=463.182 82.9965 380.185 39.8715 340.314 8.92739 74.0691
internal_count=1215 196 1019 122 897 33 163
is_linear=0
shrinkage=0.05


Tree=58
num_leaves=8
num_cat=0
split_feature=40 44 31 40 68 71 34
split_gain=5.56502 9.72503 16.9773 9.76619 8.11979 8.41061 2.62839
threshold=-1.7844948172569273 626446.59375000012 -3.8018957376480098 -0.69423663616180409 68.448596954345717 60018.013671875007 0.51365244388580333
decision_type=2 2 2 2 2 2 2
left_child=4 3 -3 -2 5 -1 -6
right_child=1 2 -4 -5 6 -7 -8
leaf_value=0.053489664265115672 -0.014871053081928074 0.027610158687270993 -0.031084278097605035 0.0083081385483775236 0.076338758975153284 -0.0058601836088546209 0.030490545569728963
leaf_weight=7.5425244718790045 53.609820708632469 16.379142448306084 48.951837092638016 294.55686554312706 6.3063729554414731 28.194880396127701 7.2530780583620071
leaf_count=12 160 35 161 754 7 72 14
internal_value=0.00329817 0.00139199 -0.0162925 0.0047247 0.0191856 0.00652593 0.0521829
internal_weight=462.795 413.498 65.331 348.167 49.2969 35.7374 13.5595
internal_count=1215 1110 196 914 105 84 21
is_linear=0
shrinkage=0.05


Tree=59
num_leaves=8
num_cat=0
split_feature=2 60 22 37 52 51 46
split_gain=5.72701 14.1206 16.6231 12.7764 10.7446 15.5402 14.0027
threshold=5281.9299316406259 0.0011151768849231305 -71348.761718749985 -2.5186674594879146 -0.013023897074162958 -0.015113321598619221 0.26020085811614996
decision_type=2 2 2 2 2 2 2
left_child=1 3 -3 -1 5 -2 -6
right_child=4 2 -4 -5 6 -7 -8
leaf_value=0.042467447715735712 -0.0056440722062663685 -0.078256854508746809 0.046428336623400734 -0.0072218950039729182 -0.017571247547107684 0.031613920399259754 0.0079190251259057126
leaf_weight=15.592073708772658 57.85857392847538 2.8583073318004599 36.208725139498711 75.791160732507706 127.02426932752132 53.877388626337051 93.246093660593033
leaf_count=30 154 13 63 214 388 103 250
internal_value=0.00313627 0.012014 0.0371779 0.00120153 -0.000336859 0.0122764 -0.00675786
internal_weight=462.457 130.45 39.067 91.3832 332.006 111.736 220.27
internal_count=1215 320 76 244 895 257 638
is_linear=0
shrinkage=0.05


Tree=60
num_leaves=7
num_cat=0
split_feature=37 71 11 35 37 5
split_gain=5.5544 12.493 6.94222 9.16239 7.08267 4.84187
threshold=-3.1076372861862178 263469.79687500006 15.434999942779543 -1.8054244518280027 -2.8239842653274532 25126.060546875004
decision_type=2 2 2 2 2 2
left_child=1 5 3 -2 -4 -1
right_child=2 -3 4 -5 -6 -7
leaf_value=0.021932380994850207 0.017444524457177962 -0.045989303228051219 -0.028901597570048468 -0.081008056608014994 0.0038693332216107757 0.069790055643031618
leaf_weight=14.618552580475813 3.9148432463407516 5.1055890768766394 17.158807337284088 5.7021733671426755 406.62735692411661 8.7133381217718107
leaf_count=33 10 19 54 25 1063 11
internal_value=0.00298318 0.0244017 0.00156628 -0.0404106 0.00253066 0.0400192
internal_weight=461.841 28.4375 433.403 9.61702 423.786 23.3319
internal_count=1215 63 1152 35 1117 44
is_linear=0
shrinkage=0.05


Tree=61
num_leaves=8
num_cat=0
split_feature=21 3 28 33 70 33 58
split_gain=5.50078 12.9603 13.5425 7.84632 17.185 14.5426 7.43692
threshold=142.390007019043 -818.52499389648426 1.0000000180025095e-35 -1.4224836826324461 176320.44531250003 -1.3552026152610777 2572.2500000000005
decision_type=2 2 2 2 2 2 2
left_child=3 2 -2 4 -1 -5 -3
right_child=1 6 -4 5 -6 -7 -8
leaf_value=0.025053475658207026 -0.017248228193411926 -0.073687761280475925 0.026624108976642691 0.049217091329471718 -0.070568956408523023 0.0047372081523488164 -0.0048525281570156132
leaf_weight=8.7156174331903475 42.396164804697037 10.480617791414263 30.048271402716637 19.487280115485191 10.061292663216589 333.85727246105671 6.531615585088729
leaf_count=18 142 51 70 33 40 842 19
internal_value=0.00283541 -0.00827483 0.000879981 0.0055197 -0.0259179 0.00720447 -0.0475533
internal_weight=461.578 89.4567 72.4444 372.121 18.7769 353.345 17.0122
internal_count=1215 282 212 933 58 875 70
is_linear=0
shrinkage=0.05


Tree=62
num_leaves=8
num_cat=0
split_feature=55 1 46 4 59 68 46
split_gain=5.47808 13.2814 20.733 13.8659 9.94843 12.4553 10.7883
threshold=-0.78985664248466481 4559.1450195312509 0.26020085811614996 50455.089843750007 1.9752135276794436 16.124301910400394 0.031134857796132568
decision_type=2 2 2 2 2 2 2
left_child=4 3 -3 -2 6 -6 -1
right_child=1 2 -4 -5 5 -7 -8
leaf_value=0.028631784385753548 0.0057548955701694562 -0.020340174522226247 0.0090841940933890711 0.053454090826765471 0.021259064759475359 -0.086428526008741027 -0.0038187786834619863
leaf_weight=68.124514222145081 81.706001847982407 131.05418948829174 109.94384400546551 18.82580491900444 5.1236840635538083 5.512615978717804 40.642489179968834
leaf_count=137 219 404 282 30 12 23 108
internal_value=0.00269543 -0.000513537 -0.00689596 0.0147369 0.0119159 -0.0340835 0.0164602
internal_weight=460.933 341.53 240.998 100.532 119.403 10.6363 108.767
internal_count=1215 935 686 249 280 35 245
is_linear=0
shrinkage=0.05


Tree=63
num_leaves=5
num_cat=0
split_feature=46 20 49 27
split_gain=5.37517 10.3275 14.2216 9.33033
threshold=2.605144858360291 854999.31250000012 1.0613866448402407 15796.000000000002
decision_type=2 2 2 2
left_child=1 3 -3 -1
right_child=-2 2 -4 -5
leaf_value=0.0012196282092288833 0.038095211956920803 -0.067460716090443795 -0.0031379881723525337 0.02363161595881004
leaf_weight=354.32955114543438 10.416879206895826 12.155201494693754 29.946680828928947 53.552372455596924
leaf_count=933 19 51 87 125
internal_value=0.00256416 0.00173053 -0.0218273 0.00417444
internal_weight=460.401 449.984 42.1019 407.882
internal_count=1215 1196 138 1058
is_linear=0
shrinkage=0.05


Tree=64
num_leaves=8
num_cat=0
split_feature=48 56 6 17 8 49 2
split_gain=5.47361 15.9935 18.2358 11.5934 10.6809 9.09264 4.34435
threshold=-0.91870495676994313 -0.14696083217859265 -20655362.999999996 1.0000000180025095e-35 1.8179000020027163 -1.1215831637382505 73432.417968750015
decision_type=2 2 2 2 2 2 2
left_child=1 2 -1 6 -5 -3 -2
right_child=3 5 -4 4 -6 -7 -8
leaf_value=-0.062640410636192509 -0.085174817888972007 -0.0081102661781353915 0.068438790405011593 0.0021459959981574915 -0.078001231938570573 0.036190858587490687 -0.002281650822082188
leaf_weight=11.411988690495489 5.4119626134634009 15.037563621997831 3.4254299551248542 370.26832558214664 4.2021434605121604 48.030047729611397 2.4108366221189499
leaf_count=42 23 41 5 985 20 92 7
internal_value=0.0024364 0.014516 -0.0320419 -1.21416e-05 0.00123327 0.0255486 -0.0602679
internal_weight=460.198 77.905 14.8374 382.293 374.47 63.0676 7.8228
internal_count=1215 180 47 1035 1005 133 30
is_linear=0
shrinkage=0.05


Tree=65
num_leaves=8
num_cat=0
split_feature=7 45 55 59 39 9 8
split_gain=5.30572 15.1981 12.937 11.5995 8.72042 13.1416 12.902
threshold=2.9789918661117558 0.94706112146377575 0.40969653427600866 1.6768738627433779 2.7333763837814335 550884.15625000012 1.5740000009536745
decision_type=2 2 2 2 2 2 2
left_child=4 2 -2 -3 6 -6 -1
right_child=1 3 -4 -5 5 -7 -8
leaf_value=0.0039078678014807583 0.028830762484160423 -0.081433577117521416 -0.040573237067519453 0.040656835726106982 -0.0084096908898831819 -0.08260416004253629 -0.061814401853709879
leaf_weight=330.77634385228157 65.058669805526733 6.6812611669301969 7.4311655312776557 2.6833408176898956 32.146728426218033 7.3901653587818137 7.6340355426073065
leaf_count=866 134 30 27 5 89 33 31
internal_value=0.00231434 0.0138563 0.021647 -0.0459158 -0.000172155 -0.0224045 0.0024105
internal_weight=459.802 81.8544 72.4898 9.3646 377.947 39.5369 338.41
internal_count=1215 196 161 35 1019 122 897
is_linear=0
shrinkage=0.05


Tree=66
num_leaves=7
num_cat=0
split_feature=10 72 48 10 27 37
split_gain=5.15151 11.8435 13.0121 11.4888 15.0292 10.7398
threshold=0.0011569999624043705 -958914.93749999988 -0.72569966316223133 0.0005269999965094031 -20991.999999999996 3.296459555625916
decision_type=2 2 2 2 2 2
left_child=3 -2 -3 5 -5 -1
right_child=1 2 -4 4 -6 -7
leaf_value=0.0052987261862096277 0.060814015889517604 0.039711971004303848 -0.079038713541193503 0.040605899132051614 -0.028456458530796924 -0.075963908562246482
leaf_weight=370.47071887552738 11.395760931074621 4.9304551333189011 4.2968870103359205 9.1443734467029554 54.898319713771343 4.1041935086250296
leaf_count=947 19 9 19 19 183 19
internal_value=0.00219831 0.0266303 -0.0150447 0.00103816 -0.0185173 0.00439499
internal_weight=459.241 20.6231 9.22734 438.618 64.0427 374.575
internal_count=1215 47 28 1168 202 966
is_linear=0
shrinkage=0.05


Tree=67
num_leaves=7
num_cat=0
split_feature=53 23 60 46 33 20
split_gain=5.17482 10.9679 18.3037 9.77251 10.4172 6.58329
threshold=1.4731983542442324 273.50000000000006 -0.00053810648387297977 2.605144858360291 1.2646867632865908 22557.825195312504
decision_type=2 2 2 2 2 2
left_child=3 5 -3 4 -1 -2
right_child=1 2 -4 -5 -6 -7
leaf_value=0.0018501567836200238 -0.02721233221111858 0.044407579753716994 -0.07784947222828871 0.051591603081261143 -0.02572586498356191 0.046847505623202383
leaf_weight=372.87174715846777 3.3500571846962002 5.7946742624044418 6.4317175149917585 9.1425331085920316 37.700116351246834 23.512214884161949
leaf_count=986 11 11 30 14 120 43
internal_value=0.00208941 0.0194928 -0.019497 0.000456694 -0.00066979 0.0374252
internal_weight=458.803 39.0887 12.2264 419.714 410.572 26.8623
internal_count=1215 95 41 1120 1106 54
is_linear=0
shrinkage=0.05


Tree=68
num_leaves=5
num_cat=0
split_feature=34 34 43 54
split_gain=5.26887 8.96912 15.1983 11.0212
threshold=1.4852342009544375 1.1405327320098879 76600.371093750015 7.8109166622161874
decision_type=2 2 2 2
left_child=1 3 -3 -1
right_child=-2 2 -4 -5
leaf_value=0.0042708691814454715 0.040010865551069516 -0.059601458592273705 0.0031301416645251288 -0.079374531528062009
leaf_weight=405.18075332790613 8.9408192634582502 15.760023951530455 24.567758768796921 3.9717074632644644
leaf_count=1049 18 64 66 18
internal_value=0.00198623 0.00121874 -0.0212613 0.00344669
internal_weight=458.421 449.48 40.3278 409.152
internal_count=1215 1197 130 1067
is_linear=0
shrinkage=0.05


Tree=69
num_leaves=6
num_cat=0
split_feature=27 68 70 26 5
split_gain=5.23467 6.64276 14.9432 9.36076 2.79596
threshold=-81782.999999999985 19.830058097839359 89735.457031250015 4.8728544712066659 259217.80468750003
decision_type=2 2 2 2 2
left_child=4 2 -2 -3 -1
right_child=1 3 -4 -5 -6
leaf_value=-0.077405671650741095 -0.038672333452300763 0.002049703325221849 0.029665447418295566 -0.031355681026922037 -0.0031986070561451372
leaf_weight=3.1514339298009864 9.5310874879360181 372.56360735744238 48.296179264783859 22.220132365822792 2.3705376088619232
leaf_count=14 31 995 96 72 7
internal_value=0.00188708 0.00248791 0.0183156 0.000156839 -0.0464547
internal_weight=458.133 452.611 57.8273 394.784 5.52197
internal_count=1215 1194 127 1067 21
is_linear=0
shrinkage=0.05


Tree=70
num_leaves=7
num_cat=0
split_feature=0 0 71 10 50 31
split_gain=5.19311 8.39243 7.55417 11.9591 6.71747 1.54771
threshold=7246.0000000000009 10305.500000000002 35025.267578125007 0.00086100000771693896 -0.01272198650985956 -4.0202569961547843
decision_type=2 2 2 2 2 2
left_child=2 -2 5 -4 -3 -1
right_child=1 4 3 -5 -6 -7
leaf_value=0.014601129277999145 -0.070771700581215097 -0.041110938273460601 -0.081319786414589479 0.052571993304221055 0.0022561457591501331 0.058601911071888418
leaf_weight=2.8964843153953561 4.0719698816537848 9.1136693209409696 3.4329011291265479 3.2093478590250015 425.0037527307868 10.113015055656433
leaf_count=6 20 33 15 5 1122 14
internal_value=0.00179213 0.000652728 0.0269438 -0.0158743 0.0013342 0.0491897
internal_weight=457.841 438.189 19.6517 6.64225 434.117 13.0095
internal_count=1215 1175 40 20 1155 20
is_linear=0
shrinkage=0.05


Tree=71
num_leaves=7
num_cat=0
split_feature=38 11 39 17 21 10
split_gain=5.0246 14.5444 12.8769 19.3326 15.2031 10.9358
threshold=0.83115538954734813 35.645000457763679 0.31771995127201086 127.74000167846681 -883.38497924804676 1.0000000180025095e-35
decision_type=2 2 2 2 2 2
left_child=2 -2 3 -1 -4 -3
right_child=1 5 4 -5 -6 -7
leaf_value=0.013092072993135291 -0.07946210915135099 0.024753190281709043 -0.042654699787218919 -0.028442568375220502 0.010420990798482861 -0.0036737196319042357
leaf_weight=42.276574343442917 4.4322863221168509 77.993533775210381 14.582607284188269 82.331651292741299 176.47280590236187 59.272395730018616
leaf_count=102 20 174 51 286 415 167
internal_value=0.00170414 0.00953181 -0.00179378 -0.0143107 0.00634373 0.0124418
internal_weight=457.362 141.698 315.664 124.608 191.055 137.266
internal_count=1215 361 854 388 466 341
is_linear=0
shrinkage=0.05


Tree=72
num_leaves=8
num_cat=0
split_feature=2 27 3 40 59 2 54
split_gain=5.15985 13.2387 23.7121 18.8405 9.23267 10.032 3.19259
threshold=5281.9299316406259 3248.0000000000005 -943.57000732421864 -0.89149260520935047 0.64888110756874096 6181.8549804687509 2.0380723476409917
decision_type=2 2 2 2 2 2 2
left_child=1 2 -1 -3 6 -6 -2
right_child=4 3 -4 -5 5 -7 -8
leaf_value=0.0283638449407707 -0.080150291441031876 -0.045815938631686953 -0.026724789414930401 0.042834476128309901 -0.03943977455952459 0.0015560289901704388 -0.0046857122067697861
leaf_weight=34.763194561004639 4.9662657976150504 6.9199990779161444 44.544633880257607 42.685768693685532 15.687865003943442 304.88141612708569 2.1548025012016296
leaf_count=77 23 23 142 78 56 809 7
internal_value=0.00161953 0.0100994 -0.00251461 0.030367 -0.0017012 -0.000434607 -0.0580172
internal_weight=456.604 128.914 79.3078 49.6058 327.69 320.569 7.12107
internal_count=1215 320 219 101 895 865 30
is_linear=0
shrinkage=0.05


Tree=73
num_leaves=7
num_cat=0
split_feature=40 45 62 55 36 60
split_gain=4.97514 8.11233 11.6661 7.09603 13.9252 13.0457
threshold=-1.7844948172569273 1.4952052831649782 595.63555908203136 -0.51750969886779774 1.4124004840850832 -0.0072480216622352591
decision_type=2 2 2 2 2 2
left_child=1 2 -1 4 -2 -5
right_child=3 -3 -4 5 -6 -7
leaf_value=0.023652314876487474 0.011604020357157338 0.056785323216090249 -0.037191553310458279 -0.067283549638250992 -0.081485169774660901 -0.0030635512488067064
leaf_weight=27.438740968704224 136.37306734919548 10.03104531764984 11.018700018525122 8.1700171381235105 4.1284843385219565 259.04448728263378
leaf_count=56 323 15 34 31 18 738
internal_value=0.00153783 0.0166803 0.00608952 -0.000250758 0.00883311 -0.00504577
internal_weight=456.205 48.4885 38.4574 407.716 140.502 267.215
internal_count=1215 105 90 1110 341 769
is_linear=0
shrinkage=0.05


Tree=74
num_leaves=7
num_cat=0
split_feature=0 0 71 10 4 47
split_gain=4.88782 7.66818 6.66541 10.9148 5.86276 1.43213
threshold=7246.0000000000009 10305.500000000002 35025.267578125007 0.00086100000771693896 94149.800781250015 -0.91633582115173329
decision_type=2 2 2 2 2 2
left_child=2 -2 5 -4 -3 -1
right_child=1 4 3 -5 -6 -7
leaf_value=0.071021470456539296 -0.069133636613239111 -0.0022557791536190002 -0.078064426891494273 0.050982885867723919 0.011366174971947434 0.033703324046770705
leaf_weight=4.4849278926849374 3.9315926134586325 328.61510537564754 3.3451563864946356 3.1777434051036835 103.88805773854256 8.2746230065822601
leaf_count=5 20 910 15 5 245 15
internal_value=0.00146144 0.000361386 0.0261005 -0.0144303 0.00100468 0.0472124
internal_weight=455.717 436.435 19.2825 6.5229 432.503 12.7596
internal_count=1215 1175 40 20 1155 20
is_linear=0
shrinkage=0.05


Tree=75
num_leaves=8
num_cat=0
split_feature=2 60 35 22 59 2 54
split_gain=4.88998 12.4238 17.8746 14.011 8.52068 8.8674 2.81533
threshold=5281.9299316406259 0.0011151768849231305 -1.9291044473648069 -71348.761718749985 0.64888110756874096 6181.8549804687509 2.0380723476409917
decision_type=2 2 2 2 2 2 2
left_child=1 2 -1 -3 6 -6 -2
right_child=4 3 -4 -5 5 -7 -8
leaf_value=0.045071634632581195 -0.077746710024886631 -0.07488055182504727 -0.011356488843490262 0.04195661593652554 -0.037464050334161642 0.0012279266447469449 -0.0060975532201686762
leaf_weight=17.382872492074966 4.8383609801530829 2.7365780025720587 72.810078024864197 35.626218616962433 15.561115369200705 304.10544165968895 2.1332021206617355
leaf_count=33 23 13 211 63 56 809 7
internal_value=0.00138998 0.00965687 -0.000425669 0.0334918 -0.00184834 -0.000639927 -0.0565403
internal_weight=455.194 128.556 90.193 38.3628 326.638 319.667 6.97156
internal_count=1215 320 244 76 895 865 30
is_linear=0
shrinkage=0.05


Tree=76
num_leaves=8
num_cat=0
split_feature=60 19 40 31 35 48 39
split_gain=4.81705 14.6356 18.3555 9.36154 14.7131 13.8662 9.20466
threshold=0.0039349163416773089 104723.83984375001 -1.0695487856864927 5.3023250102996835 2.3522138595581059 -0.56130194664001454 0.31771995127201086
decision_type=2 2 2 2 2 2 2
left_child=3 6 -3 4 -1 -5 -2
right_child=1 2 -4 5 -6 -7 -8
leaf_value=0.0022076697944022191 -0.03810875902682679 0.04177281295191454 -0.056156758471906633 -0.021045732645866025 -0.061713211979773031 0.03973727152194774 0.025544274312298755
leaf_weight=333.72485409677029 7.2425023764371863 5.9068040400743511 24.164211206138134 12.564557135105131 9.2507624030113202 36.060775101184845 25.719386205077171
leaf_count=878 25 10 98 38 37 72 57
internal_value=0.00132002 -0.0114902 -0.0367543 0.00339475 0.000469013 0.0239284 0.0114065
internal_weight=454.634 63.0329 30.071 391.601 342.976 48.6253 32.9619
internal_count=1215 190 108 1025 915 110 82
is_linear=0
shrinkage=0.05


Tree=77
num_leaves=5
num_cat=0
split_feature=34 34 47 56
split_gain=4.79129 7.83905 14.4322 10.4868
threshold=1.4852342009544375 1.1405327320098879 -1.7814272642135618 13.720012664794924
decision_type=2 2 2 2
left_child=1 3 -3 -1
right_child=-2 2 -4 -5
leaf_value=0.0034100356396769478 0.037595494908079424 0.037820743084170466 -0.036271310299635692 -0.078446211264798532
leaf_weight=401.58137986063957 8.8956959545612317 8.2553983032703382 31.350400492548943 3.9472460001707068
leaf_count=1049 18 16 114 18
internal_value=0.00125389 0.000516396 -0.0207014 0.00260095
internal_weight=454.03 445.134 39.6058 405.529
internal_count=1215 1197 130 1067
is_linear=0
shrinkage=0.05


Tree=78
num_leaves=7
num_cat=0
split_feature=27 34 1 5 37 30
split_gain=4.95111 12.6451 31.4344 18.6976 10.5294 8.51627
threshold=15796.000000000002 0.63124206662178051 39812.240234375007 908846.37500000012 3.296459555625916 306.00230407714849
decision_type=2 2 2 2 2 2
left_child=4 2 -2 -3 5 -1
right_child=1 3 -4 -5 -6 -7
leaf_value=-0.010503035626916332 0.048990021512289345 -0.041872725680704187 -0.078031627532916495 0.057179515238605309 -0.077740331004275312 0.0052461055061781819
leaf_weight=129.19778062403202 34.769741997122765 17.394249692559246 5.6379979997873297 6.5330288559198371 4.4100771993398658 255.74998992681503
leaf_count=385 64 65 26 11 20 644
internal_value=0.00119138 0.0140458 0.0311432 -0.0146188 -0.000919767 -2.66983e-05
internal_weight=453.693 64.335 40.4077 23.9273 389.358 384.948
internal_count=1215 166 90 76 1049 1029
is_linear=0
shrinkage=0.05


Tree=79
num_leaves=7
num_cat=0
split_feature=38 55 20 11 22 54
split_gain=4.81933 13.2311 18.2243 12.7114 9.52945 9.33037
threshold=0.83115538954734813 -0.51750969886779774 854999.31250000012 35.645000457763679 265889.76562500006 2.1809557676315312
decision_type=2 2 2 2 2 2
left_child=1 5 -3 -2 -5 -1
right_child=3 2 -4 4 -6 -7
leaf_value=0.018851299941254954 -0.075918667389033093 -0.006860475134892418 -0.068076867293180618 0.0040216159585858471 0.035042906811750547 -0.0079898215799428761
leaf_weight=89.280676066875458 4.2722223550081244 160.08115407824516 13.193138137459753 102.98662658780813 32.798804089426994 50.487468972802162
leaf_count=197 20 460 59 275 66 138
internal_value=0.00113107 -0.00230547 -0.0115504 0.00884776 0.0115516 0.0091199
internal_weight=453.1 313.042 173.274 140.058 135.785 139.768
internal_count=1215 854 519 361 341 335
is_linear=0
shrinkage=0.05


Tree=80
num_leaves=8
num_cat=0
split_feature=7 45 55 57 7 49 56
split_gain=4.84637 12.8246 11.1382 10.4858 8.14744 15.3506 8.46505
threshold=2.9789918661117558 0.94706112146377575 0.40969653427600866 1.7705809473991396 2.7602132558822636 -0.91108217835426319 -0.29948064684867853
decision_type=2 2 2 2 2 2 2
left_child=4 2 -2 -3 6 -6 -1
right_child=1 3 -4 -5 5 -7 -8
leaf_value=-0.01587698441636631 0.026091543858785593 -0.078317092286139256 -0.038613220327347507 0.038583304045425607 0.040228965709317818 -0.056511360161969115 0.004185206221974669
leaf_weight=64.395284920930862 64.143886730074883 6.4386496990919095 7.3627001047134391 2.6677561849355698 5.4769929647445705 15.797447398304937 286.1779121607542
leaf_count=198 134 30 27 5 10 60 751
internal_value=0.0010739 0.0121939 0.0193593 -0.0435216 -0.00132337 -0.031371 0.000485806
internal_weight=452.461 80.613 71.5066 9.10641 371.848 21.2744 350.573
internal_count=1215 196 161 35 1019 70 949
is_linear=0
shrinkage=0.05


Tree=81
num_leaves=5
num_cat=0
split_feature=46 33 23 34
split_gain=4.75006 6.03795 11.6634 7.97687
threshold=2.605144858360291 1.2646867632865908 97.000000000000014 1.4852342009544375
decision_type=2 2 2 2
left_child=1 3 -3 -1
right_child=-2 2 -4 -5
leaf_value=0.0014055332658140158 0.035072070754957593 -0.06263740031054485 -0.0025702301819249367 0.066691891481237525
leaf_weight=392.91832758486271 10.016413450241087 10.740281015634535 33.438372120261192 4.7403743267059317
leaf_count=1050 19 44 95 7
internal_value=0.00102027 0.000237003 -0.0172863 0.00219637
internal_weight=451.854 441.837 44.1787 397.659
internal_count=1215 1196 139 1057
is_linear=0
shrinkage=0.05


Tree=82
num_leaves=7
num_cat=0
split_feature=24 54 20 71 46 40
split_gain=4.74683 15.5122 11.0883 18.7392 6.60662 3.38463
threshold=2344.0000000000005 1.0000000180025095e-35 854999.31250000012 130892.65234375001 0.29816889762878424 1.9350289106369021
decision_type=2 2 2 2 2 2
left_child=2 -2 4 -4 -1 -3
right_child=1 5 3 -5 -6 -7
leaf_value=-0.0016835327331845276 0.064323704104961674 -0.078290010635362631 -0.080062220083378072 -0.0018504019646151905 0.012471005010721013 0.0026668621756013853
leaf_weight=285.100372210145 10.120140984654425 2.8789294809103003 11.262757688760756 24.362510859966278 115.73516412824392 2.1320516616106033
leaf_count=772 15 13 51 71 286 7
internal_value=0.000969494 0.0285015 3.56545e-06 -0.026717 0.0023909 -0.042847
internal_weight=451.592 15.1311 436.461 35.6253 400.836 5.01098
internal_count=1215 35 1180 122 1058 20
is_linear=0
shrinkage=0.05


Tree=83
num_leaves=7
num_cat=0
split_feature=0 0 50 71 10 53
split_gain=4.67218 6.99755 6.24678 5.98229 9.80173 1.51019
threshold=7246.0000000000009 10305.500000000002 -0.01272198650985956 35025.267578125007 0.00086100000771693896 0.34504830837249761
decision_type=2 2 2 2 2 2
left_child=3 -2 -3 5 -5 -1
right_child=1 2 -4 4 -6 -7
leaf_value=0.020617743024620813 -0.06779869760531082 -0.040591500642166711 0.0013545225446106612 -0.075207098375589893 0.048585918770883342 0.058937614577196741
leaf_weight=4.5073444843292254 3.7880475968122473 9.0650955736637098 419.4491263628006 3.2342684417963019 3.1271264255046844 7.9740411192178726
leaf_count=9 20 33 1122 15 5 11
internal_value=0.000919791 -0.000131013 0.000455498 0.0252933 -0.0135671 0.0454999
internal_weight=451.145 432.302 428.514 18.8428 6.36139 12.4814
internal_count=1215 1175 1155 40 20 20
is_linear=0
shrinkage=0.05


Tree=84
num_leaves=7
num_cat=0
split_feature=10 72 48 10 27 37
split_gain=4.60444 10.3054 11.6337 8.93639 13.3699 8.58165
threshold=0.0011569999624043705 -958914.93749999988 -0.72569966316223133 0.0005269999965094031 -20991.999999999996 2.8860809803009038
decision_type=2 2 2 2 2 2
left_child=3 -2 -3 5 -5 -1
right_child=1 2 -4 4 -6 -7
leaf_value=0.004430214049696732 0.056428598695667069 0.037369179424448139 -0.076793280101340219 0.03849739116612258 -0.02717153795785994 -0.032322092072752627
leaf_weight=351.26799450814724 11.1499320268631 4.7571090012788773 4.1610949337482435 9.0022453069686872 53.699423983693123 16.613099254667759
leaf_count=906 19 9 19 19 183 60
internal_value=0.000874489 0.0242873 -0.0153366 -0.000205096 -0.0176635 0.00275693
internal_weight=450.651 20.0681 8.9182 430.583 62.7017 367.881
internal_count=1215 47 28 1168 202 966
is_linear=0
shrinkage=0.05


Tree=85
num_leaves=8
num_cat=0
split_feature=27 34 1 5 24 48 18
split_gain=4.66903 11.4422 27.8769 16.4994 6.66662 8.47769 7.88663
threshold=15796.000000000002 0.63124206662178051 39812.240234375007 908846.37500000012 2344.0000000000005 1.2420282959938052 5255.9648437500009
decision_type=2 2 2 2 2 2 2
left_child=4 2 -2 -3 5 -1 -6
right_child=1 3 -4 -5 6 -7 -8
leaf_value=7.0026970184326604e-05 0.046403114188668229 -0.040022120046039639 -0.075261547721761302 0.053539961183713118 0.068744523043904965 -0.025109124897750204 -0.013301632112756846
leaf_weight=337.63856227695942 34.506169676780701 17.080656245350841 5.4251398742198935 6.4762833267450324 7.1818044334650022 37.056710749864578 4.7968892455101013
leaf_count=902 64 65 26 11 9 123 15
internal_value=0.000831057 0.0134045 0.0297483 -0.0140877 -0.00122045 -0.0024068 0.0354716
internal_weight=450.162 63.4882 39.9313 23.5569 386.674 374.695 11.9787
internal_count=1215 166 90 76 1049 1025 24
is_linear=0
shrinkage=0.05


Tree=86
num_leaves=6
num_cat=0
split_feature=27 68 70 38 69
split_gain=4.56533 5.65748 12.733 7.96649 2.65697
threshold=-81782.999999999985 19.830058097839359 89735.457031250015 0.83115538954734813 30.876004219055179
decision_type=2 2 2 2 2
left_child=4 2 -2 -3 -1
right_child=1 3 -4 -5 -6
leaf_value=-0.076003612065729642 -0.037010775281071537 -0.0061367501898685227 0.026638270330682803 0.0088390999413146803 -0.0025030757327519216
leaf_weight=3.0308707356452933 9.3567682653665525 249.54727322608232 47.530045181512833 137.77413704991341 2.3140471577644348
leaf_count=14 31 710 96 357 7
internal_value=0.000789801 0.00135344 0.0160814 -0.00079678 -0.0451175
internal_weight=449.553 444.208 56.8868 387.321 5.34492
internal_count=1215 1194 127 1067 21
is_linear=0
shrinkage=0.05


Tree=87
num_leaves=8
num_cat=0
split_feature=7 45 59 53 47 2 34
split_gain=4.54527 11.1524 9.99398 8.31806 7.81657 8.46091 5.44476
threshold=2.9789918661117558 0.94706112146377575 1.6768738627433779 0.82488170266151439 -2.3133654594421382 1853.4399414062502 0.23312289267778399
decision_type=2 2 2 2 2 2 2
left_child=4 3 -3 -2 6 -6 -1
right_child=1 2 -4 -5 5 -7 -8
leaf_value=-0.015494543042531101 0.022686795361968888 -0.075795461569341221 0.039071821780160464 -0.047728848750835412 -0.043959476834218567 -0.0017303199559624552 0.04727070018039424
leaf_weight=4.5460514873266247 66.626780316233635 6.2513071373105031 2.6524766385555267 4.4337769746780387 12.310331985354422 339.29940707981586 13.12607069313526
leaf_count=14 145 30 5 16 44 939 22
internal_value=0.000749105 0.0115645 -0.0410144 0.0182229 -0.00157932 -0.00322304 0.0308418
internal_weight=449.246 79.9643 8.90378 71.0606 369.282 351.61 17.6721
internal_count=1215 196 35 161 1019 983 36
is_linear=0
shrinkage=0.05


Tree=88
num_leaves=8
num_cat=0
split_feature=2 27 12 40 59 2 49
split_gain=4.56786 11.3698 18.3996 17.1728 7.74888 7.84786 2.35204
threshold=5281.9299316406259 3248.0000000000005 233555.13281250003 -0.89149260520935047 0.64888110756874096 6181.8549804687509 0.69535994529724132
decision_type=2 2 2 2 2 2 2
left_child=1 2 -1 -3 6 -6 -2
right_child=4 3 -4 -5 5 -7 -8
leaf_value=0.015418853547949847 -0.075340167546624218 -0.04561540362808994 -0.034862739578462407 0.039726635207201162 -0.036342432810605667 0.00046368558262219146 -0.0080818592140147888
leaf_weight=49.444508582353592 4.6711763665080062 6.8067268878221503 28.756597250699997 41.950525507330894 15.207237809896467 299.8114253282547 2.0442514270544052
leaf_count=120 23 23 99 78 56 809 7
internal_value=0.000710525 0.00875016 -0.00300707 0.02771 -0.00244643 -0.00129722 -0.0556105
internal_weight=448.692 126.958 78.2011 48.7573 321.734 315.019 6.71543
internal_count=1215 320 219 101 895 865 30
is_linear=0
shrinkage=0.05


Tree=89
num_leaves=8
num_cat=0
split_feature=48 56 6 17 28 49 58
split_gain=4.51013 12.878 16.0402 9.99594 8.52195 7.88792 3.58827
threshold=-0.91870495676994313 -0.14696083217859265 -20655362.999999996 1.0000000180025095e-35 1049.0820312500002 -0.93851453065872181 3872.5000000000005
decision_type=2 2 2 2 2 2 2
left_child=1 2 -1 6 -5 -3 -2
right_child=3 5 -4 4 -6 -7 -8
leaf_value=-0.059660872654038702 -0.081474657490337207 0.0061282831470765263 0.065163763120512683 0.0020131834867640665 -0.024632299559106029 0.042534677536443695 -0.0047406150628468745
leaf_weight=11.098018959164618 5.2396508157253256 35.064304172992706 3.3172882348299018 331.80107312649488 32.984685070812702 26.34389428794384 2.349465623497963
leaf_count=42 23 87 5 895 110 46 7
internal_value=0.000673616 0.0117966 -0.030589 -0.00157784 -0.00038245 0.0218279 -0.0583779
internal_weight=448.198 75.8235 14.4153 372.375 364.786 61.4082 7.58912
internal_count=1215 180 47 1035 1005 133 30
is_linear=0
shrinkage=0.05


Tree=90
num_leaves=6
num_cat=0
split_feature=53 39 46 20 56
split_gain=4.46095 12.9149 8.28823 8.01882 5.23943
threshold=1.4731983542442324 2.90881359577179 2.605144858360291 854999.31250000012 1.4183701872825625
decision_type=2 2 2 2 2
left_child=2 4 3 -1 -2
right_child=1 -3 -4 -5 -6
leaf_value=0.00028271796255279353 0.062224871322178826 -0.074143575559537753 0.047432017030270224 -0.024446587765945722 0.015505443021777388
leaf_weight=365.24301557987928 7.9778610467910758 3.4922037422657004 8.6870763897895795 35.975579999387264 26.321221090853214
leaf_count=981 11 17 14 125 67
internal_value=0.000639819 0.0170838 -0.000864037 -0.00192219 0.026518
internal_weight=447.697 37.7913 409.906 401.219 34.2991
internal_count=1215 95 1120 1106 78
is_linear=0
shrinkage=0.05


Tree=91
num_leaves=7
num_cat=0
split_feature=41 31 53 31 54 21
split_gain=4.29199 16.8126 9.71256 7.88455 6.57975 5.14602
threshold=2.3073085546493535 -1.84245890378952 0.096120707690715804 11.97830390930176 -1.5110132098197935 -1.0000000180025095e-35
decision_type=2 2 2 2 2 2
left_child=3 2 -2 4 -1 -3
right_child=1 5 -4 -5 -6 -7
leaf_value=-0.038815456682147399 -0.096557016593565012 0.019570126866092247 0.023428868490441665 -0.073545359449149014 0.0010445010613415659 0.071531956581599596
leaf_weight=10.62381339818239 4.0724780708551434 10.815601095557218 2.7841237932443619 3.6735189631581298 406.26393264532089 9.0439062416553444
leaf_count=38 17 22 6 18 1103 11
internal_value=0.000609014 0.0200476 -0.0471075 -0.00061393 1.6731e-05 0.043485
internal_weight=447.277 26.7161 6.8566 420.561 416.888 19.8595
internal_count=1215 56 23 1159 1141 33
is_linear=0
shrinkage=0.05


Tree=92
num_leaves=6
num_cat=0
split_feature=54 13 53 46 23
split_gain=4.23455 13.5086 5.81323 8.48794 7.58643
threshold=6.8439464569091806 344114.26562500006 1.4731983542442324 2.605144858360291 291.50000000000006
decision_type=2 2 2 2 2
left_child=2 -2 3 -1 -4
right_child=1 -3 4 -5 -6
leaf_value=-0.0013799842060024459 -0.078100297606135197 0.036452129076168099 0.037170111440148097 0.049698841507087678 -0.013767994917612462
leaf_weight=394.20779910683632 6.2261936664581281 4.3188924640417099 23.354489102959633 8.3032440692186338 10.466279476881025
leaf_count=1083 29 9 46 13 35
internal_value=0.000579165 -0.0307095 0.0013468 -0.000313877 0.0212588
internal_weight=446.877 10.5451 436.332 402.511 33.8208
internal_count=1215 38 1177 1096 81
is_linear=0
shrinkage=0.05


Tree=93
num_leaves=8
num_cat=0
split_feature=4 4 31 71 41 22 59
split_gain=4.38237 12.4284 14.6062 9.23492 14.6291 9.85599 4.01239
threshold=11056.399902343752 18016.234375000004 -8.8371715545654279 442312.25000000006 2.3073085546493535 1375.5500488281252 0.77537697553634655
decision_type=2 2 2 2 2 2 2
left_child=3 6 -3 5 -5 -1 -2
right_child=1 2 -4 4 -6 -7 -8
leaf_value=-0.013401325718246688 0.092961522019759366 0.050948919886618427 -0.0024658681616019969 -0.063568864192525762 0.035193310326183551 0.0066473780938307849 0.033781498376648907
leaf_weight=97.467050440609455 4.056453049182891 14.125311151146887 135.22292783111334 13.899356156587602 5.0636890828609458 165.06361993402243 11.590876027941702
leaf_count=311 4 23 364 65 9 416 23
internal_value=0.000550009 0.00702976 0.00255261 -0.00323029 -0.0369328 -0.000776852 0.049443
internal_weight=446.489 164.996 149.348 281.494 18.963 262.531 15.6473
internal_count=1215 414 387 801 74 727 27
is_linear=0
shrinkage=0.05


Tree=94
num_leaves=8
num_cat=0
split_feature=0 50 59 4 71 10 53
split_gain=4.17562 5.52802 8.67903 6.53542 5.50096 8.80846 1.42587
threshold=7246.0000000000009 -0.01272198650985956 1.0039507150650027 103062.41015625001 35025.267578125007 0.00086100000771693896 0.34504830837249761
decision_type=2 2 2 2 2 2 2
left_child=4 2 -2 -3 6 -6 -1
right_child=1 3 -4 -5 5 -7 -8
leaf_value=0.019108804691248094 0.013579409803037151 -0.0029965268164776565 -0.083714835038087979 0.011959545864007159 -0.073423986605651442 0.046124794880730118 0.056855109019480238
leaf_weight=4.4076034277677554 4.1164293438196164 324.15553446114063 4.9651295468211174 94.262141391634941 3.1257403790950766 2.9996030926704407 7.7230830043554306
leaf_count=9 12 920 22 221 15 5 11
internal_value=0.000523623 -0.000464947 -0.0390634 0.000360863 0.0239467 -0.0140642 0.0435524
internal_weight=445.755 427.499 9.08156 418.418 18.256 6.12534 12.1307
internal_count=1215 1175 34 1141 40 20 20
is_linear=0
shrinkage=0.05


Tree=95
num_leaves=8
num_cat=0
split_feature=7 39 11 46 7 66 8
split_gain=4.41609 10.3726 18.4758 11.6087 7.35832 14.5659 8.1649
threshold=2.9789918661117558 1.4933415055274966 33.229999542236335 -0.1760340481996536 2.7602132558822636 -1.9342038631439207 1.5740000009536745
decision_type=2 2 2 2 2 2 2
left_child=4 2 -2 -3 6 -6 -1
right_child=1 3 -4 -5 5 -7 -8
leaf_value=0.00098753762559461336 -0.069753235691317236 -0.0095613222934453797 0.011140038832834865 0.053441119276140286 -0.09341205715722474 -0.0025446187133527061 -0.056608134917939923
leaf_weight=338.94872334599495 8.6843315809965116 10.735299602150915 37.531335525214672 22.132410734891891 6.4071117341518429 14.537300929427145 6.2669594958424559
leaf_count=923 35 28 99 34 28 42 26
internal_value=0.000498486 0.011222 -0.00395233 0.032711 -0.00180394 -0.0305806 -4.35562e-05
internal_weight=445.243 79.0834 46.2157 32.8677 366.16 20.9444 345.216
internal_count=1215 196 134 62 1019 70 949
is_linear=0
shrinkage=0.05


Tree=96
num_leaves=7
num_cat=0
split_feature=2 35 27 41 28 34
split_gain=4.21558 11.1825 16.5372 7.62451 17.8248 12.3171
threshold=5281.9299316406259 -2.1375564336776729 3248.0000000000005 -0.57384216785430897 773.12500000000011 1.4032689929008486
decision_type=2 2 2 2 2 2
left_child=1 -1 -3 4 -2 -5
right_child=3 2 -4 5 -6 -7
leaf_value=0.058870109221767712 -0.0056678199186804886 -0.012115439341605418 0.026183846561118013 -0.00045697749852973704 -0.069060022272108945 0.051866088425209393
leaf_weight=10.044838160276411 76.017561256885529 67.601861372590065 48.262507557868958 217.94835729151964 13.033969625830649 11.850660771131514
leaf_count=17 224 202 101 593 56 22
internal_value=0.00047235 0.00822825 0.00379471 -0.00257465 -0.0150023 0.00221955
internal_weight=444.76 125.909 115.864 318.851 89.0515 229.799
internal_count=1215 320 303 895 280 615
is_linear=0
shrinkage=0.05


Tree=97
num_leaves=7
num_cat=0
split_feature=37 71 53 57 53 38
split_gain=4.26689 9.93761 6.46197 22.6572 12.7875 4.65832
threshold=-3.1076372861862178 263469.79687500006 -0.81324809789657582 0.97500786185264599 -0.35909956693649286 -1.0225017666816709
decision_type=2 2 2 2 2 2
left_child=1 5 3 -2 -4 -1
right_child=2 -3 4 -5 -6 -7
leaf_value=0.015302435064585569 -0.06864050464115129 -0.044245308592715069 0.021936334142829327 -0.001051037826519362 -0.0025501812391790588 0.063004907002565239
leaf_weight=13.54887638241053 15.099615976214407 4.9079110771417609 66.66935233771801 70.22763803601265 265.25053237378597 8.6168629825115204
leaf_count=31 67 19 152 182 751 13
internal_value=0.000447583 0.0196901 -0.000789012 -0.0130704 0.00235311 0.0340722
internal_weight=444.321 27.0737 417.247 85.3273 331.92 22.1657
internal_count=1215 63 1152 249 903 44
is_linear=0
shrinkage=0.05


Tree=98
num_leaves=7
num_cat=0
split_feature=7 68 45 28 11 18
split_gain=4.13724 10.3601 11.3731 8.63171 15.5455 13.0997
threshold=3.0169098377227788 16.124301910400394 0.94706112146377575 -278.56249999999994 22.354999542236332 16.340000152587894
decision_type=2 2 2 2 2 2
left_child=3 -2 -3 5 -5 -1
right_child=1 2 -4 4 -6 -7
leaf_value=-0.089136257155395957 0.06104373215693161 0.011518189800672315 -0.056103010489717713 -0.062962462512715561 0.0064062264484141904 -0.0087139200151889144
leaf_weight=5.2942036241292945 9.1676646023988706 57.16717255115509 6.9655321165919295 8.361393213272093 230.05919838696718 126.76455946266651
leaf_count=23 13 138 31 35 609 366
internal_value=0.000423947 0.0112865 0.0040958 -0.00171174 0.0039525 -0.0119759
internal_weight=443.78 73.3004 64.1327 370.479 238.421 132.059
internal_count=1215 182 169 1033 644 389
is_linear=0
shrinkage=0.05


Tree=99
num_leaves=7
num_cat=0
split_feature=60 36 31 36 34 55
split_gain=4.17538 10.3372 11.2983 10.0393 12.608 10.8725
threshold=0.0039349163416773089 -1.5193061232566831 6.0625865459442148 1.115150570869446 1.0298599004745486 -0.38137811422348017
decision_type=2 2 2 2 2 2
left_child=3 -2 -3 4 -1 -5
right_child=1 2 -4 5 -6 -7
leaf_value=0 -0.081712953741492553 0.0015073314105136029 -0.075782070032372376 -0.033424478693454877 -0.056660978033258813 0.023891881881261647
leaf_weight=287.72161564230919 4.8673613965511313 50.843720987439156 5.2017763853073111 9.2286937832832319 10.170647695660589 75.237577393651009
leaf_count=777 22 143 25 33 41 174
internal_value=0.000401573 -0.0117428 -0.00557695 0.00234935 -0.00194972 0.0175704
internal_weight=443.271 60.9129 56.0455 382.359 297.892 84.4663
internal_count=1215 190 168 1025 818 207
is_linear=0
shrinkage=0.05


end of trees

feature_importances:
liq_short_5_mean=27
Candle=21
Agg._Liq_Long=21
ret_skew_10=20
Agg._Funding_Rate=19
cvd_delta=19
ret_skew_20=19
atr_ratio_lag1=19
Sell_Qty=18
z_oi=18
z_ls=17
z_delta_qty=17
macro_score=16
vol_regime=16
Bid_Trades=15
z_ask_qty=14
z_btc_4=13
ret_kurt_10=13
z_ask_trades=12
Delta_Qty=11
z_cvd_10=11
liq_short_5=11
ret_lag1=11
liq_long_5_mean=11
Long/Short_Ratio_(Account)=10
z_cvd_4=10
z_cvd_20=10
rsi=10
RSI=9
z_bid_qty=9
z_bid_trades=9
log_ret_1=9
atr_ratio=9
stoch_k=9
Whale_Ind=8
Ask_USD=8
Delta_USD=8
z_btc_20=8
log_ret_3=8
Agg._Liq_Short=7
btc_cvd_mom=7
z_btc_10=7
Buy_Qty=6
Bid_USD=6
log_ret_5=6
Agg._OI=5
Bid_Qty=5
Ask_Trades=5
liq_long_5=5
ret_kurt_20=5
Candle_Delta=4
cvd_accel=4
pull_ema21=4
Price_Low=3
Ask_Qty=3
btc_CVD=3
CVD=2
Net_Shorts=2
Net_Longs=2
atr=2
ema_slow=2
ema_21=2
pull_ema8=2
Price_High=1
price_atr=1
ema_8=1

parameters:
[boosting: gbdt]
[objective: binary]
[metric: binary_logloss]
[tree_learner: serial]
[device_type: cpu]
[data_sample_strategy: bagging]
[data: ]
[valid: ]
[num_iterations: 100]
[learning_rate: 0.05]
[num_leaves: 31]
[num_threads: 1]
[seed: 42]
[deterministic: 0]
[force_col_wise: 0]
[force_row_wise: 0]
[histogram_pool_size: -1]
[max_depth: 3]
[min_data_in_leaf: 10]
[min_sum_hessian_in_leaf: 0.001]
[bagging_fraction: 0.8]
[pos_bagging_fraction: 1]
[neg_bagging_fraction: 1]
[bagging_freq: 0]
[bagging_seed: 400]
[bagging_by_query: 0]
[feature_fraction: 0.8]
[feature_fraction_bynode: 1]
[feature_fraction_seed: 30056]
[extra_trees: 0]
[extra_seed: 12879]
[early_stopping_round: 0]
[early_stopping_min_delta: 0]
[first_metric_only: 0]
[max_delta_step: 0]
[lambda_l1: 0.1]
[lambda_l2: 0]
[linear_lambda: 0]
[min_gain_to_split: 0]
[drop_rate: 0.1]
[max_drop: 50]
[skip_drop: 0.5]
[xgboost_dart_mode: 0]
[uniform_drop: 0]
[drop_seed: 17869]
[top_rate: 0.2]
[other_rate: 0.1]
[min_data_per_group: 100]
[max_cat_threshold: 32]
[cat_l2: 10]
[cat_smooth: 10]
[max_cat_to_onehot: 4]
[top_k: 20]
[monotone_constraints: ]
[monotone_constraints_method: basic]
[monotone_penalty: 0]
[feature_contri: ]
[forcedsplits_filename: ]
[refit_decay_rate: 0.9]
[cegb_tradeoff: 1]
[cegb_penalty_split: 0]
[cegb_penalty_feature_lazy: ]
[cegb_penalty_feature_coupled: ]
[path_smooth: 0]
[interaction_constraints: ]
[verbosity: -1]
[saved_feature_importance_type: 0]
[use_quantized_grad: 0]
[num_grad_quant_bins: 4]
[quant_train_renew_leaf: 0]
[stochastic_rounding: 1]
[linear_tree: 0]
[max_bin: 63]
[max_bin_by_feature: ]
[min_data_in_bin: 3]
[bin_construct_sample_cnt: 200000]
[data_random_seed: 175]
[is_enable_sparse: 1]
[enable_bundle: 1]
[use_missing: 1]
[zero_as_missing: 0]
[feature_pre_filter: 1]
[pre_partition: 0]
[two_round: 0]
[header: 0]
[label_column: ]
[weight_column: ]
[group_column: ]
[ignore_column: ]
[categorical_feature: ]
[forcedbins_filename: ]
[precise_float_parser: 0]
[parser_config_file: ]
[objective_seed: 16083]
[num_class: 1]
[is_unbalance: 0]
[scale_pos_weight: 4.25974]
[sigmoid: 1]
[boost_from_average: 1]
[reg_sqrt: 0]
[alpha: 0.9]
[fair_c: 1]
[poisson_max_delta_step: 0.7]
[tweedie_variance_power: 1.5]
[lambdarank_truncation_level: 30]
[lambdarank_norm: 1]
[label_gain: ]
[lambdarank_position_bias_regularization: 0]
[eval_at: ]
[multi_error_top_k: 1]
[auc_mu_weights: ]
[num_machines: 1]
[local_listen_port: 12400]
[time_out: 120]
[machine_list_filename: ]
[machines: ]
[gpu_platform_id: -1]
[gpu_device_id: -1]
[gpu_use_dp: 0]
[num_gpu: 1]

end of parameters

pandas_categorical:[]
